5.252035140606287769e+02 3.036521882602596452e+04 2.984001531196533688e+04 2.568274802118732936e+00 -4.469136219256746045e+01 3.145539923458877820e+04
5.251990421666239399e+02 3.036385889955462699e+04 2.983865985738800373e+04 2.524733215962161825e+00 -3.183211151773544145e+01 3.141463830592574232e+04
5.249940831253045417e+02 3.037012247712102180e+04 2.984512839399571749e+04 2.492988658039730243e+00 -1.480043108482193004e+00 3.160237583714084394e+04
5.251770705102176180e+02 3.036836812290618764e+04 2.984319105239597047e+04 2.677528311162733932e+00 7.999047974058169919e-01 3.154979276849051894e+04
5.251332524826127610e+02 3.037052601135799705e+04 2.984539275887538315e+04 2.490511186750735906e+00 -2.648963352965264750e+00 3.161447092510873699e+04
5.251834594579274835e+02 3.036449907774910389e+04 2.983931561829117709e+04 2.492970807442653314e+00 1.445498828045620909e+00 3.143382631827118166e+04
5.252245900337748026e+02 3.036775581751280697e+04 2.984253122747903399e+04 2.637939427873549736e+00 -2.114115706328671518e+00 3.153144213284675061e+04
5.251809975896579772e+02 3.036350882816677040e+04 2.983832783057711276e+04 2.444309874328995047e+00 -4.436943409768010582e+01 3.140419046952389544e+04
5.251740884923428894e+02 3.036887788930331953e+04 2.984370380081097755e+04 2.506062474445780008e+00 -2.114115706328667077e+00 3.156551278013344927e+04
5.251595107175937756e+02 3.036590719508534312e+04 2.984074768436775048e+04 2.486503453877829006e+00 -3.239184191603457830e+00 3.148433624383922506e+04
6.940651295035172552e+03 1.759179101608665223e+04 1.065113972105148059e+04 2.690531059517776935e+00 1.447099764401789557e+00 1.854541331980207542e+04
4.225142490410396931e+03 7.203522875838646542e+03 2.978380385428249610e+03 2.254654853128334135e+00 2.299936910869299300e+00 8.056800360232370622e+03
1.522291000595259902e+03 3.463681400550216495e+03 1.941390399954956592e+03 2.478806235149368042e+00 1.512142440606954130e+00 4.149618411339165505e+03
4.312834521719368581e+02 2.234073835832051373e+03 1.802790383660114458e+03 1.763885757338747196e+00 1.178920888971060288e+00 2.911535145644613749e+03
3.640386264591977010e+02 2.155797139641956164e+03 1.791758513182758406e+03 1.877208147478722777e+00 1.253713044996425774e+00 2.797252398670775619e+03
3.404193779379900207e+02 2.141858577500670890e+03 1.801439199562680869e+03 1.262994883475429875e+00 1.025768903963402146e+00 2.817304541041880839e+03
3.387955953611659652e+02 2.135418676667713953e+03 1.796623081306548102e+03 1.201527599969794524e+00 1.517668643012100027e+00 2.842304692380138476e+03
3.398625590090015862e+02 2.134919704095566431e+03 1.795057145086564788e+03 1.128243828932013804e+00 1.498653014258778171e+00 2.809631045700372397e+03
3.368183938233838717e+02 2.124130342885223399e+03 1.787311949061839641e+03 1.249735285170440413e+00 1.034889771078489229e+00 2.774914735135828323e+03
3.383995602944538632e+02 2.135888835447491601e+03 1.797489275153037852e+03 1.334784754482068569e+00 1.139332871164541183e+00 2.818211729111911154e+03
3.419788962078242776e+02 2.149236362933394048e+03 1.807257466725569884e+03 1.152474744250871819e+00 1.037292457606245222e+00 2.850216288666230412e+03
3.409881228097195844e+02 2.138190041601394569e+03 1.797201918791674871e+03 1.322593451986850077e+00 1.010120042041122046e+00 2.812721124994428919e+03
3.375779669931362719e+02 2.124453942532013571e+03 1.786875975538877356e+03 1.304341065810833422e+00 1.282961888343821633e+00 2.776406345016378509e+03
4.191616602882947973e+02 2.227082724736877935e+03 1.807921064448583138e+03 1.501040545919307467e+00 9.649300268269801473e-01 2.932232995748020585e+03
1.156936355686636034e+03 3.030639960351935770e+03 1.873703604665299736e+03 2.386382633812129228e+00 1.289723210374875251e+00 3.757771558322781857e+03
2.720201819173225431e+03 4.932422909565321788e+03 2.212221090392096357e+03 2.241820606120581871e+00 2.398700818713951577e+00 5.748832662670441096e+03
5.164298167183584155e+03 8.821749865114979912e+03 3.657451697931395756e+03 2.602904830489178423e+00 3.104169122660482838e+00 9.732903257696758374e+03
6.265737642246181167e+03 1.153081624888372426e+04 5.265078606637543089e+03 2.357902624229919919e+00 5.868607562021408430e-01 1.235373526752890939e+04
6.804549942548899708e+03 1.388790869547403418e+04 7.083358752925134468e+03 2.418183812378851272e+00 -1.119071604685892618e+00 1.460298602547657538e+04
6.979664182404330859e+03 1.554599808646320889e+04 8.566333904058878034e+03 2.338542682169245879e+00 -1.311718873900349580e+00 1.631935121424801582e+04
