5.251514976772033378e+02 3.036396373893042619e+04 2.983881224125322115e+04 2.468185443742614726e+00 -2.114115706328661304e+00 3.141778064516891391e+04
5.251644445161626891e+02 3.036848486141352259e+04 2.984332041689736070e+04 2.389852448047744549e+00 -4.594922802969017539e+01 3.155329175911118728e+04
5.252147718651272044e+02 3.036776282323327541e+04 2.984254805136814684e+04 2.605551901102236556e+00 -1.480043108482126613e+00 3.153165018702933958e+04
5.252115005259990994e+02 3.036417138653786969e+04 2.983895988601187128e+04 2.461278815290981026e+00 -3.239184191603484919e+00 3.142400444439099738e+04
5.251885305302092775e+02 3.036498002737416755e+04 2.983979149684395816e+04 2.726232706961889907e+00 -1.480043108482174796e+00 3.144824174853153090e+04
5.251959636686168551e+02 3.036475284236767766e+04 2.983955687869906251e+04 2.400309883831317048e+00 -2.114115706328662636e+00 3.144143237755553491e+04
5.251521537236027370e+02 3.036452682066818670e+04 2.983937466694458271e+04 2.483366842877160252e+00 -1.480043108482187231e+00 3.143465973292483977e+04
5.251538499538270344e+02 3.036754257558087920e+04 2.984238872562705365e+04 2.551736356348470292e+00 -1.480043108482181013e+00 3.152509389941991321e+04
5.251456373397022617e+02 3.037011612738712574e+04 2.984497049004742439e+04 2.613852507049204021e+00 -1.480043108482203662e+00 3.160262599518206116e+04
5.251593918742240703e+02 3.036930014305060104e+04 2.984414075117637549e+04 2.489709379498018738e+00 -2.114115706328670186e+00 3.158583648870949401e+04
6.936515974422567524e+03 1.753608738961147174e+04 1.059957141518890421e+04 2.383153550622941985e+00 1.570814674386000753e+00 1.843655102628423992e+04
4.402673497327137738e+03 7.496349379866406707e+03 3.093675882539268969e+03 2.488253060831846497e+00 2.213347690209771290e+00 8.243016716746165912e+03
1.567657245324226324e+03 3.516325052889905692e+03 1.948667807565679368e+03 2.300215325296660396e+00 1.740258270138330898e+00 4.216914124735212681e+03
4.214194695890240041e+02 2.229136367383454399e+03 1.807716897794430452e+03 2.033582581203805528e+00 9.859872168853506258e-01 2.914029288591470959e+03
3.524516024215370180e+02 2.155537986459792592e+03 1.803086384038255574e+03 1.225761737044047672e+00 1.061022199459506155e+00 2.843379791158284206e+03
3.379584261881389580e+02 2.137082896881421675e+03 1.799124470693282774e+03 1.238128174283241956e+00 1.212609920674119879e+00 2.841189839767510875e+03
3.402877528534045268e+02 2.139612467570627359e+03 1.799324714717222832e+03 1.101526146443309262e+00 1.109870212493097030e+00 2.800808947018116669e+03
3.371322693696187116e+02 2.134619005627369916e+03 1.797486736257751090e+03 1.404947652853359097e+00 1.170681889853988134e+00 2.821759953954079720e+03
3.346243554599879531e+02 2.110571422157845973e+03 1.775947066697857963e+03 1.152287670742671910e+00 1.131354335545227352e+00 2.685765427764766628e+03
3.410188802683489371e+02 2.134879883823818545e+03 1.793861003555469551e+03 1.179342770819223452e+00 1.292697208737840553e+00 2.794265193681813798e+03
3.398345762588431285e+02 2.137488006979016973e+03 1.797653430720173901e+03 1.130624340475603562e+00 1.609019157003468870e+00 2.830124087001589942e+03
3.372077830469578430e+02 2.131573601378069725e+03 1.794365818331111768e+03 1.167337054965194021e+00 8.252470363406100295e-01 2.779659788749965628e+03
3.775208464265355133e+02 2.185115800335621316e+03 1.807594953909085689e+03 1.080072638676668140e+00 9.397004650474493070e-01 2.877927914342479198e+03
5.426294255872684289e+02 2.344216328625509504e+03 1.801586903038240962e+03 1.840490725631355851e+00 1.221519320885146476e+00 3.016326305123998736e+03
1.121846865869840485e+03 2.990152474293173782e+03 1.868305608423333297e+03 2.133013706365072704e+00 1.660314103450052814e+00 3.787529152674615034e+03
2.867707206693829448e+03 5.119271940939349406e+03 2.251564734245519958e+03 2.229208239089113253e+00 2.602199468976182040e+00 5.980852033495280011e+03
5.137901250042912579e+03 8.781778361571317873e+03 3.643877111528405294e+03 2.360252587269652480e+00 3.027828679821427560e+00 9.617055083627823478e+03
6.438210485835553300e+03 1.213078712500850088e+04 5.692576639172947580e+03 2.420417718381037364e+00 -1.044465380689518330e+00 1.295971557694982948e+04
6.861257771776879054e+03 1.427452766249431443e+04 7.413269890717435374e+03 2.360774886547744700e+00 -1.309471698442960852e+00 1.497647751829430490e+04
6.952908775332466575e+03 1.517950812112191488e+04 8.226599345789447398e+03 2.425922535966604787e+00 -1.109415874839237093e+00 1.599067327943310920e+04
