5.251821317033810601e+02 3.036667097606247262e+04 2.984148884435908985e+04 2.545411334023865546e+00 -1.480043108482181013e+00 3.149892437016883559e+04
5.252209663584711734e+02 3.036619114804440687e+04 2.984097018168593422e+04 2.438119144014091244e+00 -1.480043108482188119e+00 3.148454253701539346e+04
5.251591139366325933e+02 3.036429595744356629e+04 2.983913684350693438e+04 2.524791231518626056e+00 7.999047974058169919e-01 3.142773819464167900e+04
5.251632620436749903e+02 3.036598647309094304e+04 2.984082321104726725e+04 2.585064404376891556e+00 -1.480043108482196557e+00 3.147840783682974870e+04
5.251853044881405594e+02 3.036566086193655065e+04 2.984047555744841156e+04 2.600818019651256918e+00 -1.673976768990293706e+01 3.146864832904230934e+04
5.251357633196214465e+02 3.036507540039144078e+04 2.983993963707182047e+04 2.510688005089118491e+00 -1.480043108482159253e+00 3.145110037445729176e+04
5.252112577437457048e+02 3.036479544029866156e+04 2.983958418255491415e+04 2.587364424484331682e+00 7.999047974057864607e-01 3.144271105375229672e+04
5.251741606957610884e+02 3.036939671656947758e+04 2.984422255587371546e+04 2.508146836454482553e+00 -1.898917696115399956e+00 3.158066776407800717e+04
5.251640702805298133e+02 3.036584425190923139e+04 2.984068018162870067e+04 2.625578372027883578e+00 -2.114115706328660860e+00 3.147458506207300888e+04
5.251537763147495070e+02 3.036588110185801997e+04 2.984072732554327013e+04 2.509057495469566135e+00 -1.480043108482187231e+00 3.148340522464880996e+04
6.910769135803300742e+03 1.787858529481871301e+04 1.096781615901541227e+04 2.428946776605835023e+00 1.726561805255068860e+00 1.886105910230914378e+04
4.314157718989966270e+03 7.316912694597308473e+03 3.002754975607342203e+03 2.602981726552910491e+00 2.486947241420640164e+00 7.985352095846330485e+03
1.342469415255654667e+03 3.250545849953304696e+03 1.908076434697650029e+03 2.325577306566598779e+00 1.658659189787639709e+00 3.941320472240188792e+03
3.778084040201072185e+02 2.177764197216391949e+03 1.799955793196284731e+03 1.861557920268124944e+00 1.309257207108467158e+00 2.847901070144629102e+03
3.801291127389647500e+02 2.174343443482804560e+03 1.794214330743839810e+03 1.741310754793009563e+00 1.385941194127733533e+00 2.855457615867105233e+03
3.374025385023071522e+02 2.136792983701359390e+03 1.799390445199052238e+03 1.083831345679913793e+00 1.201381322568309207e+00 2.812193658870663512e+03
3.382761638831933055e+02 2.142538802660732472e+03 1.804262638777539223e+03 1.455875665314516842e+00 1.059701278771225441e+00 2.840797802566900828e+03
3.408476115111688500e+02 2.137905924381242585e+03 1.797058312870073678e+03 1.551775269901096266e+00 1.108679772534108432e+00 2.836826273463411781e+03
3.389684640653144356e+02 2.141781581127835580e+03 1.802813117062521087e+03 1.090825377985749300e+00 1.157931600766726632e+00 2.836405349645737715e+03
3.367644072097434673e+02 2.128550379712589802e+03 1.791785972502846334e+03 1.249113771564667630e+00 1.225287599350048273e+00 2.786939956495481511e+03
3.373928458597422377e+02 2.129055034781395534e+03 1.791662188921653296e+03 1.201584230723836022e+00 1.301763308149499698e+00 2.784140783185239798e+03
3.423926833269554209e+02 2.145098155424152537e+03 1.802705472097197116e+03 1.346729442205479854e+00 9.961017327054487724e-01 2.816034412121793139e+03
3.513594327618556576e+02 2.157057821983258236e+03 1.805698389221402522e+03 1.425995770603261770e+00 1.113700632434261317e+00 2.885024828689092828e+03
5.123041256693354626e+02 2.325935166696960096e+03 1.813631041027624633e+03 1.709363178522409044e+00 1.056865145183861765e+00 3.059994554109856836e+03
1.341581457899068255e+03 3.235750212853323319e+03 1.894168754954255064e+03 2.307942072829177516e+00 1.674144066077403847e+00 4.009505618333289476e+03
2.798702403897813838e+03 5.028291477460327769e+03 2.229589073562513931e+03 2.312422420713506899e+00 2.195191996407752200e+00 5.872201818242050649e+03
5.128408304284049336e+03 8.753534223785647555e+03 3.625125919501598219e+03 2.590389686627470045e+00 2.927934866035036165e+00 9.625855309448159460e+03
6.206828019646475695e+03 1.132833944474746568e+04 5.121511425100989982e+03 2.333639517038275546e+00 -5.198049436456072536e-01 1.207024038753836976e+04
6.860343465991694757e+03 1.426073142937524062e+04 7.400387963383545866e+03 2.443597124306359003e+00 -9.982127321531987230e-01 1.499157316342199920e+04
6.979597761066745079e+03 1.556342569170676688e+04 8.583827930640021805e+03 2.567519867829215041e+00 -7.233284142657422366e-01 1.637934984211814844e+04
