5.251075582936360888e+02 3.036557800458638303e+04 2.984047044629274751e+04 2.474703358003768283e+00 -2.114115706328661304e+00 3.146616485463270146e+04
5.251904497263203666e+02 3.036982154790307322e+04 2.984463109817675286e+04 2.526697754123462314e+00 -3.239184191603486251e+00 3.159335611832162613e+04
5.252248368661036011e+02 3.036575613181421795e+04 2.984053129494811583e+04 2.350921951973617308e+00 -2.114115706328661304e+00 3.147150384271922667e+04
5.251785864366203214e+02 3.036940991720035527e+04 2.984423133076373415e+04 2.526044042927577671e+00 -2.114115706328663524e+00 3.158101835590217161e+04
5.251095202360497751e+02 3.036652744151618026e+04 2.984141792128013185e+04 2.577186522168764427e+00 -1.480043108482181013e+00 3.149462222481532444e+04
5.251778985114441411e+02 3.036747485535822125e+04 2.984229695684677790e+04 2.565634227489753894e+00 -1.468521675688837291e+00 3.152301897815755365e+04
5.251505031398553456e+02 3.037123869980634117e+04 2.984608819666648560e+04 2.493538160322950059e+00 -1.468521675688846839e+00 3.163583416926631980e+04
5.250769508546214865e+02 3.036316100575929886e+04 2.983808405490467703e+04 2.414200654944708369e+00 7.999047974057938992e-01 3.139376573256491247e+04
5.251962765764253618e+02 3.036549338456790792e+04 2.984029710799148233e+04 2.505820063425970634e+00 -1.468521675688835737e+00 3.146407312921906487e+04
5.252175889176121473e+02 3.036423723983075615e+04 2.983901965091314560e+04 2.535221093154477412e+00 -1.480043108482179237e+00 3.143407664501083491e+04
6.926696977174122367e+03 1.773633713073882245e+04 1.080964015356470009e+04 2.518224014376646114e+00 2.028125880814843907e+00 1.860717737273179591e+04
4.000467649653300214e+03 6.827780898874179002e+03 2.827313249220878788e+03 2.430615803845826317e+00 2.376855706458715023e+00 7.563947382812254546e+03
1.487547451231895138e+03 3.418858668424843927e+03 1.931311217192948789e+03 2.113439876952408536e+00 1.607605061788346612e+00 4.095380580509439369e+03
4.673445963538491696e+02 2.279283534144215082e+03 1.811938937790365799e+03 1.916929277314390667e+00 1.063874836835643878e+00 2.981761044818154460e+03
3.639489450541001929e+02 2.165411107896818066e+03 1.801462162842717817e+03 1.822673089950534120e+00 1.193447581566271953e+00 2.843682576449192311e+03
3.377999374271484498e+02 2.127021164807556033e+03 1.789221227380407527e+03 1.054818651092491733e+00 1.295839410349189036e+00 2.750200253745279497e+03
3.409531813755220924e+02 2.142005642185009037e+03 1.801052460809487002e+03 1.596945884815111683e+00 1.104202244408763578e+00 2.804939221221095977e+03
3.355795078158525939e+02 2.127519647933600936e+03 1.791940140117748342e+03 1.157526342727271285e+00 1.113911545055845442e+00 2.774002862669167826e+03
3.363329633469728037e+02 2.130389464274192051e+03 1.794056500927219304e+03 1.075413894546956683e+00 8.924553503473008353e-01 2.770023253384933923e+03
3.375402301022922416e+02 2.138497788542097624e+03 1.800957558439805325e+03 1.143773098123198828e+00 1.105514460560128809e+00 2.819263081961917578e+03
3.396805008538611901e+02 2.135801529307948840e+03 1.796121028454087536e+03 1.355853564765788333e+00 1.061202851225335086e+00 2.814389309007693100e+03
3.393022611002224949e+02 2.131423320768897156e+03 1.792121059668674661e+03 1.356733212670051314e+00 1.139618528136062903e+00 2.777085422831391952e+03
4.048854038000523019e+02 2.207282379364918597e+03 1.802396975564866352e+03 1.790785563287091264e+00 9.263592791053932851e-01 2.901712509868847064e+03
4.969850564689150474e+02 2.304918365510437525e+03 1.807933309041522534e+03 2.161046319354979151e+00 1.252097107526817910e+00 3.013523896880196389e+03
1.290198075688377685e+03 3.181201440152447503e+03 1.891003364464069818e+03 2.287491949155052939e+00 1.811331642957757282e+00 3.942387676956490395e+03
3.023588359438844691e+03 5.324530241972306612e+03 2.300941882533461921e+03 2.416080484873100342e+00 2.649714613771907423e+00 6.168713059499598785e+03
5.240203831777683263e+03 8.991342135188971952e+03 3.751138303411288689e+03 2.443374879271182021e+00 3.099235767042069156e+00 9.860373644149545726e+03
6.352970410886030550e+03 1.183394455656948412e+04 5.480974145683453571e+03 2.434615711960973261e+00 -8.700857779397305203e-01 1.266141536458000519e+04
6.891902548952161851e+03 1.456970288324855937e+04 7.677800334296397523e+03 2.406871352797779640e+00 -1.181239675717875137e+00 1.531596390349876128e+04
6.952929170520750631e+03 1.532539810563436913e+04 8.372468935113618500e+03 2.595378992909747051e+00 -7.677091331856450429e-01 1.607340698755218000e+04
