5.250780288536116132e+02 3.036823564610137691e+04 2.984315761724776530e+04 2.582476890491182342e+00 -2.114115706328673294e+00 3.154582205558492569e+04
5.251241486831555676e+02 3.036679337366553227e+04 2.984166922498237545e+04 2.544455399511685645e+00 -2.114115706328661304e+00 3.150259298025759199e+04
5.251124192293993929e+02 3.036889233928690010e+04 2.984377992005749911e+04 2.607527457727525810e+00 -1.480043108482174796e+00 3.156550504922354958e+04
5.251795766760707238e+02 3.036607375414943817e+04 2.984089417747336847e+04 2.404415147738945269e+00 -2.114115706328671074e+00 3.148102390252965051e+04
5.251180538576594472e+02 3.036686283467082467e+04 2.984174478081316556e+04 2.435491553857783931e+00 -1.468521675688831296e+00 3.150467492747584038e+04
5.251992906469681657e+02 3.036646104482094233e+04 2.984126175417397462e+04 2.465439686384327533e+00 -2.114115706328663524e+00 3.149263214470463208e+04
5.251985112112648721e+02 3.036777170630054388e+04 2.984257319508928049e+04 2.639248476490402950e+00 -2.114115706328661304e+00 3.153191834192676106e+04
5.251781704030158835e+02 3.036357098231081545e+04 2.983839281190780093e+04 2.574918214361986646e+00 -3.239184191603423191e+00 3.140605348076192240e+04
5.252039338364419336e+02 3.036646543099411065e+04 2.984126149715766951e+04 2.525743705977284481e+00 -1.468521675688857941e+00 3.149320333626325009e+04
5.251470871835792877e+02 3.036941155045944470e+04 2.984426446327586382e+04 2.663150128361797542e+00 -1.898917696115404175e+00 3.158890948331633263e+04
6.943828412792665404e+03 1.758834523730636283e+04 1.064451682451369743e+04 2.493404333107570814e+00 1.740838111069391125e+00 1.850919638072239468e+04
4.200580282556798920e+03 7.143772193754302862e+03 2.943191911197503941e+03 2.445220638409188130e+00 2.324280049986966912e+00 7.830431748371523099e+03
1.305753007008953318e+03 3.205461711063378061e+03 1.899708704054424743e+03 2.446378245857654399e+00 1.497553066677734135e+00 3.912897906014671207e+03
4.980848100188206331e+02 2.299534044491466830e+03 1.801449234472646140e+03 2.166468970332938948e+00 1.410736789603318497e+00 2.954285795402125586e+03
3.419854319678042884e+02 2.144983383358761785e+03 1.802997951390957496e+03 1.439746838654267114e+00 6.840188361355478142e-01 2.814766433422096725e+03
3.372978337626703365e+02 2.130805551207504323e+03 1.793507717444834043e+03 1.348863422313120397e+00 1.253419909783441311e+00 2.773704360145128703e+03
3.377300617743480302e+02 2.133270189895298245e+03 1.795540128120950158e+03 1.218809968192548832e+00 7.989264614942065412e-01 2.756943346484380982e+03
3.375650227738272520e+02 2.134279695506429107e+03 1.796714672732601912e+03 1.110206763818951670e+00 1.081991459819852786e+00 2.807437005862934711e+03
3.393233371583635289e+02 2.138266296570265240e+03 1.798942959411901711e+03 1.601927863087938109e+00 1.188700490124190212e+00 2.824750723069427750e+03
3.381706537798575027e+02 2.128016271952435545e+03 1.789845618172578043e+03 1.248489046741571240e+00 1.439813377700040808e+00 2.815138093486370053e+03
3.414650655527676690e+02 2.148988553139906344e+03 1.807523487587138789e+03 1.048338820860270859e+00 9.089985207481930951e-01 2.853819837886552705e+03
3.389545854902138444e+02 2.131372580041778747e+03 1.792417994551564789e+03 1.184339432520156832e+00 8.818830017830302515e-01 2.761724654386248858e+03
3.666562740704407588e+02 2.172744759918316959e+03 1.806088485847876200e+03 1.068461970267852612e+00 1.084711623261729763e+00 2.838897398903693102e+03
6.529782112433401835e+02 2.478490771942276751e+03 1.825512560698936568e+03 2.408295578205060572e+00 1.064329407819743167e+00 3.194474002730125903e+03
1.382458007929778432e+03 3.291030124796952805e+03 1.908572116867174373e+03 2.335868403086646339e+00 1.417426347461504754e+00 4.088705527591348527e+03
2.708556793006171119e+03 4.907727588994641337e+03 2.199170795988470218e+03 2.309106944917744819e+00 2.421405571983955340e+00 5.709709837718025483e+03
5.032099854115122071e+03 8.549471358483682707e+03 3.517371504368560636e+03 2.431453080527495647e+00 2.953994279277087909e+00 9.370383819584902085e+03
6.500952954895980838e+03 1.238078650409744478e+04 5.879833549201463939e+03 2.619249751935785131e+00 -7.971647930404440752e-01 1.319351566634230403e+04
6.850421527176466952e+03 1.421143335511710939e+04 7.361011827940642434e+03 2.415260150813006490e+00 -1.433188983484130929e+00 1.494979505703120776e+04
6.927138657227529620e+03 1.494908521374840711e+04 8.021946556520877493e+03 2.484434894150450379e+00 -1.118443320635379212e+00 1.558569494239436972e+04
