5.251287454460388062e+02 3.036458505546740707e+04 2.983945631002136724e+04 2.686536967103256845e+00 -4.436943409768009161e+01 3.143640329835755983e+04
5.251646545006384486e+02 3.037063327376778034e+04 2.984546861926714337e+04 2.500472056383223673e+00 -2.058742514327038808e+00 3.161768588964796072e+04
5.251801265770428699e+02 3.036782817187095861e+04 2.984264804529391404e+04 2.584525583557840012e+00 -4.442010179549510696e+01 3.153360887465955238e+04
5.251636263387141526e+02 3.036502946520965997e+04 2.983986583887094457e+04 2.519222236911592194e+00 -1.577650677154821501e+01 3.144972354337427896e+04
5.251656037598510238e+02 3.036457498163689888e+04 2.983940937787704752e+04 2.631898530562358562e+00 -1.480043108482139269e+00 3.143610135657187493e+04
5.252138094926600616e+02 3.036816299824974340e+04 2.984294918875708390e+04 2.422579276289400063e+00 -2.066423469522638001e+00 3.154364461022030446e+04
5.251257388137813678e+02 3.036675868821281983e+04 2.984163294939903790e+04 2.525484663374824024e+00 -3.239184191603429408e+00 3.150155528661403878e+04
5.252074218430803967e+02 3.036648965384738403e+04 2.984128223200430511e+04 2.662132002988450097e+00 -1.480043108482187009e+00 3.149353450067619997e+04
5.251106981703787824e+02 3.036143427453518234e+04 2.983632357636480447e+04 2.419998679932049424e+00 1.445498828045637341e+00 3.134240731552407306e+04
5.251006931786573659e+02 3.036834402940774453e+04 2.984324333622908671e+04 2.655631691471953104e+00 -3.239184191603493357e+00 3.155713600255384881e+04
6.935493198548766486e+03 1.755534296970683863e+04 1.061984977115807123e+04 2.447947649389782043e+00 2.076292867399674780e+00 1.846583155220466870e+04
4.232825508730490583e+03 7.196891992059654513e+03 2.964066483329163930e+03 2.217624770574173620e+00 2.371545401181283097e+00 7.993572290099442398e+03
1.340309943840418555e+03 3.248423817181488175e+03 1.908113873341069620e+03 2.280132826513291633e+00 1.821890363013958458e+00 3.959384577504456047e+03
3.831931035348939076e+02 2.196746965024936344e+03 1.813553861490042436e+03 1.636013602067463601e+00 8.776771476409640504e-01 2.924815033668392516e+03
3.785079362779941334e+02 2.173116504949913633e+03 1.794608568671919556e+03 1.792574199962706727e+00 1.299987610845841246e+00 2.826917822017619073e+03
3.428867193159277349e+02 2.142312462289454743e+03 1.799425742973527122e+03 1.274627161501225459e+00 1.114216022348198054e+00 2.845582091877580751e+03
3.407963463207185555e+02 2.137083295717079181e+03 1.796286949396360569e+03 1.329888122328763744e+00 1.174748825129120489e+00 2.812554356461937914e+03
3.404534213199953570e+02 2.139060425093351114e+03 1.798607003773355700e+03 1.295421736709535310e+00 1.078890977820630592e+00 2.808270003207822356e+03
3.388235470894380228e+02 2.125735655182117171e+03 1.786912108092679091e+03 1.235787686784191486e+00 1.258479036941650087e+00 2.785674990084793990e+03
3.393363892897373262e+02 2.137127876083590309e+03 1.797791486793852982e+03 1.366765754020304646e+00 1.123056775519556405e+00 2.828049586127792736e+03
3.371311325051902372e+02 2.132512553001182368e+03 1.795381420495992188e+03 1.234569502980531697e+00 1.328765005709092506e+00 2.793587461014456949e+03
3.404781291101239162e+02 2.133983105872800934e+03 1.793504976762676961e+03 1.213441344862461468e+00 1.260368944650380296e+00 2.834712502334429701e+03
3.942472937632789467e+02 2.201307098415545624e+03 1.807059804652266621e+03 1.462491067768539210e+00 1.099144790164263474e+00 2.883606158219932240e+03
4.439347976973879213e+02 2.255487368867344230e+03 1.811552571169956309e+03 1.477728385438984660e+00 1.135741158978444965e+00 2.988167536755091533e+03
1.253117713076977452e+03 3.123736112947224683e+03 1.870618399870247231e+03 2.211528755220103282e+00 1.883143937558885872e+00 3.841625566949649510e+03
3.116732456660049593e+03 5.449776053297852741e+03 2.333043596637803148e+03 2.317081835951934732e+00 2.604512152162128391e+00 6.334732719911217828e+03
4.995422263636687603e+03 8.490519689333248607e+03 3.495097425696561004e+03 2.517729717595751815e+00 3.046852641794694616e+00 9.322022458498433480e+03
6.429603452132234452e+03 1.212166374258628821e+04 5.692060290454053757e+03 2.346123474478672755e+00 -1.468387150972739308e+00 1.297063918241628198e+04
6.719739022548747016e+03 1.339795977868344744e+04 6.678220756134700423e+03 2.340293454302101228e+00 -1.551472010395603007e+00 1.408362177672933103e+04
6.931367039656825909e+03 1.488422114473999682e+04 7.952854105083170907e+03 2.443116741523077895e+00 -9.749366021947638572e-01 1.569106305188255646e+04
