5.250471698382946215e+02 3.036546274661951247e+04 2.984041557678121899e+04 2.419083825545822908e+00 -1.480043108482193892e+00 3.146271024009163011e+04
5.251917306036923492e+02 3.036643995377524334e+04 2.984124822317155122e+04 2.512647807053582927e+00 -1.480043108482177461e+00 3.149199996420569732e+04
5.251560858253521928e+02 3.036744680040587991e+04 2.984229071458052931e+04 2.522381176644037826e+00 -4.452143719112515896e+01 3.152217806909197679e+04
5.251684901630953846e+02 3.036495485544975600e+04 2.983978636528666175e+04 2.484935794781686358e+00 -3.239184191603457830e+00 3.144748727313236304e+04
5.252122488726895426e+02 3.036518802532607515e+04 2.983997577645338606e+04 2.572294602029828958e+00 -1.480043108482205882e+00 3.145447604858959312e+04
5.251789652350275901e+02 3.036431771879170265e+04 2.983913875355667551e+04 2.435165680961372203e+00 -1.480043108482185010e+00 3.142839046598235655e+04
5.251795019109608802e+02 3.036871628505895205e+04 2.984353678314799254e+04 2.490963507380731912e+00 -2.114115706328659527e+00 3.156023010679216532e+04
5.251836298290365903e+02 3.036217481105718980e+04 2.983699118122815344e+04 2.448315398909048923e+00 -1.480043108482181013e+00 3.136420646557128566e+04
5.251626900043568185e+02 3.036704577239916034e+04 2.984188308239480466e+04 2.492756818347375170e+00 7.999047974057997834e-01 3.151059771329657451e+04
5.251917735574971857e+02 3.036690680529565725e+04 2.984171503173816018e+04 2.524663983337843476e+00 1.445498828045627349e+00 3.151403870075464511e+04
6.929458477809634132e+03 1.774559541304198865e+04 1.081613693523235452e+04 2.451607570843302053e+00 1.849338623036458573e+00 1.865569879435232360e+04
4.175360050535152368e+03 7.109544971870990594e+03 2.934184921335838226e+03 2.300107679696432594e+00 2.396257111990454103e+00 7.878496686593583036e+03
1.558410771572428530e+03 3.515291094665271885e+03 1.956880323092843355e+03 2.275634123075048532e+00 1.592369038336261200e+00 4.230473064803930356e+03
4.433033192523347452e+02 2.244104591085945231e+03 1.800801271833610372e+03 1.802607347065948273e+00 1.303929149321573666e+00 2.919353317864467499e+03
3.528561260788258096e+02 2.151642315407888418e+03 1.798786189329062609e+03 1.982004730949567417e+00 1.073317140576197204e+00 2.810588272511775813e+03
3.371010803288437501e+02 2.136419152215058148e+03 1.799318071886214511e+03 1.372011217128451088e+00 1.249461085272004501e+00 2.829581387363537488e+03
3.438031639455663253e+02 2.144298539861814334e+03 1.800495375916248122e+03 1.413029796906550395e+00 1.052543168364584059e+00 2.822569020035401081e+03
3.367514443328631160e+02 2.118763587905814347e+03 1.782012143572951118e+03 1.052973455506867273e+00 1.267389556918222970e+00 2.762344794972807904e+03
3.378843475852946199e+02 2.141970224692906868e+03 1.804085877107612305e+03 1.073830481208391197e+00 1.200861779284732700e+00 2.827645405192135058e+03
3.407611527071969135e+02 2.133502396679965841e+03 1.792741243972768871e+03 1.212213858901056041e+00 9.909879165127054579e-01 2.782830326101285664e+03
3.379287658347489582e+02 2.129705535370592315e+03 1.791776769535843414e+03 1.740717811099620649e+00 1.148750447025899568e+00 2.759548968252034228e+03
3.387120654694128916e+02 2.135360376252176593e+03 1.796648310782763701e+03 1.301538863405597324e+00 1.167307928421832175e+00 2.802458239746158142e+03
3.900832354622760363e+02 2.188873697553705824e+03 1.798790462091429845e+03 1.200876845415353111e+00 1.150031304295540791e+00 2.859677371424489593e+03
4.558733122088535197e+02 2.266156537718055006e+03 1.810283225509201429e+03 1.957086291583280291e+00 1.150671476079992539e+00 2.976468115060791206e+03
1.256769881894270839e+03 3.145562576436727340e+03 1.888792694542456502e+03 2.182594316428382530e+00 1.801793098240034752e+00 3.928377386463395396e+03
2.930548669788337520e+03 5.195388458210517456e+03 2.264839788422179936e+03 2.362578602758123036e+00 2.573274549010889700e+00 6.026072501226017266e+03
5.339114829154756990e+03 9.193067537685876232e+03 3.853952708531119242e+03 2.412752843090624655e+00 3.036011667348368803e+00 1.007248508258738730e+04
6.273127198613338805e+03 1.157398253273933005e+04 5.300855334125991249e+03 2.540235885648872038e+00 -1.017304249069516109e+00 1.231307917080553671e+04
6.844674800227638116e+03 1.413626651801480148e+04 7.291591717787163361e+03 2.515828980839843076e+00 -1.528951066053739538e+00 1.480791345077294500e+04
6.963076041811190407e+03 1.547954695796516899e+04 8.516470916153979488e+03 2.428366466020714043e+00 -7.920038493187083750e-01 1.628481082610763951e+04
