5.251955774549153375e+02 3.036856539147690273e+04 2.984336981402198580e+04 2.552809651784680778e+00 -2.114115706328649313e+00 3.155570547796860046e+04
5.250905599304426232e+02 3.036581707708886097e+04 2.984072651715841857e+04 2.545556580990161688e+00 -1.480043108482169911e+00 3.147333054882572469e+04
5.251470405880140788e+02 3.036504228970014447e+04 2.983989524911213084e+04 2.472809178967877219e+00 -1.480043108482181013e+00 3.145010793043801095e+04
5.251953291781080679e+02 3.036491633530042600e+04 2.983972100612231952e+04 2.740525581972287572e+00 -1.480043108482120617e+00 3.144633271287296520e+04
5.251607726657069861e+02 3.036435404977186772e+04 2.983919327710616199e+04 2.477210723764336375e+00 -1.480043108482181013e+00 3.142947938973491910e+04
5.252251910604254590e+02 3.036664975629353285e+04 2.984142456523310830e+04 2.468128069120940626e+00 -2.114115706328663524e+00 3.149828837332093099e+04
5.251789611628200873e+02 3.036560386768488388e+04 2.984042490652206470e+04 2.506133264322683463e+00 -2.114115706328670186e+00 3.146694192198804740e+04
5.251387227990933297e+02 3.036623610494680179e+04 2.984109738214770914e+04 2.529055942692977954e+00 -1.468521675688844397e+00 3.148593458996337722e+04
5.252188763730033543e+02 3.036691881201866272e+04 2.984169993564565812e+04 2.502274897802157394e+00 1.445498828045631790e+00 3.150679598396688016e+04
5.252449991836671188e+02 3.036956053696083109e+04 2.984431553777716545e+04 2.424403828504366754e+00 -2.114115706328673294e+00 3.159380288861536246e+04
6.939646971271313305e+03 1.749585526413188927e+04 1.055620829286057597e+04 2.386855824062717790e+00 1.891929772201024873e+00 1.838953730319499664e+04
4.284002533264402700e+03 7.285821769279862565e+03 3.001819236015459865e+03 2.426958856778593354e+00 2.374499392232368944e+00 8.010264434950221585e+03
1.375747364854224088e+03 3.298487190591948547e+03 1.922739825737724459e+03 2.407883344133994630e+00 1.616476630327612796e+00 4.046855748937930002e+03
4.324753690034882538e+02 2.236480871062685310e+03 1.804005502059197170e+03 1.994761085932711397e+00 1.245446062661333508e+00 2.912916455294984189e+03
3.839650798185634812e+02 2.186063008902127422e+03 1.802097929083563940e+03 1.554113360553147194e+00 1.096840893401277439e+00 2.880682824296610306e+03
3.350947705688840870e+02 2.130153714355983993e+03 1.795058943787099906e+03 1.291469093664652235e+00 1.490307387262751471e+00 2.834251276484028494e+03
3.400379052289984543e+02 2.144572314498760534e+03 1.804534409269762136e+03 1.246783167390145053e+00 9.862148763090820003e-01 2.839259989459746521e+03
3.399450247150501809e+02 2.139733876512643292e+03 1.799788851797592997e+03 1.174224415897931362e+00 1.362002875334400676e+00 2.826759428489503989e+03
3.403611579844244375e+02 2.149543416663878361e+03 1.809182258679453980e+03 1.111571507864823394e+00 7.976037334120279487e-01 2.839935686467725645e+03
3.409150384553137769e+02 2.143681057376725221e+03 1.802766018921411387e+03 1.324085056760265777e+00 9.360522528737837966e-01 2.825559776470483484e+03
3.359382577126844467e+02 2.126428173474649157e+03 1.790489915761964767e+03 1.494378897323931144e+00 1.302669873464284089e+00 2.805745473926017894e+03
3.522360370630131001e+02 2.151260233951669306e+03 1.799024196888656206e+03 1.097434523389839711e+00 1.054861269219008024e+00 2.839886559685304746e+03
3.866963187011634773e+02 2.178828183320769313e+03 1.792131864619605949e+03 1.706639569481364083e+00 1.186992877304125171e+00 2.842590432834580497e+03
4.665570298814539001e+02 2.264867559841029561e+03 1.798310529959575661e+03 2.137920981137180210e+00 1.242181494899383676e+00 2.911853057101774084e+03
1.232194947363175970e+03 3.109905905151751085e+03 1.877710957788575115e+03 2.105031552159656538e+00 1.844528011188494743e+00 3.909642430529802368e+03
2.909060145646547426e+03 5.171578910861547229e+03 2.262518765214999803e+03 2.276673067023192498e+00 2.618807407806728715e+00 5.966341541406216493e+03
5.209953374420245382e+03 8.911729482237053162e+03 3.701776107816807780e+03 2.509670284163875831e+00 3.084164188373159643e+00 9.832059243623445582e+03
6.425990298529693064e+03 1.210228220294280618e+04 5.676291904413113116e+03 2.517015770519972495e+00 -9.507437649681018677e-01 1.293256492723819611e+04
6.842242633935186859e+03 1.412054662126179755e+04 7.278303987326610695e+03 2.481609215475754748e+00 -1.124962157671684615e+00 1.488261350967504950e+04
6.920352883659219515e+03 1.475840513345794716e+04 7.838052249798727644e+03 2.372299328364308568e+00 -8.810930530790034299e-01 1.550471745460246530e+04
