5.251861422140260629e+02 3.036659142861836881e+04 2.984140528640434422e+04 2.560582978867764314e+00 -4.633721994139387590e+01 3.149654010325477429e+04
5.251850154095917560e+02 3.036514781839190255e+04 2.983996280298231068e+04 2.527470553126494934e+00 -1.468521675688841510e+00 3.145327093047134986e+04
5.251990189608502533e+02 3.036782780631331843e+04 2.984262878735246704e+04 2.500030070497483603e+00 -1.480043108482135494e+00 3.153359791783963010e+04
5.252365693318155309e+02 3.036670551367455482e+04 2.984146894434273781e+04 2.470862111618585377e+00 7.999047974058237642e-01 3.149995956227344868e+04
5.252004346008709490e+02 3.036573617313169962e+04 2.984053573853082708e+04 2.491313472748299507e+00 -1.480043108482198777e+00 3.147090562333132038e+04
5.250994009676622909e+02 3.037063060439238325e+04 2.984553120342472175e+04 2.404321236575918785e+00 -2.114115706328663524e+00 3.161760590145084279e+04
5.251430257969576587e+02 3.036538548746971719e+04 2.984024246167275851e+04 2.502561914754372729e+00 -4.447076949331013651e+01 3.146039646954034833e+04
5.250788615650118345e+02 3.036833191323081701e+04 2.984325305166580438e+04 2.559532492833248796e+00 -1.142775538417190928e+00 3.154875224233067638e+04
5.251604270041898417e+02 3.036807081937876865e+04 2.984291039237457881e+04 2.477072069223595019e+00 -1.480043108482183234e+00 3.154131958437590583e+04
5.250787121215848856e+02 3.036688348527530979e+04 2.984180477315372627e+04 2.499911038783984907e+00 -3.239184191603457830e+00 3.151333966198647613e+04
6.931803659788542063e+03 1.772241799182519389e+04 1.079061433203665183e+04 2.374599977925543115e+00 2.118948033386611751e+00 1.865303319601902331e+04
4.179322611192166733e+03 7.103473998942101389e+03 2.924151387749934656e+03 2.316878826627660093e+00 2.340172882767034945e+00 7.867969051591798234e+03
1.378311749858747817e+03 3.293475702351799100e+03 1.915163952493051283e+03 2.621565530663103605e+00 1.706531809966385538e+00 4.026672641840561937e+03
4.688098517291417124e+02 2.278306017045387762e+03 1.809496165316246106e+03 1.900411678087098766e+00 8.781063063008515135e-01 2.932638647528887759e+03
3.389683156196318805e+02 2.125396553706244504e+03 1.786428238086612510e+03 1.728315237488344813e+00 1.422792450398838726e+00 2.740288912106288535e+03
3.401014646930732965e+02 2.135890977005160494e+03 1.795789512312087254e+03 1.138451024984957982e+00 1.080680419734547648e+00 2.810962166218534094e+03
3.384916644183583685e+02 2.132962338502007697e+03 1.794470674083649328e+03 1.686377392977507661e+00 1.079512344630304765e+00 2.799193722775629340e+03
3.359493450596205548e+02 2.127773587523926835e+03 1.791824242464306280e+03 1.497596798005480734e+00 1.276235413903891169e+00 2.791014329921704757e+03
3.406688951792870057e+02 2.143965360653315201e+03 1.803296465474028082e+03 1.552526029643245487e+00 1.201584673133073045e+00 2.835369123576443599e+03
3.396416597177818062e+02 2.140309681621967229e+03 1.800668021904185480e+03 1.132017592454372057e+00 1.148397242401080431e+00 2.801575526635262122e+03
3.404870630446054633e+02 2.136223866125423228e+03 1.795736803080817708e+03 1.247943589395801967e+00 1.269937926816463225e+00 2.808707559991292783e+03
3.387601078318190275e+02 2.131277356689234239e+03 1.792517248857415325e+03 1.447587826065157790e+00 1.221120080902229565e+00 2.817539698638554455e+03
3.548393682219019070e+02 2.153105865667179842e+03 1.798266497445277992e+03 9.987313733242482172e-01 1.195203941192357178e+00 2.828827704062493467e+03
4.834648674620414681e+02 2.295456137330759702e+03 1.811991269868718291e+03 1.735280035383027553e+00 8.465496483955807783e-01 3.011716267753680313e+03
1.094751059059303543e+03 2.970885478671549208e+03 1.876134419612245665e+03 2.089570164901115579e+00 1.348959003556928549e+00 3.762072988979731235e+03
2.699392111483595272e+03 4.891815501311812113e+03 2.192423389828216841e+03 2.241929386111229494e+00 2.421551521287487407e+00 5.715005503949105332e+03
5.270906921560531373e+03 9.047738222655550999e+03 3.776831301095019626e+03 2.556025533381393711e+00 3.169499976662651708e+00 9.900522356164845405e+03
6.494259879613181511e+03 1.232944817723892993e+04 5.835188297625748419e+03 2.518393506717105268e+00 -1.024204998085954665e+00 1.314912291785162051e+04
6.782300788846552678e+03 1.375811537434146703e+04 6.975814585494914354e+03 2.318211218943680318e+00 -2.444739797680976601e+00 1.446765803642586980e+04
6.966833255458760505e+03 1.532280000632314113e+04 8.355966750864379719e+03 2.547510149005161040e+00 -1.102059662844645960e+00 1.606615931422380163e+04
