5.250935204168482642e+02 3.036697180396122349e+04 2.984187828354437443e+04 2.419342091591162980e+00 -3.136941055403255874e+01 3.150794105215960371e+04
5.251571786664052297e+02 3.036638956904152656e+04 2.984123239037512030e+04 2.555552063407676489e+00 -3.239184191603493357e+00 3.149048978804384751e+04
5.251474879145548584e+02 3.036570880978909554e+04 2.984056132187454205e+04 2.511206441360213759e+00 7.999047974058113297e-01 3.147008546478947756e+04
5.251400751717997082e+02 3.036662967679817302e+04 2.984148960162637377e+04 2.552118896597287634e+00 -3.239184191603461382e+00 3.149768651180210873e+04
5.250469239447544396e+02 3.037080078710140879e+04 2.984575386315665310e+04 2.581572727089859853e+00 -2.114115706328661304e+00 3.162270674866696572e+04
5.251855996316534174e+02 3.036615517510852442e+04 2.984096957547687271e+04 2.462136082866430709e+00 7.999047974058096644e-01 3.148346434511664847e+04
5.251788754475667247e+02 3.036581940425472567e+04 2.984064052880715826e+04 2.524054643651157726e+00 -2.114115706328648425e+00 3.147340219966651421e+04
5.252227258940282582e+02 3.036460068116102775e+04 2.983937795526699847e+04 2.476397902962760966e+00 -1.480043108482174796e+00 3.143691637201689809e+04
5.251616974508694966e+02 3.036497288739174473e+04 2.983981118994087592e+04 2.513548783791271557e+00 -1.480043108482193004e+00 3.144847005409418125e+04
5.251560481382231274e+02 3.036500966168722516e+04 2.983985361354900306e+04 2.825029597963788053e+00 -1.480043108482194336e+00 3.145740265279019150e+04
6.930172857261787613e+03 1.782417730535032752e+04 1.089400444808854081e+04 2.443873791070309665e+00 2.179654489144816853e+00 1.877233346454026105e+04
4.137069182251008897e+03 7.044338310717422246e+03 2.907269128466413349e+03 2.379339090963301651e+00 2.291294979495342332e+00 7.818067903138266956e+03
1.402487132525780225e+03 3.318781164028313015e+03 1.916294031502532789e+03 2.110447215496115358e+00 1.394311858358818546e+00 3.984855148452289086e+03
5.100678334986770324e+02 2.312922958322496925e+03 1.802855124823820006e+03 2.012373170437139702e+00 1.375522471451003037e+00 2.950585222606968273e+03
3.547207207315412347e+02 2.155804776136822056e+03 1.801084055405280878e+03 2.149093557921887498e+00 9.740427208822971528e-01 2.821268633553266682e+03
3.411506428175094925e+02 2.138958885761418514e+03 1.797808242943909136e+03 1.319236421739336862e+00 1.128685578827682390e+00 2.797282393014866557e+03
3.397317358406393168e+02 2.135839594221992229e+03 1.796107858381352798e+03 1.541960673195208464e+00 1.298500924069943663e+00 2.811907927296341768e+03
3.364103300969485417e+02 2.117069255915934718e+03 1.780658925818986063e+03 1.122889288630932070e+00 1.090255179458657908e+00 2.713076742173625007e+03
3.374779698248719342e+02 2.137000868452165378e+03 1.799522898627293443e+03 1.024705662901606695e+00 1.361843683251880321e+00 2.828977432600187967e+03
3.376200741973869413e+02 2.134006702806907469e+03 1.796386628609520585e+03 1.556599207477826985e+00 1.009705788968827234e+00 2.814261446953632912e+03
3.412647653076269876e+02 2.145835079731341466e+03 1.804570314423714535e+03 1.266758424425223462e+00 7.954689711477912484e-01 2.839276879033713612e+03
3.402617102212636269e+02 2.142695617947436858e+03 1.802433907726173175e+03 1.161771016724352457e+00 1.117118725209974572e+00 2.848592967050866264e+03
3.542089402493384682e+02 2.159893373497746779e+03 1.805684433248408368e+03 1.429686361522373828e+00 1.073041116762737390e+00 2.887425294649383886e+03
4.719425904142668742e+02 2.281397795152159688e+03 1.809455204737892927e+03 1.622846800711414517e+00 1.035532626689887215e+00 2.993664906606690238e+03
1.279600933601625229e+03 3.159691770621805517e+03 1.880090837020180288e+03 2.424945736641892946e+00 1.807756472785525093e+00 3.943536626970641464e+03
3.203141039837457356e+03 5.585988923763417915e+03 2.382847883925960559e+03 2.378162634577759338e+00 2.510874326901903597e+00 6.412065766684305345e+03
5.078853514293617081e+03 8.640785607441262982e+03 3.561932093147645901e+03 2.421492303387863476e+00 2.914007396314926002e+00 9.496027051097116782e+03
6.320753525438436554e+03 1.173324503396784348e+04 5.412491508529406929e+03 2.486795852718020949e+00 -9.825034170147836088e-01 1.254141775846685778e+04
6.883005747010414780e+03 1.439964570463554446e+04 7.516639957625129682e+03 2.365169747033331049e+00 -9.596510684242471889e-01 1.515963078942751054e+04
6.899317028599974037e+03 1.464996193640675483e+04 7.750644907806780793e+03 2.626270419203378115e+00 -9.457862778682172289e-01 1.546770130180633350e+04
