5.251457381213635927e+02 3.036716373436922731e+04 2.984201799624786509e+04 2.471871461709071571e+00 -3.239184191603450724e+00 3.151369376146689319e+04
5.252187023264475556e+02 3.036856145010838009e+04 2.984334274778193139e+04 2.473325811953597242e+00 7.999047974058269839e-01 3.155558734375812855e+04
5.251679761146144756e+02 3.036571238281713522e+04 2.984054440670252006e+04 2.458881857301462137e+00 -4.469136219256746045e+01 3.147019255877157775e+04
5.251016815913685605e+02 3.036849805495252440e+04 2.984339637336115629e+04 2.546160971601809653e+00 -2.114115706328651090e+00 3.155368720762641897e+04
5.250122514390429842e+02 3.036433090920528775e+04 2.983931865776624545e+04 2.482375474984166441e+00 -2.114115706328659083e+00 3.142878580004009928e+04
5.252494177117786194e+02 3.036693402535884161e+04 2.984168460764706469e+04 2.457944173446359404e+00 -1.714353705057369837e-01 3.150680873891780357e+04
5.252386197409227861e+02 3.036705676007064176e+04 2.984181814032972034e+04 2.605703180669372898e+00 -3.061351628773793365e+01 3.151048936550024155e+04
5.251269674933088254e+02 3.036299643774361175e+04 2.983786947025030167e+04 2.481677901298297684e+00 -1.480043108482139269e+00 3.138883250431073611e+04
5.251347499447116434e+02 3.036957191259658794e+04 2.984443716265187686e+04 2.380877034158276562e+00 -2.114115706328673294e+00 3.158631173099596708e+04
5.251410502883952631e+02 3.036552967650483333e+04 2.984038862621643784e+04 2.473791010629578846e+00 -1.468521675688840178e+00 3.147289178174102199e+04
6.927828818974767273e+03 1.753243040776988346e+04 1.060460158879511619e+04 2.452043820098346760e+00 1.578573367772343916e+00 1.845298436999795740e+04
4.366495427979761189e+03 7.429676508500542695e+03 3.063181080520781506e+03 2.350213566664176579e+00 2.247104783758047564e+00 8.216741731573099969e+03
1.303536693570974421e+03 3.200685835758134090e+03 1.897149142187159669e+03 2.162587204207329084e+00 1.713343796717355927e+00 3.878949843450315257e+03
4.459238549809857659e+02 2.258230607598932238e+03 1.812306752617946586e+03 2.254561522756592051e+00 7.395310294519560346e-01 2.938543651101397700e+03
3.519520426199931649e+02 2.150153855036596724e+03 1.798201812416603616e+03 1.140746461966082981e+00 9.516487789554314292e-01 2.832765814701279851e+03
3.398520848325815109e+02 2.140711172769108543e+03 1.800859087936526976e+03 1.191305718429103822e+00 1.348316120002700957e+00 2.839118924547477945e+03
3.389376714052309012e+02 2.143797692826442017e+03 1.804860021421211059e+03 1.207811630237401790e+00 8.525933925016536685e-01 2.830943768734128753e+03
3.387969183759698240e+02 2.141992213792544135e+03 1.803195295416574254e+03 1.561287055099801258e+00 1.078561562358578252e+00 2.838969569575466721e+03
3.404283428208721602e+02 2.137384966598808660e+03 1.796956623777936557e+03 1.250453765643063875e+00 9.336305871787891064e-01 2.805545375727916962e+03
3.368483526173773726e+02 2.126877763141412743e+03 1.790029410524035484e+03 1.227663600535021660e+00 1.316303509483459644e+00 2.780854109249336489e+03
3.373832307521440725e+02 2.127464062067930627e+03 1.790080831315786554e+03 1.174058759773221050e+00 1.389573462048222519e+00 2.806441790556735214e+03
3.386831173433564572e+02 2.136407479713168868e+03 1.797724362369812297e+03 1.255123882563663029e+00 9.847064633665327804e-01 2.784968622025581226e+03
3.668201178265218232e+02 2.165496919858193905e+03 1.798676802031672196e+03 1.865561582840610910e+00 1.260165685552066650e+00 2.840208202516610527e+03
4.172685372502425594e+02 2.225583160223472078e+03 1.808314622973229461e+03 2.144349562643002027e+00 9.471839065522482670e-01 2.934627978990611609e+03
1.388146906699673082e+03 3.280440017478443679e+03 1.892293110778770597e+03 2.290949381913318206e+00 1.913156524253064150e+00 4.028322783529486514e+03
2.949513502856861123e+03 5.228692093152752932e+03 2.279178590295891809e+03 2.632128926543496394e+00 2.636401980295652425e+00 6.050088836202074162e+03
5.222678356904921202e+03 8.932910331400253199e+03 3.710231974495331997e+03 2.459029863110423264e+00 3.207985725369006946e+00 9.808018307324671696e+03
6.273151659378826480e+03 1.155144524487901435e+04 5.278293585500187874e+03 2.429874239730611674e+00 -9.417683904454449140e-01 1.237001382672669570e+04
6.878500775132632953e+03 1.434555504302193367e+04 7.467054267889300718e+03 2.364949678777018338e+00 -1.084784425413143349e+00 1.509912531414048135e+04
6.929275704323202262e+03 1.487133740276716526e+04 7.942061698443962996e+03 2.422262824745489151e+00 -8.061126967937508603e-01 1.566156833774721599e+04
