5.251760665185163361e+02 3.037115215754851306e+04 2.984597609102999559e+04 2.645210967905754273e+00 -4.628057827424644444e+01 3.163323833694132554e+04
5.250883495533196310e+02 3.036919313518581839e+04 2.984410478563249853e+04 2.499091108659242444e+00 -1.480043108482199221e+00 3.157452077208750416e+04
5.251275975997282330e+02 3.036656959125896537e+04 2.984144199365923851e+04 2.586523643794418792e+00 -2.114115706328666189e+00 3.149588557444853359e+04
5.251521867761530302e+02 3.036557134676615897e+04 2.984041915999000776e+04 2.540229406127483713e+00 -1.480043108482181013e+00 3.146596530050873116e+04
5.251204475415191837e+02 3.036608412753893572e+04 2.984096367999741778e+04 2.622851615424484528e+00 -1.468521675688847283e+00 3.148133482304827703e+04
5.250786287391171072e+02 3.036859597079459490e+04 2.984351734205547837e+04 2.476236290646133043e+00 -1.468521675688843731e+00 3.155662204947161445e+04
5.251852856538625929e+02 3.036795448556917108e+04 2.984276919991531031e+04 2.478336023896124285e+00 1.230300817832331584e+00 3.153739676876417798e+04
5.250248635588972093e+02 3.036523582995372999e+04 2.984021096639483221e+04 2.529405495954111682e+00 4.741586601341254426e-01 3.145595358326760470e+04
5.251988193393623305e+02 3.036489086664955539e+04 2.983969204731019272e+04 2.510468325213565333e+00 -1.480043108482191672e+00 3.144601025199445576e+04
5.251580263089492746e+02 3.036490441424188248e+04 2.983974638793293343e+04 2.455273663002945028e+00 7.999047974057708066e-01 3.145414332305041535e+04
6.937512005057395072e+03 1.757130453506919730e+04 1.063379253001180223e+04 2.559752982403390220e+00 2.131899004155574318e+00 1.849878450176138722e+04
3.979186732262692203e+03 6.790042786344741216e+03 2.810856054082049013e+03 2.289739481661612341e+00 2.324629800648543299e+00 7.587348919112795556e+03
1.485328765904263264e+03 3.420247086439579107e+03 1.934918320535315843e+03 2.258751512577970022e+00 1.522030247586428020e+00 4.109996960455189765e+03
3.914764998594140479e+02 2.201077706794902497e+03 1.809601206935488335e+03 1.746639430929378234e+00 8.910920986516067677e-01 2.900557299366525058e+03
3.775620500350945576e+02 2.176665896838055232e+03 1.799103846802960561e+03 1.941776345153180428e+00 1.254893616904258824e+00 2.858763028202069108e+03
3.409944989742813846e+02 2.143723692165832745e+03 1.802729193191551303e+03 1.197150547785638119e+00 8.058254681265983876e-01 2.841693875380906775e+03
3.404844626052529293e+02 2.137358501024473298e+03 1.796874038419220369e+03 1.067106545989036981e+00 1.132324397769570057e+00 2.831569352816885385e+03
3.420235674213449784e+02 2.146231257196264323e+03 1.804207689774919345e+03 1.106190247427832452e+00 1.191668722948573622e+00 2.852304919418668305e+03
3.403244737952378500e+02 2.137705501016296239e+03 1.797381027221058503e+03 1.222467731130757684e+00 1.343158594605975642e+00 2.809170527250684245e+03
3.405798457275108149e+02 2.141791899193962308e+03 1.801212053466451380e+03 1.411714397931582932e+00 7.946604757657459439e-01 2.819726665265794963e+03
3.394335791010241792e+02 2.145870490884475657e+03 1.806436911783451478e+03 1.148489491875385182e+00 1.133495102265817067e+00 2.847633297448973281e+03
3.380090562466245956e+02 2.133726830148042154e+03 1.795717773901417559e+03 1.073742638375900782e+00 1.006861804190258836e+00 2.782599515760772647e+03
3.538711269825814156e+02 2.152263039010910234e+03 1.798391912028328761e+03 1.497427631976086415e+00 1.013142587639587866e+00 2.804213625067947305e+03
5.337389492986505957e+02 2.343227324247524393e+03 1.809488374948873798e+03 1.739255696914309146e+00 1.298508840518342478e+00 3.030474863878159340e+03
1.425304449442787927e+03 3.327305273125104122e+03 1.902000823682316195e+03 2.353889872994741950e+00 2.073885570059610384e+00 4.097177285431540440e+03
2.795625389943755636e+03 5.016314062654489135e+03 2.220688672710733499e+03 2.290041338579498653e+00 2.615175044654717507e+00 5.849447860695501731e+03
5.209719029810661596e+03 8.916476864354248391e+03 3.706757834543586796e+03 2.407947118365336703e+00 3.016589627508035054e+00 9.760706395170911492e+03
6.345287977187180331e+03 1.180461611035189162e+04 5.459328133164711289e+03 2.480949631138569256e+00 -1.212596505437046446e+00 1.259300153410415442e+04
6.858475177045973396e+03 1.419426676018050057e+04 7.335791583134527173e+03 2.371974390509773656e+00 -1.013631374892734360e+00 1.498492418914064547e+04
6.938535616520585791e+03 1.496254182002639573e+04 8.024006203505809935e+03 2.420956459437051844e+00 -8.171177830795061103e-01 1.567540389089088239e+04
