5.252110412626366269e+02 3.036495681355132911e+04 2.983974577228869384e+04 2.410509373367087704e+00 -2.114115706328671518e+00 3.144754596309706540e+04
5.251589974385951791e+02 3.036679142545443028e+04 2.984163242801583692e+04 2.476446431870459985e+00 4.703181825363611512e-01 3.150253458673510977e+04
5.251494285672368960e+02 3.036739873695201823e+04 2.984224930838478031e+04 2.404645333992988743e+00 -1.480043108482179903e+00 3.152073746839919841e+04
5.251498434957941299e+02 3.036777634632907575e+04 2.984262650283328185e+04 2.456403398637854618e+00 -2.114115706328677291e+00 3.153205551331336756e+04
5.251949037970348400e+02 3.036717152042508314e+04 2.984197661662804967e+04 2.621982361654247029e+00 -4.569419791320601831e+01 3.151392713211452065e+04
5.251846839037618793e+02 3.036246355993820907e+04 2.983727887603444833e+04 2.497080516084956514e+00 -1.480043108482165026e+00 3.137281596400785565e+04
5.251562963325528699e+02 3.036911219291873203e+04 2.984395589658617973e+04 2.526405855740420758e+00 7.999047974057997834e-01 3.157209660343309952e+04
5.251740208651109469e+02 3.036489732899316368e+04 2.983972330812805376e+04 2.531331236095850645e+00 -1.480043108482168579e+00 3.144580837468292884e+04
5.252145113903246738e+02 3.036774973185836643e+04 2.984253522046804210e+04 2.522693970175394096e+00 -1.480043108482163250e+00 3.153169713016495007e+04
5.251770924598390593e+02 3.036476175968629832e+04 2.983958466722645971e+04 2.600899108047530550e+00 -1.480043108482156811e+00 3.144969219209568837e+04
6.981082015439223142e+03 1.695064788858761676e+04 9.969565873148392711e+03 2.614134290219781942e+00 2.548660170592136343e+00 1.780677951686271626e+04
4.268352066099408148e+03 7.273449776498504434e+03 3.005097710399096286e+03 2.386791011023692732e+00 2.270685820283947276e+00 8.055849667230347222e+03
1.277239795927855312e+03 3.168549970480638422e+03 1.891310174552783110e+03 2.175248765555546804e+00 1.725543231123661814e+00 3.837153731099843299e+03
4.450169885444092870e+02 2.250471124030536885e+03 1.805454135486127598e+03 2.035421743847478648e+00 1.095259097820215244e+00 2.937390195933819541e+03
3.795125122784847349e+02 2.185232978857777653e+03 1.805720466579292861e+03 1.824816883042409188e+00 8.659996248335395386e-01 2.856099942793030550e+03
3.386682609087567357e+02 2.127240875171697098e+03 1.788572614262940306e+03 1.136660411771687640e+00 1.148725361546184986e+00 2.790145710582553875e+03
3.404792479629489890e+02 2.145303963048339483e+03 1.804824715085390380e+03 1.114330807639857257e+00 1.091955671398214589e+00 2.823623139938269560e+03
3.387277492046172824e+02 2.129075158217518947e+03 1.790347409012901608e+03 1.098439858695975380e+00 1.299362474500540987e+00 2.770797514692612822e+03
3.390006769178568220e+02 2.134265358623872544e+03 1.795264681706015836e+03 1.204929279752372961e+00 1.087684127448344418e+00 2.779185854623461182e+03
3.437734397432924425e+02 2.139302849483287901e+03 1.795529409739995572e+03 1.044186432006513066e+00 1.005330807431486173e+00 2.832229187754914619e+03
3.400524049110177316e+02 2.139486947310033429e+03 1.799434542399015754e+03 1.316072923871196787e+00 1.015475038557612786e+00 2.820950370807203853e+03
3.397572116536179578e+02 2.131419421835497815e+03 1.791662210181879800e+03 1.499331167717515845e+00 1.193167188027611791e+00 2.780574793357344788e+03
3.650829253948584210e+02 2.160786519468550523e+03 1.795703594073692102e+03 1.188588404946371746e+00 1.331532894204572992e+00 2.837580556669797716e+03
4.708471639179168164e+02 2.280104568832397035e+03 1.809257404914480276e+03 2.337818721147698842e+00 1.228897462792517103e+00 3.002745495278703856e+03
1.208434181106624692e+03 3.082123672750526111e+03 1.873689491643901420e+03 2.114377841821226678e+00 1.700958508652165024e+00 3.835347488553041785e+03
2.969733783335296721e+03 5.257849550337745313e+03 2.288115767002448592e+03 2.278582230067083270e+00 2.516500335052658688e+00 6.046846568591745381e+03
5.009853968941040876e+03 8.511007871758740293e+03 3.501153902817699418e+03 2.298673613460095577e+00 3.047913502878731418e+00 9.418171993973748613e+03
6.493455474894085455e+03 1.234179751392189064e+04 5.848342039027805185e+03 2.500993660458969980e+00 -1.383732396020031175e+00 1.307562083188454744e+04
6.810461634373959896e+03 1.391905931025169411e+04 7.108597675877734218e+03 2.526591477809381647e+00 -8.672300996399830986e-01 1.464803129582486690e+04
6.957175551561811517e+03 1.525227139841277858e+04 8.295095846850967064e+03 2.341164000281002799e+00 -9.565606131346086061e-01 1.610901820823254820e+04
