5.251465407551262388e+02 3.036622699478732466e+04 2.984108045403219876e+04 2.480160817939429219e+00 -2.114115706328685729e+00 3.148561696755257071e+04
5.251015743213181395e+02 3.036735119039281926e+04 2.984224961607150180e+04 2.487998854268214100e+00 -1.480043108482198333e+00 3.151931236053548855e+04
5.251304492111761419e+02 3.037021664445316492e+04 2.984508619524198730e+04 2.527662468961720421e+00 -2.114115706328648869e+00 3.160519830437354904e+04
5.251525856421984599e+02 3.037039266368000972e+04 2.984524007803781205e+04 2.504712298446615026e+00 -2.114115706328661304e+00 3.161047410957646207e+04
5.251770034468429458e+02 3.036991277237277245e+04 2.984473576892592973e+04 2.499726432607774829e+00 -2.114115706328651090e+00 3.159609037949824415e+04
5.251773679532534516e+02 3.036591154822268072e+04 2.984073418026942818e+04 2.556214928248495610e+00 -1.480043108482215652e+00 3.147616214279963242e+04
5.251868011756474743e+02 3.036614606028685012e+04 2.984095925911120139e+04 2.480118561657041809e+00 -1.480043108482158587e+00 3.148319303364277221e+04
5.250658678822487673e+02 3.036884619397638016e+04 2.984378032609413276e+04 2.749549909832192274e+00 -1.480043108482150815e+00 3.156416675997436687e+04
5.251732462269234247e+02 3.036494921959386920e+04 2.983977597336694453e+04 2.501053327405776017e+00 -3.169859887454085268e+01 3.144776000999797179e+04
5.252332544225622541e+02 3.036562977981920267e+04 2.984039652539664166e+04 2.522145806204649343e+00 -2.114115706328660860e+00 3.147566669935175378e+04
6.923870676243614980e+03 1.778799207605876654e+04 1.086412139981515065e+04 2.421934110829894404e+00 1.480588715468516670e+00 1.872837082809859203e+04
4.268258148683684340e+03 7.252063558368923623e+03 2.983805409685239283e+03 2.519298518387642183e+00 2.505995084001872097e+00 8.012891098553005577e+03
1.441083601558381133e+03 3.370300686909935393e+03 1.929217085351554260e+03 2.099813654949779007e+00 1.481677716633397646e+00 4.092831822436221501e+03
4.463979191221139899e+02 2.252501871899000434e+03 1.806103952776886445e+03 2.020843496870080802e+00 9.796604592900416408e-01 2.940157946444460322e+03
3.470420687969998426e+02 2.138536997441582571e+03 1.791494928644582615e+03 1.583512460123046806e+00 1.209061131554064250e+00 2.806040009618630847e+03
3.397171330222363395e+02 2.140391579915420607e+03 1.800674446893184268e+03 1.187842415051808986e+00 1.235320350841360826e+00 2.814734236175596834e+03
3.392283117150593625e+02 2.135722004761632888e+03 1.796493693046573526e+03 1.446981283154179065e+00 8.896864538498355790e-01 2.794563436843998716e+03
3.400117263069598152e+02 2.147470654904672756e+03 1.807458928597712884e+03 1.280128788785842575e+00 7.630502657982464187e-01 2.840351870337406581e+03
3.400648946304079345e+02 2.135227298447742669e+03 1.795162403817334734e+03 1.058928224926147577e+00 1.201936001081586269e+00 2.838157420449859274e+03
3.387960373428061303e+02 2.138688000682581333e+03 1.799891963339775202e+03 1.084959820272906716e+00 1.223150230959825890e+00 2.858445528973767523e+03
3.391290178492907330e+02 2.136546190552139251e+03 1.797417172702848575e+03 1.395998450537058178e+00 1.311127470666023198e+00 2.840726364863745857e+03
3.395246693096553372e+02 2.136972425214483337e+03 1.797447755904828000e+03 1.243892970759930661e+00 1.114637840176013750e+00 2.824139213895801277e+03
3.640571136396681595e+02 2.160206898252638439e+03 1.796149784612970279e+03 1.967454889379954608e+00 1.091416959639979867e+00 2.840802350684529301e+03
5.982085032408558618e+02 2.393602175063058439e+03 1.795393671822202577e+03 2.076797692161970854e+00 1.618248800108978536e+00 3.058417240661027790e+03
1.093753090020987656e+03 2.958399161059061043e+03 1.864646071038073387e+03 2.266553468507632285e+00 1.432309604895857236e+00 3.718308225312147442e+03
3.183940545042459689e+03 5.547686311581832342e+03 2.363745766539372653e+03 2.479911167323358701e+00 2.660377197732487264e+00 6.427105955721236569e+03
5.061872764894038482e+03 8.615571637961707893e+03 3.553698873067669410e+03 2.525304824924652802e+00 2.927518661952737133e+00 9.463159313616648433e+03
6.514514132438452179e+03 1.245524086544488273e+04 5.940726733006430550e+03 2.450982805314689372e+00 -1.095858649546376018e+00 1.328960994265423324e+04
6.755964784288126793e+03 1.356477216215488079e+04 6.808807377866753995e+03 2.496769287906525747e+00 -1.225266395546240838e+00 1.428152125457408329e+04
6.974881361045640006e+03 1.542985260994911187e+04 8.454971248903471860e+03 2.438993011102704500e+00 -6.240432722955858713e-01 1.626973572018382765e+04
