5.251547376486473695e+02 3.036762357163882189e+04 2.984246883399017315e+04 2.475193207026082032e+00 -1.480043108482159253e+00 3.152747641408865456e+04
5.251607322572126577e+02 3.036840594217256148e+04 2.984324520991534882e+04 2.423232005143272527e+00 -1.480043108482205438e+00 3.155092632125874297e+04
5.250853606536428515e+02 3.036583882179362263e+04 2.984075346113997875e+04 2.679801556418432540e+00 1.445498828045620021e+00 3.147398230050348502e+04
5.251553813915282944e+02 3.036774027883068629e+04 2.984258489743915925e+04 2.466342592556781899e+00 -2.114115706328673294e+00 3.153097446609522376e+04
5.250926994145487470e+02 3.036750152265485667e+04 2.984240882324030827e+04 2.674001772429897894e+00 -4.447076949331015072e+01 3.152381825316393224e+04
5.251426038892308270e+02 3.037021830882995346e+04 2.984507570494072206e+04 2.493533964517220536e+00 7.999047974058269839e-01 3.160524821159970452e+04
5.251190567629573707e+02 3.036289910921128831e+04 2.983778005244833184e+04 2.587962210378695005e+00 1.445498828045639783e+00 3.138587253522686660e+04
5.252122309454744027e+02 3.036555944555041060e+04 2.984034721460493529e+04 2.488242133615676810e+00 -1.480043108482175240e+00 3.146565387720527360e+04
5.251483234609347619e+02 3.036707719968476158e+04 2.984192887622382841e+04 2.478052464556441681e+00 -1.480043108482171688e+00 3.151154037052241620e+04
5.252215558961779607e+02 3.036660741117886937e+04 2.984138585528269323e+04 2.430786450828712475e+00 -1.416886336567824323e+01 3.150546925982087851e+04
6.884652911228465200e+03 1.797606632165156770e+04 1.109141341042310160e+04 2.518702738470105285e+00 5.056401310016431783e-01 1.888882829952608881e+04
4.068433110115374802e+03 6.943809180561637731e+03 2.875376070446262929e+03 2.411596117549307028e+00 2.363125861051097676e+00 7.692353250437531642e+03
1.412363345624265776e+03 3.332043013613249059e+03 1.919679667988983283e+03 2.240220615697271711e+00 1.469387948299351487e+00 4.014500670478098982e+03
4.321459865296982912e+02 2.238569550475977394e+03 1.806423563946279046e+03 2.030281232237557187e+00 9.730466701149778075e-01 2.919371047963141791e+03
3.670265551113525362e+02 2.163704007816360900e+03 1.796677452705008363e+03 1.757664608185412591e+00 1.144091978231526197e+00 2.841792774941302923e+03
3.364856330518248342e+02 2.134534233916510857e+03 1.798048600864686023e+03 1.035014718834943226e+00 9.923311442447190212e-01 2.781783423008020691e+03
3.366176833047854302e+02 2.133065895892334083e+03 1.796448212587548596e+03 9.968342048460727689e-01 1.040651299449469436e+00 2.791155898790446827e+03
3.386290582467688637e+02 2.129662605767422065e+03 1.791033547520653201e+03 1.346184541378918853e+00 1.451554642570962672e+00 2.790448952259425823e+03
3.413162022380929557e+02 2.141934892821150243e+03 1.800618690583057287e+03 1.303123192298895061e+00 1.333513392562940547e+00 2.847928452157694664e+03
3.401847256114790525e+02 2.139239379640857351e+03 1.799054654029378298e+03 1.111789348459351956e+00 1.177738542808249855e+00 2.826787632129872236e+03
3.387071507984116465e+02 2.135282942047414053e+03 1.796575791249002350e+03 1.189186896510300739e+00 1.524788051591637661e+00 2.815303822958957426e+03
3.391727400720189962e+02 2.133009766711631983e+03 1.793837026639612986e+03 1.042177192720916024e+00 1.386013525682338710e+00 2.804781055312465014e+03
3.751848926868174203e+02 2.174457793237847909e+03 1.799272900551030489e+03 1.118276621145491312e+00 9.822976398260596653e-01 2.824041371639375484e+03
5.506059446508648989e+02 2.362430012146965055e+03 1.811824067496100270e+03 2.029717508284082594e+00 1.453187149178833515e+00 3.083074140260427157e+03
1.279917797795828847e+03 3.169750419319591401e+03 1.889832621523762555e+03 2.200311285560017094e+00 1.539195136850177059e+00 3.936730588482290386e+03
2.867293438229379262e+03 5.117474523783126642e+03 2.250181085553747380e+03 2.361413749261532136e+00 2.633900424738977453e+00 5.965909228028467624e+03
5.291744718767541599e+03 9.080790216925932327e+03 3.789045498158390728e+03 2.413699550977394637e+00 2.799882840135463180e+00 9.939423691675927330e+03
6.440250266280093456e+03 1.214270002652253606e+04 5.702449760242442608e+03 2.366179625856169366e+00 -1.080966992174261287e+00 1.290001749556709910e+04
6.887733524827830479e+03 1.438287535381309135e+04 7.495141828985260872e+03 2.391364149113606619e+00 -1.196251992596352620e+00 1.509600530208495366e+04
6.959998573663717252e+03 1.540471949637817670e+04 8.444720922714459448e+03 2.442425942377482340e+00 -1.205774805948342188e+00 1.617265095178374213e+04
