5.251474066027328718e+02 3.036579611643755925e+04 2.984064870983482615e+04 2.428706763942369395e+00 -1.480043108482187231e+00 3.147270229749933787e+04
5.251918242401795851e+02 3.036859931438265630e+04 2.984340749014247558e+04 2.430785483887952569e+00 -1.480043108482221870e+00 3.155672224554590866e+04
5.251369713163633151e+02 3.036666525774151523e+04 2.984152828642515306e+04 2.438530133886853246e+00 -3.239184191603455165e+00 3.149875297555611905e+04
5.251587794654668642e+02 3.036770207865030898e+04 2.984254329918484291e+04 2.489894998967100204e+00 -1.468521675688840178e+00 3.152982949623039531e+04
5.251601828467208861e+02 3.036175577786929716e+04 2.983659559502257616e+04 2.420437784750467447e+00 -1.480043108482198777e+00 3.135160166773767196e+04
5.251395633231703641e+02 3.036550163314228848e+04 2.984036206981911891e+04 2.504334100151135445e+00 7.999047974058038912e-01 3.146387580259602692e+04
5.251135352196542954e+02 3.036596586456511795e+04 2.984085232934546366e+04 2.755353874753682319e+00 7.999047974057947874e-01 3.147779205078750965e+04
5.251898078528697624e+02 3.036972308524002074e+04 2.984453327738715234e+04 2.402644764006059308e+00 -3.239184191603475593e+00 3.159044979891387266e+04
5.252256186048341533e+02 3.036411000509962832e+04 2.983888438649479576e+04 2.534227843859532037e+00 -1.480043108482176351e+00 3.142260455712347539e+04
5.251543149422477654e+02 3.037108486282062586e+04 2.984593054787837900e+04 2.507275027809007018e+00 -1.480043108482148817e+00 3.163895456773305705e+04
6.843170160788917201e+03 1.851353641219882775e+04 1.167036625140991055e+04 2.470269541962700544e+00 1.520214625961843424e+00 1.940002469382162599e+04
4.327007202221049738e+03 7.369856508463793034e+03 3.042849306242743296e+03 2.538893319125136383e+00 2.384251948194837212e+00 8.161470375645303648e+03
1.440610267400514431e+03 3.361696681396587337e+03 1.921086413996072906e+03 2.313380706612182980e+00 1.511668096784163362e+00 4.081004757160799272e+03
4.043116770144004590e+02 2.207917296269677081e+03 1.803605619255276679e+03 1.986431206672221172e+00 1.072871372138447965e+00 2.894130940989894043e+03
3.405770733521890747e+02 2.153474351553220913e+03 1.812897278201031895e+03 1.466497957514012684e+00 8.221942514076657771e-01 2.880306018184972800e+03
3.398877530025393412e+02 2.141441104250184253e+03 1.801553351247644969e+03 9.486886997271598565e-01 8.855087768355981437e-01 2.831879413635689161e+03
3.412552491422397907e+02 2.143555514976255836e+03 1.802300265834016045e+03 1.090720871045711471e+00 1.196910468168398189e+00 2.838006384366299244e+03
3.392167734535289583e+02 2.129040344898698550e+03 1.789823571445169591e+03 1.127153677657499742e+00 1.158502199880772521e+00 2.748384157549478005e+03
3.382120013209934655e+02 2.126288790394463831e+03 1.788076789073470309e+03 1.516987754888051043e+00 1.525872163604432119e+00 2.819970349954841822e+03
3.419163147609411340e+02 2.151182637737970254e+03 1.809266322977029176e+03 1.361629097854750725e+00 7.504200737057433734e-01 2.863563647491032043e+03
3.380776903284855166e+02 2.128927649764930720e+03 1.790849959436445261e+03 1.193457105204918323e+00 1.243276995939767149e+00 2.776560306451747238e+03
3.406368874041998538e+02 2.139175544763376365e+03 1.798538657359176568e+03 1.175582515305199971e+00 8.183181799095033959e-01 2.785240841318309322e+03
3.527158735945666876e+02 2.168133533497238659e+03 1.815417659902671858e+03 1.200453049051038112e+00 6.188388772667748894e-01 2.888414910611600590e+03
4.417703677168224772e+02 2.242578269334519064e+03 1.800807901617696643e+03 1.725116073406650630e+00 1.066992094744826147e+00 2.947261118648180400e+03
1.142826789942126879e+03 3.008782151809988591e+03 1.865955361867861711e+03 2.146842471112497375e+00 1.474091675485218467e+00 3.750333339303383582e+03
3.043829005740820776e+03 5.361284709538217612e+03 2.317455703797396836e+03 2.362505499536629472e+00 2.611619125005423481e+00 6.247839758693138720e+03
4.967741608040429128e+03 8.434568844823021209e+03 3.466827236782592081e+03 2.563492286844344381e+00 3.019021247099228145e+00 9.348056853716027035e+03
6.432571445245464929e+03 1.213694438536815869e+04 5.704372940122693763e+03 2.575780686551091492e+00 -1.728435955310968275e+00 1.291145398906889022e+04
6.767672589687320396e+03 1.368361799239619177e+04 6.915945402708871370e+03 2.480993480394017237e+00 -1.389865252524237427e+00 1.441949053025134708e+04
6.929514258495345530e+03 1.489824097585991149e+04 7.968726717364565957e+03 2.551775667358563648e+00 -9.693487379346938937e-01 1.564603130154517748e+04
