5.251061735161231354e+02 3.037107041380261580e+04 2.984596424028649199e+04 2.409093486340787571e+00 -2.114115706328661748e+00 3.163078824050780167e+04
5.251306499942559185e+02 3.036626536091570233e+04 2.984113471092144755e+04 2.435873203084514937e+00 -4.622991057643142909e+01 3.148676691135875808e+04
5.251855533228433615e+02 3.036414069571677464e+04 2.983895514239393015e+04 2.460472562767581639e+00 -4.447076949331012230e+01 3.142308455173664697e+04
5.251672115098594986e+02 3.036498660958639812e+04 2.983981939807653907e+04 2.576530244955544280e+00 -3.239184191603475593e+00 3.144843903642628356e+04
5.251004660411532541e+02 3.036684583753207335e+04 2.984174537149092066e+04 2.608835412217743066e+00 7.999047974058169919e-01 3.150416547407558392e+04
5.251821856843109799e+02 3.036565249600284369e+04 2.984047031031853112e+04 2.492438193433283100e+00 -1.480043108482187231e+00 3.146839759864813095e+04
5.252454008789151203e+02 3.036513329230153249e+04 2.983988789142261885e+04 2.483876634527012239e+00 -1.480043108482181013e+00 3.145283746080953279e+04
5.251436359279787212e+02 3.036944285317711183e+04 2.984429921724913220e+04 2.529146526308920784e+00 -2.114115706328663524e+00 3.158205076149439992e+04
5.251439822035016505e+02 3.036746761403643904e+04 2.984232363183293637e+04 2.611411791641008673e+00 -1.480043108482187231e+00 3.152324311304540242e+04
5.251117745334863685e+02 3.036312434504815610e+04 2.983801257051467110e+04 2.497167184777401516e+00 -1.480043108482199665e+00 3.140076714422828445e+04
6.936804208037780882e+03 1.763007600235070640e+04 1.069327179431292461e+04 2.535046922793172897e+00 1.650955607976771766e+00 1.844417780554094861e+04
3.864590806563527622e+03 6.602072244656159455e+03 2.737481438092631834e+03 2.536723907260313382e+00 2.426396916350541222e+00 7.350873847400102022e+03
1.413377401498815971e+03 3.335732351809246211e+03 1.922354950310430240e+03 2.160045478142674558e+00 1.245751306666675440e+00 4.023160132772492034e+03
4.720176839894738805e+02 2.282031589823980539e+03 1.810013905834506659e+03 2.081154888408903059e+00 9.068040584240124602e-01 2.939023256622749159e+03
3.515094142620737330e+02 2.148430992621716996e+03 1.796921578359643263e+03 2.060055287490218490e+00 1.150771093033270187e+00 2.834754396844077746e+03
3.453735190997792870e+02 2.145914587439701791e+03 1.800541068339922504e+03 1.301152711181393640e+00 8.197813627669585657e-01 2.798660581177779932e+03
3.405527221467135632e+02 2.139779123732190783e+03 1.799226401585477106e+03 1.327687829752659088e+00 9.459051658274569840e-01 2.800330534500317299e+03
3.411994211362423925e+02 2.149021073587577121e+03 1.807821652451334785e+03 1.330218981812275381e+00 8.331349682419474378e-01 2.861695246735438104e+03
3.365875094499750730e+02 2.131365694432894543e+03 1.794778184982919356e+03 1.228288677557004327e+00 1.182785574548427698e+00 2.802517362128603054e+03
3.385809930113788937e+02 2.140128326312822082e+03 1.801547333301443132e+03 1.156084634046536719e+00 1.029707767331594193e+00 2.838846354025997243e+03
3.372027352305924524e+02 2.137950410620063849e+03 1.800747675389471397e+03 1.130517325623985991e+00 1.255066736415485051e+00 2.827218513199999052e+03
3.425297145461440778e+02 2.147955274463573460e+03 1.805425559917429382e+03 1.646035823247444130e+00 9.568595894375304667e-01 2.843982026688619499e+03
3.380915258783923605e+02 2.132824181701928865e+03 1.794732655823536561e+03 1.072953983144532497e+00 1.040654472471664205e+00 2.761215870140970765e+03
4.837943562220279432e+02 2.286511733413439288e+03 1.802717377191411288e+03 1.862295082306660854e+00 1.355665834979205897e+00 2.981733960710276278e+03
9.930511631268169594e+02 2.838862839106925549e+03 1.845811675980108703e+03 2.675918818525697684e+00 1.532296347030715600e+00 3.578016416466336068e+03
2.888933869322634564e+03 5.147820468846953190e+03 2.258886599524318626e+03 2.260487785210054223e+00 2.414047509120804680e+00 5.981514532249664626e+03
4.794418117082143908e+03 8.088882241091269861e+03 3.294464124009125953e+03 2.375782084808257366e+00 3.002897309536302739e+00 8.854169030252638549e+03
6.293735562033272799e+03 1.165166125495943197e+04 5.357925692926159172e+03 2.391576251030270495e+00 -1.044653108007523423e+00 1.244730102006206289e+04
6.793408960600366299e+03 1.382287817333455678e+04 7.029469212734190478e+03 2.574319911367195068e+00 -2.196626498299150132e+00 1.453791489174006165e+04
6.902771099230840264e+03 1.462037706498044281e+04 7.717605965749602547e+03 2.516137996708180502e+00 -1.254707062413591645e+00 1.530601121721105665e+04
