5.251410718092791967e+02 3.036594567141947118e+04 2.984080459961019369e+04 2.763089580636311382e+00 -2.114115706328661304e+00 3.147718489275486718e+04
5.252194157638717797e+02 3.036663110142623191e+04 2.984141168566235865e+04 2.619867192436589942e+00 -4.971815077773535929e-01 3.149772921202285579e+04
5.251873585969516398e+02 3.036700425542216908e+04 2.984181689682521755e+04 2.534146668108837819e+00 -2.114115706328659083e+00 3.150891371628107299e+04
5.250937225224919302e+02 3.036276230041622330e+04 2.983766857789373171e+04 2.539508409171194803e+00 -1.480043108482174796e+00 3.138177005885762628e+04
5.251885732773275777e+02 3.036363498595751662e+04 2.983844641268019041e+04 2.851584012849326388e+00 -3.239184191603450724e+00 3.140792696799980695e+04
5.252096957243287534e+02 3.036704423155911354e+04 2.984183453583478331e+04 2.494661262036963478e+00 4.741586601341199469e-01 3.151011193750783059e+04
5.251850104426049484e+02 3.036646155475052365e+04 2.984127654430791881e+04 2.482061919457495325e+00 -2.998130141878085553e+01 3.149264931177543622e+04
5.251938552328138030e+02 3.036507249209467409e+04 2.983987863686186029e+04 2.559692260515385343e+00 -1.480043108482240299e+00 3.145105849911996484e+04
5.251081557339074379e+02 3.036486986112614613e+04 2.983976170539224040e+04 2.576264847419850401e+00 7.999047974058428601e-01 3.144537776701708935e+04
5.252184182619528201e+02 3.036609990583762192e+04 2.984088148757566887e+04 2.574484763792399544e+00 -1.480043108482185232e+00 3.148989633312475416e+04
6.949654298075704901e+03 1.757999485447324332e+04 1.063034055639753933e+04 2.562791400530517461e+00 1.894088862548029439e+00 1.854176519258282497e+04
4.138122601998486971e+03 7.073147526985251716e+03 2.935024924986764745e+03 2.409995512557749464e+00 2.105179811406284518e+00 7.834846533449624076e+03
1.547534628310057997e+03 3.482352059230895520e+03 1.934817430920837523e+03 2.276485213786591189e+00 1.601793185220801830e+00 4.177732392402343066e+03
5.377470758422391555e+02 2.345664426331385584e+03 1.807917350489146429e+03 2.195863652548416756e+00 1.222803437891485823e+00 2.981345508804432939e+03
3.644670902569636155e+02 2.160461956277265472e+03 1.795994866020301743e+03 1.637382095302624130e+00 1.264932423111012616e+00 2.813368333707576767e+03
3.518445978715674869e+02 2.141784045879546738e+03 1.789939448007979308e+03 1.726523230519575902e+00 1.426601735977637953e+00 2.794417872720716787e+03
3.400836971544394487e+02 2.135768128848009837e+03 1.795684431693570332e+03 1.310465847395935191e+00 1.221082085894871883e+00 2.791524167018364096e+03
3.392678208674004736e+02 2.139816462521097492e+03 1.800548641653696905e+03 1.262960378072111478e+00 1.100195176668107955e+00 2.801870026749927092e+03
3.407832777798586790e+02 2.152020888922302220e+03 1.811237611142443484e+03 1.255313457208165895e+00 8.386345989951126123e-01 2.859612458887479079e+03
3.414496165835354304e+02 2.137465201917152626e+03 1.796015585333617310e+03 1.235760989867916049e+00 1.157144393765071611e+00 2.819061522052499186e+03
3.409230247565191121e+02 2.139683041161001256e+03 1.798760016404482030e+03 1.690024668531680208e+00 1.166768426971686257e+00 2.844342319880937339e+03
3.530202827292051779e+02 2.154846199894772326e+03 1.801825917165567262e+03 1.059937206677224131e+00 1.086502314727937790e+00 2.825867300944271392e+03
3.919526546992141789e+02 2.194428034172206480e+03 1.802475379472992245e+03 1.547720518509519083e+00 9.282827610626966930e-01 2.876032629922641263e+03
5.345001253134751096e+02 2.347916508613323913e+03 1.813416383299848803e+03 2.206335980435469413e+00 9.981615573059207103e-01 3.058321539417392160e+03
1.157273103897898409e+03 3.023596330724696600e+03 1.866323226826798191e+03 2.466084009944597533e+00 1.693171347468988452e+00 3.788381393381327143e+03
3.292501031729833358e+03 5.705218938570961654e+03 2.412717906841128297e+03 2.419072368191968803e+00 2.706163766890023581e+00 6.550470417180044933e+03
5.055750735370043913e+03 8.601391757561108534e+03 3.545641022191064621e+03 2.440038355191316288e+00 2.869960990297298675e+00 9.451288315686908390e+03
6.285234049600147955e+03 1.160641054380683636e+04 5.321176494206688403e+03 2.343842978354389928e+00 -2.826317766968211576e-01 1.239377338730941119e+04
6.828471552029997838e+03 1.407401279391972275e+04 7.245541241889724915e+03 2.336215067884719332e+00 -1.377394183749885537e+00 1.486526589614393743e+04
6.908435569670215955e+03 1.475638038192797831e+04 7.847944812257762351e+03 2.701462909293433245e+00 -1.178027591607092139e+00 1.549126902119147962e+04
