5.251669677385282284e+02 3.036622133029919860e+04 2.984105436256066969e+04 2.576820006150841724e+00 -2.648963352965241214e+00 3.148544718646469482e+04
5.251649039859495360e+02 3.036741222734597250e+04 2.984224732336002126e+04 2.687164158515715773e+00 -3.183211151773544501e+01 3.152114181451509285e+04
5.252178554268657535e+02 3.036885387120035739e+04 2.984363601577349255e+04 2.344631403485999854e+00 -1.480043108482189451e+00 3.156435204943697681e+04
5.251149124287446739e+02 3.036561903481787886e+04 2.984050412238913486e+04 2.484811302670890232e+00 -1.480043108482193004e+00 3.146739464931317343e+04
5.251036596676127601e+02 3.036513366780720389e+04 2.984003000813959079e+04 2.593028541183313163e+00 -2.114115706328663524e+00 3.145284679657171728e+04
5.251866861214879236e+02 3.036777831639510623e+04 2.984259163027361865e+04 2.481283630913923233e+00 -1.480043108482153480e+00 3.153211458294576005e+04
5.251648776735707997e+02 3.036235179175648227e+04 2.983718691408291124e+04 2.633661470389487835e+00 -1.480043108482173020e+00 3.136946784136952556e+04
5.251702718322442252e+02 3.036685156738541991e+04 2.984168129555317500e+04 2.530956992214578261e+00 -2.114115706328651090e+00 3.150438191083357015e+04
5.251827385957625438e+02 3.036509534619659462e+04 2.983991260760083242e+04 2.505339248049932355e+00 -1.480043108482137271e+00 3.145213887033580977e+04
5.251826132655173751e+02 3.036792544162375270e+04 2.984274282835823396e+04 2.459423124611037625e+00 7.999047974057938992e-01 3.154487671570311795e+04
6.908033303246922515e+03 1.789442167496410548e+04 1.098638837171718296e+04 2.440714269961091976e+00 1.690376968502347532e+00 1.885880920729508216e+04
4.241836073749906973e+03 7.207010750230341728e+03 2.965174676480434755e+03 2.288959548235993680e+00 2.507455103694384402e+00 7.825490304799815021e+03
1.403274602877920415e+03 3.316295911706026345e+03 1.913021308828105930e+03 2.125553936239966912e+00 1.576793893496334809e+00 3.972835663615255726e+03
4.577001284612005634e+02 2.278315053418478328e+03 1.820614924957277708e+03 2.058517789828007150e+00 7.871212242848900642e-01 2.982698743139735143e+03
3.667795076653010256e+02 2.171444144924591001e+03 1.804664637259289975e+03 1.757944702879826293e+00 9.649705452495468405e-01 2.873382066638320794e+03
3.399506376013505360e+02 2.134339593797900761e+03 1.794388956196550225e+03 1.230188089357315606e+00 1.402056172558084457e+00 2.805507736084580301e+03
3.383140189734305636e+02 2.130093821836009283e+03 1.791779802862578663e+03 1.329389651023153318e+00 1.263059078130581492e+00 2.798966276899072454e+03
3.381513235388648013e+02 2.130505837061981765e+03 1.792354513523117021e+03 1.307266913660343643e+00 1.328939296037366047e+00 2.807396419622265057e+03
3.390327303862640065e+02 2.128778872945505100e+03 1.789746142559240980e+03 1.251941054411544796e+00 1.617590389713189358e+00 2.812409274750559689e+03
3.430059506295281722e+02 2.143580092147882169e+03 1.800574141518354054e+03 1.305503235556306540e+00 8.666273851685829532e-01 2.818421424576631580e+03
3.418646757742873206e+02 2.149882412327661314e+03 1.808017736553374107e+03 1.152635727552095979e+00 1.060732057550954011e+00 2.840954337269782172e+03
3.432209623801828116e+02 2.150772112764845588e+03 1.807551150384662833e+03 1.254026034012480473e+00 7.103735066424835543e-01 2.871935385514590962e+03
3.652373534945508595e+02 2.167599545606282391e+03 1.802362192111731474e+03 1.380896185444598245e+00 1.053748047119760223e+00 2.860621923289936149e+03
5.355659457137776371e+02 2.337404996450982708e+03 1.801839050737205071e+03 1.890894518710116268e+00 1.311402138739574452e+00 3.013437265079630379e+03
1.168625109683385290e+03 3.044844554495574357e+03 1.876219444812189067e+03 2.347510179661407737e+00 1.473928761390946862e+00 3.808969818095347364e+03
2.835315748496508604e+03 5.072895130515246819e+03 2.237579382018738215e+03 2.214213134435409014e+00 2.465245289301213560e+00 5.880105825458943400e+03
5.106121149267201872e+03 8.685494854438949915e+03 3.579373705171748043e+03 2.566383613093786042e+00 3.218170202106582334e+00 9.517334556826221160e+03
6.598493144980998295e+03 1.275387110850664067e+04 6.155377963525642372e+03 2.440784949512378788e+00 -3.530976119596831442e+00 1.363002177879293959e+04
6.880811207991012452e+03 1.446159847984776206e+04 7.580787271856749612e+03 2.618962771294706560e+00 -6.169060979704523717e-01 1.520199630642552620e+04
6.957543429501172795e+03 1.523259633871385449e+04 8.275052909212681698e+03 2.579509210064961255e+00 -7.609681732891134809e-01 1.600649188397799117e+04
