5.251582847281731574e+02 3.036259360823003590e+04 2.983743532350186433e+04 2.505064602390996154e+00 -1.480043108482183234e+00 3.137671386625341620e+04
5.252266166525321296e+02 3.036420989791694228e+04 2.983898328126440902e+04 2.463255336497721437e+00 7.999047974058187682e-01 3.142515874177911610e+04
5.251595415986733997e+02 3.036480483568651471e+04 2.983964529408784074e+04 2.652751893094388080e+00 -1.753564785466947029e+01 3.144299074703328370e+04
5.251957826615159775e+02 3.036362380587662847e+04 2.983842802321511408e+04 2.589567415370116255e+00 -1.480043108482188563e+00 3.140759186860650152e+04
5.250485139782274473e+02 3.036268676475369648e+04 2.983763825077546790e+04 2.489151440274016913e+00 -1.480043108482200553e+00 3.137950603667582254e+04
5.251426089080853217e+02 3.036614703430822919e+04 2.984100442540014410e+04 2.605452489425442053e+00 -2.114115706328659527e+00 3.148322034208795594e+04
5.251556660761885951e+02 3.036605574126802821e+04 2.984090007519183928e+04 2.600347911979274951e+00 -2.114115706328660860e+00 3.148048591328936891e+04
5.252353471174634478e+02 3.036836475279461956e+04 2.984312940567715486e+04 2.434091529114386088e+00 -2.114115706328653310e+00 3.154973688401852996e+04
5.251961400027528271e+02 3.036363389855310379e+04 2.983843775855034983e+04 2.442485562455976478e+00 -1.480043108482163250e+00 3.140833462644396059e+04
5.251133732044546605e+02 3.036618366634471022e+04 2.984107029314025567e+04 2.612047948672654218e+00 1.445498828045631123e+00 3.149252501895729438e+04
6.971072169846493125e+03 1.712633674192977924e+04 1.015526457208328611e+04 2.498099464052142782e+00 1.751440271417883165e+00 1.801290015356069125e+04
4.254757900198403149e+03 7.240334212167069381e+03 2.985576311968666232e+03 2.359723384165579585e+00 2.023909116729897928e+00 7.968051764433755125e+03
1.522688389494706371e+03 3.455097545768031068e+03 1.932409156273324697e+03 2.397259216200767984e+00 1.754836415296279428e+00 4.115747605637044217e+03
4.871405879437101021e+02 2.304346125426081926e+03 1.817205537482371710e+03 1.901018353908574099e+00 9.479961701338054381e-01 2.969795028794670543e+03
3.669288083678507064e+02 2.174771382302084021e+03 1.807842573934233315e+03 1.921659965342505272e+00 8.926753586817005592e-01 2.879322026604702842e+03
3.387075652532535628e+02 2.137607197359214751e+03 1.798899632105961246e+03 1.126522694079940434e+00 1.172985600411722285e+00 2.807982035396318224e+03
3.365993455894576414e+02 2.126919285240369845e+03 1.790319939650912147e+03 1.200959631967839725e+00 1.448381041576457084e+00 2.776726439532699260e+03
3.353838642015029450e+02 2.128908526580921716e+03 1.793524662379418714e+03 1.015423096895612831e+00 1.217836157159726485e+00 2.794976729941774011e+03
3.389034386953726994e+02 2.127152150762409292e+03 1.788248712067036649e+03 2.046720126948385232e+00 1.229383425133695695e+00 2.761255628167284613e+03
3.396784192009145613e+02 2.144039134750210451e+03 1.804360715549295946e+03 1.108128291351544448e+00 1.028917972641389289e+00 2.832339615887094169e+03
3.411950405964726087e+02 2.145731948424001985e+03 1.804536907827529376e+03 1.193464103113935026e+00 8.364976017701278854e-01 2.818900141345225620e+03
3.495872407281308938e+02 2.143621763802286750e+03 1.794034523074155913e+03 1.463007900901051483e+00 1.095842284244388898e+00 2.785470946107858708e+03
3.820492417310648534e+02 2.180212229919085985e+03 1.798162988188021245e+03 1.558707824638537742e+00 1.165691740042027691e+00 2.861558009206287807e+03
5.364520641204777576e+02 2.344321979791931881e+03 1.807869915671454237e+03 2.026729486690799664e+00 1.134000220952150251e+00 3.051901836602874937e+03
1.158153918106318542e+03 3.034142530432015974e+03 1.875988612325697432e+03 2.076359413250881136e+00 1.203459431795235846e+00 3.797712920492883768e+03
2.913458521559964538e+03 5.173688717245066073e+03 2.260230195685101535e+03 2.296045273981735857e+00 2.578654375174727509e+00 6.038569344311938039e+03
5.073922259326884159e+03 8.637836237813105981e+03 3.563913978486221822e+03 2.555031007627230011e+00 3.245352310309395083e+00 9.536301745517897871e+03
6.307105876679641369e+03 1.168654964658924291e+04 5.379443769909601542e+03 2.632629419970295537e+00 -1.277971091754730226e+00 1.245003100030807036e+04
6.782996060259604747e+03 1.373346037387829347e+04 6.950464313618688720e+03 2.556519924397206101e+00 -5.379098456097445302e-01 1.448636476469764420e+04
6.940755430706491097e+03 1.497804629015270257e+04 8.037290859446211471e+03 2.397219661869675722e+00 -1.224162142422884791e+00 1.581755538106319727e+04
