5.251207851992097631e+02 3.036379002940245846e+04 2.983866924420324722e+04 2.601152701380738730e+00 -1.573067226363153104e+01 3.141257406832173365e+04
5.251679451800206380e+02 3.036508130453099147e+04 2.983991335935097231e+04 2.508022788397295866e+00 -1.480043108482174796e+00 3.145127731773167761e+04
5.251486868977186759e+02 3.036948727564872024e+04 2.984433858875100123e+04 2.441238378370222062e+00 -2.114115706328651090e+00 3.158333701228799691e+04
5.250562845111415982e+02 3.036161333653065958e+04 2.983655705201951787e+04 2.481030897207709085e+00 -1.480043108482198777e+00 3.134733228890567989e+04
5.251607283473451844e+02 3.036059803948672925e+04 2.983543731113938338e+04 2.484197418683171676e+00 -1.480043108482142822e+00 3.131690090073462488e+04
5.251591666791448461e+02 3.036852613709021898e+04 2.984336697041107254e+04 2.536837814427041593e+00 -3.136941055403255518e+01 3.155452893107999262e+04
5.251318164310773682e+02 3.036870931618902978e+04 2.984357749975795377e+04 2.524539902942023684e+00 -2.998130141878085908e+01 3.156002123111713445e+04
5.251567706186377791e+02 3.036465042891160192e+04 2.983949365829296585e+04 2.529546618875261554e+00 -1.468521675688840178e+00 3.143840755075566267e+04
5.251893066403191597e+02 3.036374781955545041e+04 2.983855851291512954e+04 2.570298598104538979e+00 -1.468521675688838846e+00 3.141175317733067277e+04
5.251500601086682991e+02 3.036755231954828923e+04 2.984240225943961923e+04 2.571116068989292014e+00 -3.239184191603455165e+00 3.153368183739591404e+04
6.924176052160082691e+03 1.771073270448224503e+04 1.078655665232216234e+04 2.756065431570325686e+00 1.756913580783251660e+00 1.861183445729346568e+04
4.297188196653463820e+03 7.294418273665904962e+03 2.997230077012441143e+03 2.411228087683068733e+00 2.470029871315408077e+00 8.073455149659707786e+03
1.501863410321805304e+03 3.434270873381495221e+03 1.932407463059689917e+03 2.294759214763739674e+00 1.751186106914668583e+00 4.172353102561973174e+03
4.993216401213722975e+02 2.313677060613428694e+03 1.814355420492056510e+03 1.953810252844805140e+00 8.204569676557991187e-01 2.990550612881615962e+03
3.649709171600056266e+02 2.173592635695919853e+03 1.808621718535914169e+03 2.017417702953593128e+00 9.322288983576844101e-01 2.854692325580677334e+03
3.398216694957961295e+02 2.140691986301098041e+03 1.800870316805301854e+03 1.230462141020593370e+00 1.029697720640631031e+00 2.814392468819738497e+03
3.405238401556527492e+02 2.150076659901213588e+03 1.809552819745560782e+03 1.258500663696785926e+00 8.522928705934799121e-01 2.833801189895249991e+03
3.374363054712977714e+02 2.142859673723744891e+03 1.805423368252447062e+03 1.175583117347138939e+00 1.131870779141831873e+00 2.857067782868532504e+03
3.344936398768182357e+02 2.128181943600244267e+03 1.793688303723426088e+03 1.226639558442504940e+00 1.223743905924249198e+00 2.794565930770957038e+03
3.399841368527170289e+02 2.134862999624739132e+03 1.794878862772022103e+03 1.249124170337206907e+00 1.387159442317972946e+00 2.840372877752645763e+03
3.389402778718085756e+02 2.127720269045867099e+03 1.788779991174058523e+03 1.787963409534619297e+00 1.367334409215934743e+00 2.758865220169936038e+03
3.414867395378581705e+02 2.148396858282448648e+03 1.806910118744590363e+03 1.328629059992944894e+00 8.252473884992203024e-01 2.877312643066102737e+03
3.626815082399551216e+02 2.161981776936507686e+03 1.799300268696552621e+03 1.243180449028787216e+00 1.191844743546183416e+00 2.833420829180180590e+03
5.770054180008083904e+02 2.395203687334263122e+03 1.818198269333454846e+03 2.154369422381736232e+00 1.162052398151650623e+00 3.108160701903081645e+03
1.068568941552937076e+03 2.925769394940127768e+03 1.857200453387190692e+03 2.303192527864824424e+00 1.531017401215016394e+00 3.678609466971900474e+03
3.116894320491518556e+03 5.452827722593344333e+03 2.335933402101825777e+03 2.509374640206375684e+00 2.526726592031955487e+00 6.273787234455418002e+03
5.306597545460765105e+03 9.117599521143223683e+03 3.811001975682458578e+03 2.380732333617249896e+00 2.927856148112349732e+00 1.001452760438964287e+04
6.254705481348760259e+03 1.152439134493549500e+04 5.269685863586734740e+03 2.393184766092982585e+00 -1.379539796402151353e-01 1.224129948433660138e+04
6.799663233774806940e+03 1.381999201590958546e+04 7.020328782134778521e+03 2.570935830843980252e+00 -1.429021258720919674e+00 1.454125314926112515e+04
6.952964895667893870e+03 1.514475477260600201e+04 8.191789876938108137e+03 2.541094800617780702e+00 -8.848771838976866588e-01 1.587225820063629544e+04
