5.251824901103573211e+02 3.036672885166870401e+04 2.984154636155834669e+04 2.527150333521575476e+00 -2.114115706328663524e+00 3.150065906944183371e+04
5.251336130121658243e+02 3.037003130610236622e+04 2.984489769309019903e+04 2.455007782111997994e+00 -1.480043108482194336e+00 3.159964317808386841e+04
5.252116679442458462e+02 3.036811947233741375e+04 2.984290780439316950e+04 2.697820265269617490e+00 -1.480043108482207437e+00 3.154233999195330762e+04
5.251019930265757694e+02 3.036678543839028134e+04 2.984168344536370569e+04 2.472891868330251874e+00 -4.469136219256747466e+01 3.150235513710857413e+04
5.251176063765891513e+02 3.036702845274095307e+04 2.984191084636436426e+04 2.509829818147368830e+00 -4.469136219256747466e+01 3.150963897993264982e+04
5.252148886476342113e+02 3.036767648617383020e+04 2.984246159752619496e+04 2.584208529287066458e+00 -3.054955028694509522e+01 3.152906243639405875e+04
5.252160841107637452e+02 3.036375356195564746e+04 2.983853747784488223e+04 2.445788095885264912e+00 -1.480043108482179237e+00 3.141148293799044768e+04
5.251855554375562178e+02 3.036908966847183910e+04 2.984390411303428118e+04 2.613080071225895917e+00 7.999047974058254296e-01 3.157146425389295837e+04
5.252055663939055421e+02 3.036756284075821168e+04 2.984235727436430534e+04 2.584336858745172272e+00 -1.480043108482165692e+00 3.152609751305798636e+04
5.252080716686334654e+02 3.036612084220641191e+04 2.984091277053777958e+04 2.488500020757250297e+00 -1.480043108482198777e+00 3.149012124947290431e+04
6.910610425268966537e+03 1.798592071240426958e+04 1.107531028713530395e+04 2.343751956321733498e+00 2.325835266565431159e+00 1.895295618964350797e+04
4.088265030442558327e+03 6.965771604306534755e+03 2.877506573863976428e+03 2.488091078227823161e+00 2.405803407404101257e+00 7.724871024959027636e+03
1.416329292939258949e+03 3.350164992370929667e+03 1.933835699431670719e+03 2.374524138719689148e+00 1.074960875157928264e+00 4.054447562103284326e+03
4.338726474586143240e+02 2.244729647804029355e+03 1.810857000345415145e+03 2.209564472910926725e+00 8.953531845607406447e-01 2.932705257685531251e+03
3.639292773853403560e+02 2.151482798111961984e+03 1.787553520726621628e+03 2.210028561922195767e+00 1.354103057703599511e+00 2.768732731311957650e+03
3.372390951808848740e+02 2.129778289654243054e+03 1.792539194473358293e+03 1.002783411437268235e+00 1.106590074148696701e+00 2.796859164305747527e+03
3.408294383162363488e+02 2.149154056480555937e+03 1.808324618164319645e+03 1.091697200846575067e+00 8.236300792869988285e-01 2.841616704663696510e+03
3.378579913705609101e+02 2.132313191792150064e+03 1.794455200421589097e+03 1.162159267279826658e+00 1.250964328775538537e+00 2.782642657408748619e+03
3.432493124799578368e+02 2.148894474762104892e+03 1.805645162282147112e+03 1.210701882993377554e+00 1.098759408634040646e+00 2.874594647225498647e+03
3.386290489469529916e+02 2.136331670285190285e+03 1.797702621338237350e+03 1.288764717774803392e+00 1.159050409479736032e+00 2.823201150336374667e+03
3.387618622589235429e+02 2.145524038166959144e+03 1.806762175908035715e+03 1.143815354335701251e+00 8.743728556408298935e-01 2.853042173128372724e+03
3.482888863509365933e+02 2.144341013795026811e+03 1.796052127444090274e+03 1.355051373488936006e+00 1.165065546361170545e+00 2.822568149655896377e+03
3.511276357125184404e+02 2.146900985508866142e+03 1.795773349796347702e+03 1.127786206658065282e+00 1.181989603647876752e+00 2.821766682565403244e+03
5.512913520065660578e+02 2.365792291038306757e+03 1.814500939031740700e+03 1.968125246364205383e+00 1.409248241804628821e+00 3.070757471470117707e+03
1.365856228556840961e+03 3.263943633686045814e+03 1.898087405129204853e+03 2.340234159640466771e+00 1.720425800960469154e+00 4.025661190607199387e+03
3.023036199663577463e+03 5.325305398431084541e+03 2.302269198767507078e+03 2.367330379033381949e+00 2.490288494808621689e+00 6.173274236001380814e+03
5.108282307191508153e+03 8.698109067223314923e+03 3.589826760031806771e+03 2.442620673117970043e+00 3.089778602909106553e+00 9.504346911450762491e+03
6.316850470725165906e+03 1.172393804249905406e+04 5.407087571773888158e+03 2.482070758915209563e+00 -5.535012076710384976e-01 1.251612469401270937e+04
6.900567337601240069e+03 1.449652737969724149e+04 7.595960042096001416e+03 2.851473819310131663e+00 -8.557169597152101126e-01 1.522632367323611288e+04
6.935949851757236502e+03 1.497433487100863385e+04 8.038385019251397352e+03 2.459247814987704395e+00 -1.287453968934680226e+00 1.562870075252849165e+04
