5.252318558602958092e+02 3.036717759223114990e+04 2.984194573637085341e+04 2.406693225307750428e+00 -2.902500831584346486e+01 3.151410912166386333e+04
5.251228575688795672e+02 3.037276323284810860e+04 2.984764037527922846e+04 2.580414746844697849e+00 -2.114115706328651090e+00 3.168152692219938763e+04
5.251533836014320968e+02 3.036832945231953272e+04 2.984317606871810131e+04 2.515145387583660241e+00 -1.468521675688842398e+00 3.154863369918953686e+04
5.251200702932728746e+02 3.036822607933197651e+04 2.984310600903870363e+04 2.674806406872413334e+00 -2.114115706328671074e+00 3.154553531184033636e+04
5.250891431719859384e+02 3.036667169829050181e+04 2.984158255511851530e+04 2.577650214136360862e+00 -3.239184191603467156e+00 3.149894601747060369e+04
5.251695147924275489e+02 3.036583901419914037e+04 2.984066949940671111e+04 2.506471852531889422e+00 -1.480043108482179015e+00 3.147398808820649720e+04
5.251026701086352659e+02 3.037195429202734522e+04 2.984685162191871132e+04 2.409077055594862404e+00 -1.468521675688833739e+00 3.165728254101874700e+04
5.251851121141507974e+02 3.036267955702310792e+04 2.983749444490895621e+04 2.474560397341766915e+00 -1.480043108482240299e+00 3.137933535550413944e+04
5.251938432766179403e+02 3.036605013469747428e+04 2.984085629142085600e+04 2.506979506982951911e+00 7.999047974058212107e-01 3.148075738550559254e+04
5.251381460473600100e+02 3.036762168401470262e+04 2.984248353796734227e+04 2.457990236614031598e+00 -2.114115706328663524e+00 3.153565390674358787e+04
6.924800934249795318e+03 1.776381705712505573e+04 1.083901612287526041e+04 2.440169501248082629e+00 1.999948641243028291e+00 1.870035690259163675e+04
4.100561161324210843e+03 6.970272231799869587e+03 2.869711070475658744e+03 2.437951047956146144e+00 2.549406321568385980e+00 7.704460130051274973e+03
1.438009231006182517e+03 3.376276845604920254e+03 1.938267614598737737e+03 2.321499970011774661e+00 1.437561671281736508e+00 4.100139345538012094e+03
4.693212883932836235e+02 2.271194511778608103e+03 1.801873223385324536e+03 1.912970267415776027e+00 1.452452453919804709e+00 2.926881418529525945e+03
3.633642532701803702e+02 2.165317891030429109e+03 1.801953637760248739e+03 1.666633350301333971e+00 9.977517172994776473e-01 2.860758164309515450e+03
3.409182240003606239e+02 2.139702660796886903e+03 1.798784436796526279e+03 1.088188032108598380e+00 1.250047604769333409e+00 2.863390955446324824e+03
3.407974309397240518e+02 2.142851012074232585e+03 1.802053581134508477e+03 1.441721358333850844e+00 1.088746044730468654e+00 2.839330385102096898e+03
3.365021555549120080e+02 2.123891645956959565e+03 1.787389490402047613e+03 1.217546703928290563e+00 1.397479183320928575e+00 2.764079775479063301e+03
3.422917674329688680e+02 2.139710789599198506e+03 1.797419022166229752e+03 1.122121976074028415e+00 1.353859926770763833e+00 2.826051753802984877e+03
3.372340124388693425e+02 2.130661889464930937e+03 1.793427877026061651e+03 1.131490906277184516e+00 1.387675106372392220e+00 2.804303647153435122e+03
3.412068045531716507e+02 2.135135914002752997e+03 1.793929109449581347e+03 1.254844738099510026e+00 1.006198011508468992e+00 2.813303971243513388e+03
3.384710419717989112e+02 2.125960710738499984e+03 1.787489668766701016e+03 1.178346498343725068e+00 1.124683911194158004e+00 2.776907602152724849e+03
3.545439336439040403e+02 2.154708450520337465e+03 1.800164516876433481e+03 1.361184652074848289e+00 1.293070832956170202e+00 2.884908958020327645e+03
4.174073098011862726e+02 2.211834381282729737e+03 1.794427071481543408e+03 1.723873293312411903e+00 1.317640146745543417e+00 2.865935935987130051e+03
1.306942654113739536e+03 3.201169710116034366e+03 1.894227056002294830e+03 2.176973108923460298e+00 1.521670885346923185e+00 4.024002030436149198e+03
2.958127722536698911e+03 5.248290944791836409e+03 2.290163222255137498e+03 2.320740088137269286e+00 2.664082733456726526e+00 6.073897315739611258e+03
5.195984972438759542e+03 8.864377398632890618e+03 3.668392426194131076e+03 2.492478343937840624e+00 2.734900101433545228e+00 9.727330535427056020e+03
6.550664479554788159e+03 1.254578369399187613e+04 5.995119214437087976e+03 2.463932782666696131e+00 -1.628832540183644317e+00 1.326269788349113151e+04
6.816457810882937338e+03 1.398732245067471013e+04 7.170864639791772788e+03 2.406992883847468345e+00 -9.731292773609241387e-01 1.469862129501713389e+04
6.953174757495196900e+03 1.532164845581538248e+04 8.368473698320185576e+03 2.530775014226510411e+00 -1.210184385899601756e+00 1.609760882983604097e+04
