5.251635549912429042e+02 3.036607070472467967e+04 2.984090714973343711e+04 2.550525335432413332e+00 -1.142775538417173609e+00 3.148093250245483796e+04
5.250961721942471740e+02 3.036972858681381695e+04 2.984463241461956932e+04 2.557683322234739265e+00 -1.480043108482174796e+00 3.159056980567413484e+04
5.252119781700863541e+02 3.036690558484723806e+04 2.984169360667715227e+04 2.632552722395552269e+00 4.741586601341019058e-01 3.150595627384010731e+04
5.252467257540397441e+02 3.036494799470831276e+04 2.983970126895427165e+04 2.538310639393786872e+00 -1.480043108482197001e+00 3.144728163687304914e+04
5.251361218807304567e+02 3.037149538756124457e+04 2.984635926568051582e+04 2.477626299768079576e+00 -4.645050327568875304e+01 3.164352593293214522e+04
5.251797731961693216e+02 3.036501825557499251e+04 2.983983848237882194e+04 2.524349979005270139e+00 -1.577650677154818482e+01 3.144938757917382463e+04
5.251826968510390543e+02 3.036763833875815544e+04 2.984245564190711593e+04 2.495441253462495457e+00 -1.480043108482156811e+00 3.152792093717231910e+04
5.251138536358499778e+02 3.037132363337535207e+04 2.984620977973950357e+04 2.520904211527208005e+00 -2.114115706328661304e+00 3.163842290974730349e+04
5.251670281630946420e+02 3.037036114231958709e+04 2.984519411415649301e+04 2.509931909826475405e+00 -2.114115706328665301e+00 3.160996945469066122e+04
5.251776321949070052e+02 3.036111949481116972e+04 2.983594186261626237e+04 2.485668231814397000e+00 -1.480043108482187009e+00 3.134064750934500626e+04
6.917631540770245010e+03 1.775087801236343876e+04 1.083324647159319284e+04 2.369585875086015481e+00 2.004876497041111705e+00 1.863857184449180204e+04
4.177850158049792299e+03 7.126631474373362835e+03 2.948781316323570536e+03 2.234030862976661425e+00 2.359144351471776258e+00 7.931855749236914562e+03
1.369710565314476526e+03 3.294483471701241797e+03 1.924772906386765271e+03 2.428767637067391405e+00 1.296758961440361624e+00 4.060263837990109550e+03
5.237104803174834160e+02 2.331736189399986870e+03 1.808025709082503454e+03 2.060791788957452741e+00 1.122714992365414943e+00 3.013043479139700139e+03
3.640927657612948565e+02 2.156082425382949168e+03 1.791989659621654255e+03 1.655379298665242693e+00 1.068103983375213950e+00 2.789452736181232922e+03
3.398316292628347810e+02 2.140073824333310313e+03 1.800242195070475645e+03 1.199743808400237643e+00 1.033536317351705813e+00 2.808021343351887026e+03
3.329692474977332495e+02 2.126252488130985057e+03 1.793283240633251808e+03 1.191406615011429748e+00 1.096178449807346356e+00 2.770580742210590415e+03
3.404022463559481935e+02 2.133512197361949802e+03 1.793109951006001666e+03 1.241689704730458699e+00 1.266860056774930188e+00 2.784946533665162860e+03
3.422557813273440388e+02 2.150149596246228612e+03 1.807893814918884573e+03 1.211328274203081756e+00 9.929182256898799741e-01 2.867766069901333594e+03
3.383266462370364138e+02 2.129606266675498318e+03 1.791279620438461961e+03 1.177457073899609075e+00 1.361860389830301665e+00 2.785214143557722764e+03
3.409700216446422019e+02 2.140747953519683506e+03 1.799777931875041304e+03 1.073246271673413910e+00 1.162885202946777552e+00 2.831179812474608752e+03
3.383578194883823471e+02 2.133241799089355936e+03 1.794883979600973589e+03 1.204541156493638132e+00 1.207293393018443295e+00 2.838398927984826059e+03
3.643806713997734619e+02 2.167621849797992581e+03 1.803241178398219063e+03 1.621846013847886736e+00 1.147724693798344298e+00 2.870378283741279120e+03
4.947030077289192604e+02 2.293708384651040433e+03 1.799005376922121286e+03 1.663270709183620299e+00 1.569374274621137877e+00 2.963945219187850398e+03
1.157804575057781221e+03 3.029985450950664017e+03 1.872180875892882796e+03 2.289165593233192464e+00 1.781117088297983431e+00 3.808733919731781043e+03
2.856382386022891296e+03 5.106170761640671117e+03 2.249788375617779820e+03 2.245680543145214259e+00 2.557241433543568920e+00 5.925799306098285342e+03
5.081312124552934620e+03 8.657527996813811114e+03 3.576215872260876495e+03 2.470863456891827070e+00 2.947026333952740718e+00 9.551010600616800730e+03
6.374307796331103418e+03 1.190382125706681836e+04 5.529513460735714943e+03 2.427188919023365532e+00 -1.103286847833453016e-01 1.263113426896974852e+04
6.814870608891244956e+03 1.391080886306943285e+04 7.095938254178187890e+03 2.410706350542983767e+00 -1.670838679318117803e+00 1.468041975161863229e+04
6.958252687187406991e+03 1.526241674763749870e+04 8.304164060450091711e+03 2.543504787191615435e+00 -5.452956232879990761e-01 1.606181808658001501e+04
