5.251310710425289017e+02 3.036604915205157158e+04 2.984091808100904382e+04 2.449146026953877620e+00 -3.239184191603509788e+00 3.148028650652026045e+04
5.251179244943599542e+02 3.036804563644604059e+04 2.984292771195168098e+04 2.515965561142951668e+00 -3.239184191603458718e+00 3.154012691678863848e+04
5.251108633924617379e+02 3.036603930142196259e+04 2.984092843802949938e+04 2.608591794757705529e+00 -3.239184191603437402e+00 3.147999125466675105e+04
5.252015057100232980e+02 3.036747998888606162e+04 2.984227848317604003e+04 2.529212262696145519e+00 2.589606499208165213e-01 3.152317282380761026e+04
5.251465411549057762e+02 3.036789258232045540e+04 2.984274604116554838e+04 2.551711142044843950e+00 7.999047974057947874e-01 3.153553944211907219e+04
5.252021863015867211e+02 3.036411669275293025e+04 2.983891450645134319e+04 2.407014237444340843e+00 -1.480043108482185232e+00 3.142236513426598685e+04
5.251952136677399494e+02 3.037079579245679270e+04 2.984560057878905354e+04 2.564017171489210600e+00 -4.586889199652224391e+01 3.162255895436876744e+04
5.251819333064887587e+02 3.036336910364729920e+04 2.983818717034081055e+04 2.572591649096735988e+00 7.999047974057887922e-01 3.140000293868203516e+04
5.251346547979366051e+02 3.036709157638842589e+04 2.984195692159048849e+04 2.474222021388969406e+00 -2.114115706328666189e+00 3.151197159404402919e+04
5.252171370796776273e+02 3.036594676519548011e+04 2.984072962811580146e+04 2.656177381848040753e+00 -1.480043108482166803e+00 3.148496232949481055e+04
6.906288939832807955e+03 1.782866364577360218e+04 1.092237470594079423e+04 2.605362204383266711e+00 1.716841117993131993e+00 1.878377533628370657e+04
4.610365766998544132e+03 7.862426052650803285e+03 3.252060285652259154e+03 2.379686003625044233e+00 2.456647949150505550e+00 8.642362152619980407e+03
1.366933572090769758e+03 3.289164663418445798e+03 1.922231091327676040e+03 2.437167277436181667e+00 1.512528167144472357e+00 4.014386367783152309e+03
4.824197401801254728e+02 2.283047591168063718e+03 1.800627850987938245e+03 2.304829472104766186e+00 1.182860588401877466e+00 2.915509593208959359e+03
3.670020764063087313e+02 2.164540597909920052e+03 1.797538521503611264e+03 2.074966868954893240e+00 9.507264528841488094e-01 2.816824434603734517e+03
3.397404909753101947e+02 2.126482527808248506e+03 1.786742036832938311e+03 1.568020589917518359e+00 1.212060420788511950e+00 2.769791588883235363e+03
3.364319981960568953e+02 2.123341670636235904e+03 1.786909672440179065e+03 1.180611695492782998e+00 1.549329701009507287e+00 2.777077920577663917e+03
3.394965561268065812e+02 2.139538479368804019e+03 1.800041923241997438e+03 1.185701174048234385e+00 1.232081203432404681e+00 2.819020748682660724e+03
3.389352937250218361e+02 2.134501160168929800e+03 1.795565866443907908e+03 1.228040430606269107e+00 9.478893135565407135e-01 2.775829986914076471e+03
3.403536939218741963e+02 2.142592366542789932e+03 1.802238672620915622e+03 9.917107990259700356e-01 8.507224902548697898e-01 2.815644366219120911e+03
3.405026796863768368e+02 2.139559878436718918e+03 1.799057198750342195e+03 1.471868581760686467e+00 1.263940909943330526e+00 2.837519401559093239e+03
3.393049308901676113e+02 2.133211081944313719e+03 1.793906151054145994e+03 1.323810851949941858e+00 9.915914490054853481e-01 2.775844959881520026e+03
3.390801011387606536e+02 2.133771252671338061e+03 1.794691151532577351e+03 1.456491212255970114e+00 1.052918542669603497e+00 2.809004043344408274e+03
4.304988407026345385e+02 2.229171349914950497e+03 1.798672509212316072e+03 2.046409081587597711e+00 1.335002976027260368e+00 2.913200579219562769e+03
1.205998841190963276e+03 3.080483943293870652e+03 1.874485102102907376e+03 2.274365369290406225e+00 1.741788546050669462e+00 3.852297140199625119e+03
2.790019061034455262e+03 5.025562071066440694e+03 2.235543010031985432e+03 2.205053623680084396e+00 2.629898832685814813e+00 5.876832648181902186e+03
5.167546892713885427e+03 8.835494966566695439e+03 3.667948073852810012e+03 2.519762131079598344e+00 3.025017515833389847e+00 9.704435812977631940e+03
6.447196634849361544e+03 1.215988328496010581e+04 5.712686650110744267e+03 2.604522858492450244e+00 -7.365158536800850975e-01 1.293156956686751619e+04
6.847175795944170204e+03 1.414518463158235500e+04 7.298008835638184792e+03 2.575020731494210846e+00 -1.513184334470161874e+00 1.480798908233989459e+04
6.880675587647197062e+03 1.449427575709102894e+04 7.613600169443831874e+03 2.437379009171257493e+00 -1.553112627700351522e+00 1.534017532812738136e+04
