5.252358581136675184e+02 3.036586270122731730e+04 2.984062684311364865e+04 2.742572338935854948e+00 1.445498828045604922e+00 3.147469803618089281e+04
5.251783349295551488e+02 3.037078302099524808e+04 2.984560468606569339e+04 2.436984590754930569e+00 7.999047974057997834e-01 3.162217424705584563e+04
5.251519531447765985e+02 3.036159573695863583e+04 2.983644378381385832e+04 2.518332472570667946e+00 -1.480043108482192338e+00 3.134680477883930507e+04
5.251466715568406016e+02 3.036678257357670009e+04 2.984163590201985789e+04 2.704396878192373066e+00 -1.480043108482187231e+00 3.150226927036654524e+04
5.251153421844624063e+02 3.036719359387811710e+04 2.984207825169365606e+04 2.394195454927123379e+00 -2.114115706328661304e+00 3.151458873732930442e+04
5.251406360274849021e+02 3.036500584880541282e+04 2.983986521277792781e+04 2.489652829253280242e+00 -1.480043108482185232e+00 3.144901571255158706e+04
5.251054901600796256e+02 3.036855642469384111e+04 2.984345093453376103e+04 2.655679707392993638e+00 -1.468521675688848838e+00 3.155543862701666512e+04
5.251498422079525881e+02 3.036561562198166575e+04 2.984046577977371271e+04 2.438096997938104860e+00 7.999047974057864607e-01 3.146733742917344716e+04
5.252035604158521664e+02 3.036478942197518700e+04 2.983958586155933517e+04 2.536014375965771173e+00 -1.480043108482180569e+00 3.144296915657699719e+04
5.251966309002959861e+02 3.036718183123488416e+04 2.984198520033458772e+04 2.555731061842951846e+00 -1.468521675688846395e+00 3.152214801958025055e+04
6.951485338414913713e+03 1.748507891933005885e+04 1.053359358091514514e+04 2.511598697039767902e+00 1.865842841579050670e+00 1.843664274949537503e+04
4.372590792658332248e+03 7.429844694249504755e+03 3.057253901591172507e+03 2.362010264297538242e+00 2.399306657181776270e+00 8.177371701331831900e+03
1.342391033819747463e+03 3.256753127016331291e+03 1.914362093196583828e+03 2.270401313016662925e+00 1.231625992192585839e+00 3.952211680994012568e+03
4.449772022147499229e+02 2.250615036997647621e+03 1.805637834782897698e+03 1.904578032677206600e+00 1.581298796160464093e+00 2.958355386613301107e+03
3.393069075889912938e+02 2.135028068126695416e+03 1.795721160537704236e+03 1.019958679231683485e+00 1.266561022978700102e+00 2.802206225631693997e+03
3.394839846525810003e+02 2.132545962652141952e+03 1.793061977999560895e+03 1.005713685879005004e+00 1.147680347019333302e+00 2.802109246277395414e+03
3.369852976527882902e+02 2.128377580195017345e+03 1.791392282542229168e+03 1.181183673166760650e+00 1.623471006936105354e+00 2.798074637425529090e+03
3.390805157267322443e+02 2.127974851815210513e+03 1.788894336088478212e+03 1.176358405453978406e+00 9.770762037515771103e-01 2.759882829187444258e+03
3.445951190086075826e+02 2.141811740072569137e+03 1.797216621063961611e+03 1.176739802035932092e+00 1.247026859027407619e+00 2.847684660327704023e+03
3.423532029421463108e+02 2.149502618770708523e+03 1.807149415828562269e+03 1.076558781806171039e+00 8.326250070924871016e-01 2.830723210339660454e+03
3.393448961951172009e+02 2.139738218570407753e+03 1.800393322375290609e+03 1.119011399273455387e+00 1.180337438140211859e+00 2.846968486007345746e+03
3.395056834877982510e+02 2.130658998447917838e+03 1.791153314960119587e+03 1.267258328476563722e+00 9.466923711459424018e-01 2.764138027662147579e+03
3.497957885405735396e+02 2.141967429473378616e+03 1.792171640932805076e+03 1.282065940513860136e+00 1.196280720516900153e+00 2.756263949967035842e+03
5.617795129503859926e+02 2.371642832963953424e+03 1.809863320013567318e+03 1.673539871998940276e+00 1.076148795547894776e+00 3.085398825502488307e+03
1.159563353666148032e+03 3.027009511881941762e+03 1.867446158215793730e+03 2.541165857191525657e+00 1.518145616001888465e+00 3.790798748898048871e+03
2.939755070241476915e+03 5.214981849600114401e+03 2.275226779358637486e+03 2.382783538150346825e+00 2.571128203309635651e+00 6.014508106328794383e+03
5.076586548059501183e+03 8.654645229402038240e+03 3.578058681342537056e+03 2.780478860799035612e+00 3.106346228559319300e+00 9.489038079495925558e+03
6.400992417281089729e+03 1.200382502590346121e+04 5.602832608622371481e+03 2.333642093604684664e+00 -3.358884474712985901e-01 1.276644354919495345e+04
6.885628197497822839e+03 1.445031987383676278e+04 7.564691676338939942e+03 2.434438746060292313e+00 -1.064818272663138110e+00 1.517124448851339548e+04
6.934447679847779000e+03 1.486264577718009059e+04 7.928198097332311590e+03 2.449513837503021652e+00 -8.883040744247598930e-01 1.563428463176855439e+04
