5.251906370283138585e+02 3.036397520668359357e+04 2.983878456965527948e+04 2.499855612018548889e+00 -1.480043108482202774e+00 3.141812436689045717e+04
5.252038206316851756e+02 3.037024408402015979e+04 2.984504026338847325e+04 2.704662928362456142e+00 -2.114115706328661304e+00 3.160602074754225396e+04
5.251615289122028116e+02 3.036518896732858775e+04 2.984002743841638585e+04 2.597601031838152608e+00 -1.480043108482171244e+00 3.145450428309032213e+04
5.251176413346813661e+02 3.036799417514082597e+04 2.984287653380614574e+04 2.490316054892762754e+00 -1.480043108482185898e+00 3.153858447266534131e+04
5.251098850190345502e+02 3.036693963204478496e+04 2.984182974702574938e+04 2.471593309034426866e+00 1.445498828045611583e+00 3.150697676683637837e+04
5.251787472952480584e+02 3.036667324459227530e+04 2.984149449729702610e+04 2.465626449544343846e+00 -1.480043108482193892e+00 3.149899238543607134e+04
5.251640661596569544e+02 3.036855021081352243e+04 2.984338614465386490e+04 2.442402684914963817e+00 -2.114115706328663524e+00 3.155525236950453473e+04
5.252100618873549820e+02 3.036472399721210240e+04 2.983951393532474685e+04 2.584369121944475101e+00 7.999047974058269839e-01 3.144061267007949209e+04
5.251689493316463313e+02 3.036634138085235099e+04 2.984117243152070296e+04 2.876067901009587757e+00 -1.468521675688857497e+00 3.148948557482427350e+04
5.250879657801746134e+02 3.036555606005548543e+04 2.984046809427531116e+04 2.496781788738157815e+00 -2.114115706328658195e+00 3.147370445591160023e+04
6.895879367122232907e+03 1.800777036100755140e+04 1.111189099388531758e+04 2.626761600612275593e+00 1.276203251275177308e+00 1.898921624204256295e+04
3.994063949610603231e+03 6.809207465429772128e+03 2.815143515819168897e+03 2.403980008904250010e+00 2.289514893837042653e+00 7.558110922272214339e+03
1.352907665817913312e+03 3.269893129234157641e+03 1.916985463416244329e+03 2.351144208354263299e+00 1.288429216741787231e+00 3.975402896014014459e+03
4.957950357266459491e+02 2.294723079673964548e+03 1.798928043947318656e+03 2.042639736321457899e+00 1.463923707191882473e+00 2.917828490082464214e+03
3.824828157142120517e+02 2.187333733732736619e+03 1.804850918018524681e+03 1.691331672339045467e+00 8.593064379341225356e-01 2.858657030264893365e+03
3.393285480269469190e+02 2.144451068150875017e+03 1.805122520123928098e+03 1.302283530774268838e+00 1.151782533222668770e+00 2.848942268344796503e+03
3.417633833265622343e+02 2.153733416755410417e+03 1.811970033428848183e+03 1.157375052330792187e+00 7.351584293809271253e-01 2.864078311822911019e+03
3.413603748899273569e+02 2.150804672279364240e+03 1.809444297389436997e+03 1.324928454040460002e+00 1.024465995891866932e+00 2.877430118461004895e+03
3.401339982561465831e+02 2.144352213729316645e+03 1.804218215473169948e+03 1.358186313011237267e+00 9.589647775759636561e-01 2.839671932397518503e+03
3.379292873868578795e+02 2.134175151068289324e+03 1.796245863681431501e+03 1.074880117291849402e+00 1.395980184699789461e+00 2.801072619750031208e+03
3.361745583824590540e+02 2.124864101803734684e+03 1.788689543421275630e+03 1.136736560658978767e+00 1.135284277036265443e+00 2.736262334586041106e+03
3.379234925581012021e+02 2.139150425686247218e+03 1.801226933128145902e+03 1.261810591630002865e+00 1.066286893145745651e+00 2.838979121349118486e+03
3.657314799971923662e+02 2.164240511999603314e+03 1.798509032002411004e+03 1.775685641250945856e+00 1.257608936957140378e+00 2.871570833080520060e+03
3.927201507214788876e+02 2.188017328675369299e+03 1.795297177953890468e+03 1.521772535118409264e+00 9.806401894663006047e-01 2.833030690579081238e+03
1.031700215995618464e+03 2.877448517982889371e+03 1.845748301987270906e+03 2.105330849466266585e+00 1.703165468776113300e+00 3.626426530953393922e+03
2.896232277594478546e+03 5.171089442802956910e+03 2.274857165208478364e+03 2.381361297653224796e+00 2.470641087919446921e+00 6.026373687600491394e+03
5.032018452635169524e+03 8.536295196348395621e+03 3.504276743713226097e+03 2.412104668926360773e+00 3.027080564963886555e+00 9.372819036885386595e+03
6.499575544593047198e+03 1.236552454453826067e+04 5.865948999945213473e+03 2.577375050657495059e+00 -2.259258259044722994e+00 1.312664571989140677e+04
6.887308620435631383e+03 1.445171452768889867e+04 7.564405907253267287e+03 2.474042267341185930e+00 -4.838244799484316960e-01 1.516514569772194773e+04
6.945678590398226333e+03 1.496982435556550081e+04 8.024145765167274476e+03 2.346434365678390588e+00 -8.699295689540234022e-01 1.569241882249924129e+04
