5.251602688201089677e+02 3.036903798018061207e+04 2.984387771136050287e+04 2.583032506470909873e+00 4.703181825363835222e-01 3.156987032794148399e+04
5.251980514514547167e+02 3.036668321987254240e+04 2.984148516842108802e+04 2.508789299846827525e+00 -2.066423469522641554e+00 3.149929135256174050e+04
5.251065887757550854e+02 3.036606008648015631e+04 2.984095349770440225e+04 2.543874340224656638e+00 -1.480043108482205438e+00 3.148061424296135738e+04
5.250777809454398266e+02 3.036975556880236036e+04 2.984467778785691917e+04 2.496876722283690953e+00 -3.239184191603440066e+00 3.159137853388853546e+04
5.252185592910478817e+02 3.036826951968523281e+04 2.984305096039418640e+04 2.376449426953175514e+00 -2.114115706328663524e+00 3.154683734487934271e+04
5.250978584791278081e+02 3.036664253796430785e+04 2.984154467948518140e+04 2.492209799913548185e+00 -1.480043108482213654e+00 3.149807201916952545e+04
5.250921068958840578e+02 3.036295742621343379e+04 2.983786531931754871e+04 2.636475883717415591e+00 -2.652803830563060128e+00 3.138762045436811604e+04
5.251095612950823579e+02 3.036396220705229280e+04 2.983885264575721158e+04 2.737133389290721031e+00 -1.480043108482173020e+00 3.141777946585793688e+04
5.251114501211877723e+02 3.037264782404855578e+04 2.984753637392736709e+04 2.457161098000204991e+00 -2.114115706328663524e+00 3.167850820853976256e+04
5.251523611039298203e+02 3.036918815374828773e+04 2.984403579264435757e+04 2.473515261147700262e+00 -2.114115706328650202e+00 3.158241291431949503e+04
6.965108280346782522e+03 1.728636573810888876e+04 1.032125745776210533e+04 2.385953135790112256e+00 2.207127164588446266e+00 1.812380704530638468e+04
4.358163167879964931e+03 7.412951280274026431e+03 3.054788112394061500e+03 2.295153346561413343e+00 2.595501820511070257e+00 8.149855486704452233e+03
1.390647174654239052e+03 3.306773720702056380e+03 1.916126546047817328e+03 2.388787011452508491e+00 1.478247537744294071e+00 3.968815254831289167e+03
5.221645564049373434e+02 2.341751522598909105e+03 1.819586966193971875e+03 2.250144263131509614e+00 9.354615429873609500e-01 3.029278595340655556e+03
3.430436380397264315e+02 2.143941998221731410e+03 1.800898360182005035e+03 1.417851962038290337e+00 1.087755313083413222e+00 2.842099908045116081e+03
3.375150051036636683e+02 2.130406568279629028e+03 1.792891563175965302e+03 1.240567611230083855e+00 1.225864562980066852e+00 2.783998593431701920e+03
3.390721033852884716e+02 2.141419223930673979e+03 1.802347120545385451e+03 1.389572049882418669e+00 8.369360072769502779e-01 2.824028361449932163e+03
3.375317956807226665e+02 2.130607765853839282e+03 1.793075970173116730e+03 1.458261691144058902e+00 1.165080556179523663e+00 2.825648250196262325e+03
3.371239458114712306e+02 2.134580406533754740e+03 1.797456460722283509e+03 1.609492272291118908e+00 1.045942447925955365e+00 2.792088715023664463e+03
3.389027392918553687e+02 2.124342420776624294e+03 1.785439681484768926e+03 1.056523531740743538e+00 1.140156063778030138e+00 2.769210737590763529e+03
3.414876009501413705e+02 2.146012612785385045e+03 1.804525011835243731e+03 1.111950235562430223e+00 1.180214730737206397e+00 2.843316679307415598e+03
3.364292779525914625e+02 2.131307002732871752e+03 1.794877724780280232e+03 1.185231031042952798e+00 1.115752088193063818e+00 2.774180888260445499e+03
3.646348135834451227e+02 2.156487985069851220e+03 1.791853171486406154e+03 1.426950435570846443e+00 1.132223098015211038e+00 2.817675906204682178e+03
4.826740438123367767e+02 2.283132676335975702e+03 1.800458632523638926e+03 1.811466166503801434e+00 1.167660305292632650e+00 2.959097734564528764e+03
1.280143581583869036e+03 3.171282667444745130e+03 1.891139085860876094e+03 2.204004746415201055e+00 1.715082012555139590e+00 3.963903295137900841e+03
2.904996451511640316e+03 5.175400144015968181e+03 2.270403692504327864e+03 2.379322658905667964e+00 2.623784620478694762e+00 5.979489351898106179e+03
4.924492642714501017e+03 8.340179432416422060e+03 3.415686789701921043e+03 2.375238966719939615e+00 3.161482856337034519e+00 9.110532596872151771e+03
6.440934439595620461e+03 1.215664323560012053e+04 5.715708796004500073e+03 2.393635769543872804e+00 -1.561464874139885772e+00 1.285408118952565928e+04
6.841532358290722186e+03 1.409842570838937536e+04 7.256893350098653173e+03 2.438053230618791201e+00 -1.266781454453043132e+00 1.488364438475264797e+04
6.910923215260348115e+03 1.477505053579477317e+04 7.864127320534425053e+03 2.559416971508824634e+00 -7.455695765010935672e-01 1.542926812762681402e+04
