5.251845972595509693e+02 3.036760445219113899e+04 2.984241985493158791e+04 2.456683568297647113e+00 -2.114115706328673294e+00 3.152690334895445267e+04
5.251187163309471089e+02 3.036553321621204668e+04 2.984041449988109889e+04 2.560878685765273666e+00 -4.457807885827259042e+01 3.146482241754673305e+04
5.251300957472381015e+02 3.036939512751299117e+04 2.984426503176575352e+04 2.660612896330697641e+00 -1.468521675688842398e+00 3.158057506620862478e+04
5.251841386318690184e+02 3.036914403992068401e+04 2.984395990128881385e+04 2.520983350948633017e+00 -1.142775538417189152e+00 3.157304924502956783e+04
5.251568133684739905e+02 3.036364034410322711e+04 2.983848353073475300e+04 2.570195787242946395e+00 -4.447076949331014362e+01 3.140808756711793831e+04
5.251168505624236786e+02 3.036925567507107917e+04 2.984413882450865640e+04 2.466915637018292085e+00 -2.114115706328647537e+00 3.157639529427291200e+04
5.251503011970777379e+02 3.036483914690890379e+04 2.983968884571182571e+04 2.582683900338803795e+00 -1.714353705056973209e-01 3.144402106464371172e+04
5.251699602330037351e+02 3.036691075352650660e+04 2.984174079329350207e+04 2.506945461331012481e+00 -1.714353705057128641e-01 3.150615625479107985e+04
5.251679118917459164e+02 3.036591625534267587e+04 2.984074834345093041e+04 2.465819395991929230e+00 -2.114115706328653310e+00 3.147673900684863838e+04
5.251419999258488360e+02 3.036753730730124880e+04 2.984239530737539826e+04 2.488147586572846848e+00 -2.114115706328661304e+00 3.153303902087160895e+04
6.945079730258256859e+03 1.745501426967335283e+04 1.050993453941509506e+04 2.508091021747160365e+00 1.785665462314530716e+00 1.839954323814015152e+04
4.319735030540149637e+03 7.346055631790544794e+03 3.026320601250395157e+03 2.362934025361762114e+00 2.390025850593874512e+00 8.076131230489262634e+03
1.362908985426157642e+03 3.278362923735955519e+03 1.915453938309797877e+03 2.259099150691223468e+00 1.095376371385721637e+00 3.970110164955586242e+03
4.340719106538250571e+02 2.235163620006186648e+03 1.801091709352361704e+03 2.003055518214753139e+00 1.259128489694061548e+00 2.910814083405704423e+03
3.405223201374442965e+02 2.141386413701733545e+03 1.800864093564289306e+03 1.012137771515185802e+00 9.324603214806558293e-01 2.802413426887644619e+03
3.414739508531306456e+02 2.145381522776935981e+03 1.803907571923805335e+03 1.303200106598454644e+00 1.070621504776881450e+00 2.849086216676622371e+03
3.383848729233484391e+02 2.129406034481543884e+03 1.791021161558195445e+03 1.022843385377995462e+00 1.377376584694378181e+00 2.789779950376434044e+03
3.414207494038138293e+02 2.144360125979320856e+03 1.802939376575507140e+03 1.633966099402738736e+00 7.849624525793102991e-01 2.820335945267231182e+03
3.360423035001465450e+02 2.123419084592740546e+03 1.787376781092594001e+03 1.414392773803693215e+00 1.265721322962309658e+00 2.750689373653562598e+03
3.405762402429374447e+02 2.132059301204340045e+03 1.791483060961402543e+03 1.308716867582071286e+00 1.188572959724299993e+00 2.777148307245087835e+03
3.400290810317674186e+02 2.132578335964280086e+03 1.792549254932512667e+03 1.114185289657467992e+00 1.211077863502828533e+00 2.815708837314113225e+03
3.380556355101269332e+02 2.135343779551111766e+03 1.797288144040984889e+03 1.245353786274521424e+00 1.284847961594532739e+00 2.841641177617203539e+03
3.630151383343699649e+02 2.158775302941236077e+03 1.795760164606866056e+03 1.563865042416549000e+00 1.061317027727240347e+00 2.804804081948838302e+03
5.235805941639198409e+02 2.327552079228531056e+03 1.803971485064611215e+03 2.115518237603643659e+00 1.464247145621883739e+00 3.023182797379104613e+03
1.292855410069703339e+03 3.180587427306441896e+03 1.887732017236738557e+03 2.120739109194266891e+00 1.515280137802706761e+00 3.968856040268380184e+03
2.875825404838865779e+03 5.138787442043998453e+03 2.262962037205132674e+03 2.367820049120019643e+00 2.395847435416269988e+00 5.979942128694556231e+03
5.089750379150906156e+03 8.660690523474680958e+03 3.570940144323774803e+03 2.424032552907334992e+00 3.128149047360619495e+00 9.533594650302307855e+03
6.460287419947020680e+03 1.220183395863446640e+04 5.741546538687445718e+03 2.366009453607075486e+00 -1.036953545188539438e+00 1.303614176212721941e+04
6.787689112581981135e+03 1.375489379675172131e+04 6.967204684169740176e+03 2.442640566938641733e+00 -1.864200596342374228e+00 1.450493963674718725e+04
6.950385517382574108e+03 1.516397104857971863e+04 8.213585531197144519e+03 2.386876929328806352e+00 -1.576555882025889588e+00 1.582027241430750109e+04
