5.251806852188218500e+02 3.037075571545007188e+04 2.984557503023125173e+04 2.625015936613864564e+00 -4.599107165705146372e+01 3.162135582091236211e+04
5.251887676728775887e+02 3.036706168030821209e+04 2.984187291263533552e+04 2.433443407467138275e+00 -1.480043108482117065e+00 3.151063490616184208e+04
5.251876179782335612e+02 3.036575762695677986e+04 2.984057000897854596e+04 2.416384824634676853e+00 7.999047974057708066e-01 3.147154865646675535e+04
5.252151171877968636e+02 3.036658849868680409e+04 2.984137338149900825e+04 2.604668949370842146e+00 -1.480043108482163250e+00 3.149645228473292082e+04
5.251607347619028587e+02 3.036689152075613674e+04 2.984173078599423388e+04 2.537457972908310655e+00 -3.239184191603455165e+00 3.150553473239987943e+04
5.251699597366138050e+02 3.036287293590608897e+04 2.983770297616947573e+04 2.622818052344419115e+00 -1.480043108482156811e+00 3.138508614492167544e+04
5.251987944029649498e+02 3.036772249461731917e+04 2.984252370021435490e+04 2.527462313633911162e+00 -1.476202630884411393e+00 3.153044331874493946e+04
5.251980894484697728e+02 3.036945194436020756e+04 2.984425385491173802e+04 2.513019069608809275e+00 -1.480043108482181013e+00 3.158232320145795165e+04
5.251295192444077884e+02 3.036485344189981697e+04 2.983972392265540839e+04 2.628578355725502913e+00 -1.577650677154822212e+01 3.144488985257826789e+04
5.251581731571357068e+02 3.036876744131146916e+04 2.984360926815433413e+04 2.526488414565168927e+00 7.999047974058122179e-01 3.156964802012583459e+04
6.952062841922223924e+03 1.755284063135923134e+04 1.060077778943700832e+04 2.331345955904933653e+00 2.030830199955147020e+00 1.853423939711619096e+04
4.105319205501058605e+03 7.001715936534425964e+03 2.896396731033367359e+03 2.369581173980639832e+00 2.417922679430624555e+00 7.725577561413005242e+03
1.510812817351485592e+03 3.450515821676607629e+03 1.939703004325122038e+03 2.212164755917014336e+00 1.637761051365752785e+00 4.144330183331949229e+03
5.328115252873932377e+02 2.344231295805187074e+03 1.811419770517793950e+03 2.024503732585114513e+00 1.109421420388201129e+00 3.015427718855544754e+03
3.885759817923490118e+02 2.187830102977508432e+03 1.799254121185159420e+03 2.182191797699506441e+00 1.286689021579945136e+00 2.860208413852906688e+03
3.380138905978437833e+02 2.135167280019446935e+03 1.797153389421603151e+03 9.361224466470928762e-01 1.237995655954630125e+00 2.796923287480111412e+03
3.386520103630854805e+02 2.139488621979571690e+03 1.800836611616486152e+03 1.098884796696693034e+00 1.086909922799195627e+00 2.840120888883937369e+03
3.419499061760352561e+02 2.138415865698252674e+03 1.796465959522217418e+03 1.297863633056345556e+00 1.250865348449209158e+00 2.819659832690739677e+03
3.372360773184668687e+02 2.126713134083479417e+03 1.789477056765012549e+03 1.635072068966506365e+00 1.368542962563483956e+00 2.805580428936952558e+03
3.393566412168641477e+02 2.131860068080311521e+03 1.792503426863447430e+03 1.166103641215650022e+00 1.218418599245233658e+00 2.814753485457334591e+03
3.410911725492082951e+02 2.144607238428633536e+03 1.803516065879425241e+03 1.392120392751935443e+00 9.576154213886147737e-01 2.826929474496378134e+03
3.419200866197643904e+02 2.140927987725344792e+03 1.799007901105580459e+03 1.288143361390509112e+00 1.082465614197303916e+00 2.826483991624015744e+03
3.507779483422426665e+02 2.152329075370146256e+03 1.801551127027903476e+03 1.302516742148543960e+00 9.306164423475843384e-01 2.850432550155332137e+03
5.482174447893569322e+02 2.363660872765520253e+03 1.815443427976163321e+03 1.911593625751158543e+00 1.173565609644106278e+00 3.076384752917263540e+03
1.019732492660927278e+03 2.876545262793873007e+03 1.856812770132945843e+03 2.250064084427829236e+00 1.630852467505464531e+00 3.659662342440381508e+03
3.062302441158024067e+03 5.403717700000678633e+03 2.341415258842654566e+03 2.354897201818399122e+00 2.478123668236846822e+00 6.326561549523455142e+03
4.951013500367210327e+03 8.383063032540647328e+03 3.432049532173437001e+03 2.386983032502973057e+00 3.010198790455209661e+00 9.227838087696489310e+03
6.481376216241296788e+03 1.231322394563174566e+04 5.831847729390448876e+03 2.623269766944436920e+00 -2.394445384110622133e+00 1.308002668263689884e+04
6.800711174056064920e+03 1.383551587359221776e+04 7.034804699536152839e+03 2.490986134301121258e+00 -1.632493445423905953e+00 1.451666808314282753e+04
6.922538961250953435e+03 1.477648272012646521e+04 7.853943758875511776e+03 2.470062712755741074e+00 -1.152049275740429701e+00 1.548199341682632621e+04
