5.251975133418618498e+02 3.036987173660363260e+04 2.984467422326176893e+04 2.549539106465653848e+00 -1.468521675688854833e+00 3.159486041880035191e+04
5.252059845604463817e+02 3.036871730337354893e+04 2.984351131881310357e+04 2.568891044603246243e+00 1.445498828045636230e+00 3.156025871677426767e+04
5.251833403292057483e+02 3.036412769518556524e+04 2.983894435485635768e+04 2.562519064670877089e+00 -1.480043108482159253e+00 3.142269488822496714e+04
5.251931382172870144e+02 3.036517313476070558e+04 2.983997999654341766e+04 2.620862985499601283e+00 -1.480043108482173020e+00 3.145402973525041307e+04
5.251755777000305443e+02 3.036424060779691354e+04 2.983906503009688458e+04 2.557396064347380094e+00 -1.480043108482207659e+00 3.142607920571810610e+04
5.251789303915097662e+02 3.036714313952993689e+04 2.984196420913842667e+04 2.620689435669179446e+00 -1.468521675688843731e+00 3.151307649549945563e+04
5.251712202731279149e+02 3.036701385157739060e+04 2.984184263130426189e+04 2.427391677625168498e+00 -4.457807885827258332e+01 3.150920324795685156e+04
5.251174041041288092e+02 3.036848684793791108e+04 2.984336944383378068e+04 2.681902293947942439e+00 -2.913763152876225604e+01 3.155339602008358634e+04
5.251838489317851781e+02 3.036972693617470577e+04 2.984454308724292059e+04 2.676821452888785036e+00 -4.442010179549512827e+01 3.159096001034241272e+04
5.251263688616987793e+02 3.036075043453330363e+04 2.983562406567160360e+04 2.398164923898500778e+00 -1.480043108482209879e+00 3.132965930560308698e+04
6.953106967670117228e+03 1.738453417693999290e+04 1.043142720926987568e+04 2.470739282051212182e+00 2.200989560502434550e+00 1.831665782019543622e+04
3.875872250768922186e+03 6.627040824141624398e+03 2.751168573372702213e+03 2.298166491404220135e+00 2.233597479695616617e+00 7.325752321229219888e+03
1.487578070385989804e+03 3.419943118905389383e+03 1.932365048519399579e+03 2.403997382599190047e+00 1.441866319675487063e+00 4.089307989583579456e+03
4.268214159427223535e+02 2.221068753363766518e+03 1.794247337421044222e+03 2.009903294189111289e+00 1.612832232116943487e+00 2.865719628010890574e+03
3.510391979675234779e+02 2.150585039492824308e+03 1.799545841525300830e+03 1.595516377010383069e+00 9.916986339673178330e-01 2.812877872209884117e+03
3.410517573792531607e+02 2.141517945622671050e+03 1.800466188243417946e+03 1.090328048124941551e+00 9.952870235758309869e-01 2.808474772177520663e+03
3.354962648855138809e+02 2.128113715716451225e+03 1.792617450830937287e+03 1.417733300389449669e+00 1.323396045471809446e+00 2.773133316716365698e+03
3.393650380813327274e+02 2.134555955351239390e+03 1.795190917269906549e+03 1.323726989747835425e+00 1.347295788057642829e+00 2.799571649703833373e+03
3.386504935947932040e+02 2.135019339855361522e+03 1.796368846260568262e+03 1.015414051134862383e+00 1.151016124705633858e+00 2.809866776807982205e+03
3.385367457618754088e+02 2.131827067037382676e+03 1.793290321275507267e+03 1.204256335152007695e+00 9.868101741594745846e-01 2.775256923163914962e+03
3.427628781363669077e+02 2.142669297028685378e+03 1.799906418892318470e+03 1.209202058007140534e+00 1.144334952258374338e+00 2.854696682564236198e+03
3.399068305264291894e+02 2.141415852440353774e+03 1.801509021913924698e+03 1.369070778747575323e+00 1.029109874740320452e+00 2.829055669514016245e+03
3.535091237547780452e+02 2.158437643272350670e+03 1.804928519517572568e+03 1.360594379372287444e+00 9.354546377765523557e-01 2.837536438995794470e+03
5.210159685752244059e+02 2.336828320648028694e+03 1.815812352072804288e+03 2.221312428217133483e+00 1.131593452880606643e+00 3.055626806571440284e+03
1.306023551492623255e+03 3.207670425904986132e+03 1.901646874412362877e+03 2.041874115938032030e+00 1.482784757864546110e+00 4.040710939315355063e+03
2.856556047059146749e+03 5.102906364984806714e+03 2.246350317925659965e+03 2.314173674628140720e+00 2.679733827603307805e+00 5.905654298491942427e+03
4.944902060602917118e+03 8.388499173354741288e+03 3.443597112751824170e+03 2.430153738986345235e+00 3.045172801737051405e+00 9.243189957208456690e+03
6.426502601942598631e+03 1.207867145901996264e+04 5.652168857077364009e+03 2.493224672991995572e+00 -1.196717985421628550e+00 1.276706685218833081e+04
6.880166269053649557e+03 1.444785053661305574e+04 7.567684267559406180e+03 2.626388190168118530e+00 -6.584300741483907204e-01 1.518867136719277914e+04
6.941844669659554711e+03 1.500875420368453160e+04 8.066909534024976892e+03 2.565697020090193181e+00 -9.687110361260860003e-01 1.578632947161451739e+04
