5.251937787439836711e+02 3.036703868456149939e+04 2.984184490581751743e+04 2.676371602240786629e+00 -1.480043108482216541e+00 3.150994565714063356e+04
5.251041127807635576e+02 3.036896041339346993e+04 2.984385630061270786e+04 2.654290436688314880e+00 -2.114115706328651090e+00 3.156754542704038249e+04
5.251657349682891436e+02 3.036398863016168252e+04 2.983882289519339247e+04 2.481354860911059834e+00 -4.442010179549512117e+01 3.141852670734208004e+04
5.251708567707385100e+02 3.036811773429966706e+04 2.984294687752892787e+04 2.713574129688402170e+00 -2.114115706328670630e+00 3.154228789793569740e+04
5.251815830899182629e+02 3.037177507688366313e+04 2.984659349379374544e+04 2.640172248381379649e+00 -1.468521675688839734e+00 3.165190903066546525e+04
5.251927035859295074e+02 3.036610072608606788e+04 2.984090802250013803e+04 2.577196030203952493e+00 -3.239184191603405427e+00 3.148183235028766649e+04
5.252329806741158791e+02 3.036852574633521726e+04 2.984329276566110275e+04 2.714954704196989699e+00 -4.437426728757846917e+01 3.155451913253239036e+04
5.251482340984680377e+02 3.036724529360861561e+04 2.984209705951014621e+04 2.517853961924112927e+00 -1.480043108482163250e+00 3.151618332365266178e+04
5.251004543496704855e+02 3.036389659157132701e+04 2.983879613722165595e+04 2.587377576008361046e+00 -4.424326355659550813e+01 3.141620616138257174e+04
5.252011408387498932e+02 3.036544890937990567e+04 2.984024776854115407e+04 2.627575959658269511e+00 -1.480043108482209435e+00 3.147044045402441043e+04
6.883871952022303958e+03 1.811108523446689651e+04 1.122721328244459255e+04 2.585290116554891604e+00 1.552425448860432988e+00 1.908302804554906470e+04
4.183980085105370563e+03 7.131489393867615945e+03 2.947509308762245382e+03 2.456995848972070018e+00 2.188166406772124262e+00 7.908722062732364066e+03
1.414607341079266689e+03 3.332800893187831207e+03 1.918193552108564518e+03 2.155878483391854061e+00 1.490072335031541462e+00 4.037427572802152554e+03
4.457757139365866692e+02 2.262691811829727612e+03 1.816916097893140886e+03 1.986991793504446102e+00 1.030584418473333042e+00 2.941581942942882506e+03
3.526880276572155708e+02 2.146125160618976679e+03 1.793437132961761108e+03 1.788825321214141839e+00 1.260481453533170315e+00 2.795703712351671584e+03
3.420246821957736074e+02 2.136818658543903894e+03 1.794793976348130400e+03 1.085966397318043120e+00 1.349765008368813746e+00 2.822079163262253587e+03
3.399900350117536050e+02 2.135938981688369950e+03 1.795948946676616288e+03 1.127988790540382036e+00 1.219749159968766650e+00 2.807001442975278223e+03
3.427677149768629761e+02 2.139216710818615866e+03 1.796448995841753003e+03 1.121927608260316456e+00 1.041868935293337017e+00 2.829839405739221547e+03
3.422575423997024018e+02 2.140027311276822275e+03 1.797769768877119986e+03 1.283987704814227415e+00 9.936568777838639122e-01 2.818072905431760319e+03
3.378426354828545755e+02 2.134132387774553081e+03 1.796289752291698505e+03 1.046460240281981369e+00 1.225117180313618270e+00 2.783597664681202787e+03
3.362124365649865467e+02 2.129110591931266299e+03 1.792898155366279752e+03 1.503893999120801794e+00 1.694287577121756483e+00 2.817240216814504947e+03
3.475354062046931176e+02 2.144726469046695456e+03 1.797191062842002339e+03 1.208335556875388184e+00 1.258496814774592298e+00 2.817301340502454423e+03
3.509355592956145529e+02 2.150718719144824718e+03 1.799783159849210278e+03 1.981466141145138193e+00 1.443494717337619804e+00 2.841466496104712860e+03
4.558553456960435142e+02 2.261056751854501726e+03 1.805201406158458212e+03 1.838594374810921250e+00 1.236684712177663181e+00 2.972686535515713331e+03
1.316962368863229813e+03 3.212968056015348338e+03 1.896005687152118526e+03 2.055627530388896673e+00 1.746264709912874968e+00 4.004800817271912365e+03
2.740947731017566639e+03 4.946493496582859734e+03 2.205545765565293095e+03 2.413061342808955789e+00 2.638066584203885512e+00 5.745491637374600032e+03
5.039417743863148644e+03 8.547695186486538660e+03 3.508277442623390016e+03 2.399083924204449492e+00 2.960993497676221775e+00 9.407414625127630643e+03
6.373592821543770697e+03 1.189976326878698637e+04 5.526170447243215676e+03 2.309819978546508334e+00 -1.051254541143953558e+00 1.265881601530747321e+04
6.773640460991576219e+03 1.366565385002795847e+04 6.892013389036382250e+03 2.750552035381400362e+00 -2.441909893462253400e+00 1.442129867461842696e+04
6.906749306365841221e+03 1.476199732629436585e+04 7.855248019928524627e+03 2.631272569305677766e+00 -1.632901663860360841e+00 1.549676907649184795e+04
