5.251669295941640030e+02 3.036684263846273825e+04 2.984167570886857357e+04 2.565330853350026530e+00 7.999047974057772459e-01 3.150406958867811045e+04
5.251737201584754757e+02 3.036836930422320802e+04 2.984319558406473152e+04 2.620393163711637996e+00 -2.114115706328671518e+00 3.154982817597698522e+04
5.251289105892631142e+02 3.036633530224998685e+04 2.984120639166072215e+04 2.449746055423912328e+00 -1.480043108482159253e+00 3.148886325538566962e+04
5.251803692510817427e+02 3.036679233642293548e+04 2.984161196717185521e+04 2.612904423938938070e+00 -1.480043108482207437e+00 3.150256189109685874e+04
5.250998013348565792e+02 3.036780655970743464e+04 2.984270675837257659e+04 2.516953823872507545e+00 -2.114115706328661304e+00 3.153296109566315499e+04
5.251596059409934014e+02 3.036418065913154351e+04 2.983902105319055045e+04 2.473218599873214796e+00 -2.114115706328666633e+00 3.142428239166771527e+04
5.250854133381798192e+02 3.036519608175806206e+04 2.984011066841988213e+04 2.496441577835633030e+00 -3.239184191603434737e+00 3.145471942964599657e+04
5.251143828635013051e+02 3.036437878240714053e+04 2.983926439954363741e+04 2.511001450119574763e+00 -1.480043108482156811e+00 3.143026594501954241e+04
5.251985439778943601e+02 3.036514045490454373e+04 2.983994191092664914e+04 2.562365106608583076e+00 -1.480043108482163250e+00 3.145348654898383029e+04
5.251200779463651998e+02 3.036577528280507613e+04 2.984065520485871093e+04 2.523951577470525010e+00 -3.239184191603385443e+00 3.148006451744822334e+04
6.834968656448758338e+03 1.846810754714363429e+04 1.163313889069487595e+04 2.610825709708798570e+00 6.491595628241429994e-01 1.926252302487159614e+04
4.174674382593694645e+03 7.107889725976724549e+03 2.933215343383029904e+03 2.297600277472871877e+00 2.490052639237536170e+00 7.881703021852172242e+03
1.429753882195750066e+03 3.362903380349135205e+03 1.933149498153385139e+03 2.192320526617278720e+00 1.158578294414423615e+00 4.124394794265637756e+03
4.473146316527147519e+02 2.265176622969448545e+03 1.817861991316733793e+03 2.257867451557485250e+00 9.647563004769005301e-01 2.964460183155086270e+03
3.761901198532449371e+02 2.176034416367412177e+03 1.799844296514167127e+03 2.043451022189905153e+00 1.168095649789173907e+00 2.865163257966715719e+03
3.411256973494411113e+02 2.136106536311528998e+03 1.794980838962088001e+03 1.116112038606372758e+00 1.241384704890259094e+00 2.801604556484354816e+03
3.368744736112223563e+02 2.130891833133101500e+03 1.794017359521879143e+03 1.216205852534366638e+00 1.347147015283322036e+00 2.791025382521279425e+03
3.381807339104067296e+02 2.137835879857010696e+03 1.799655145946604080e+03 1.122378765915309939e+00 1.096282806214130767e+00 2.827449170276243876e+03
3.397594433231058701e+02 2.136300917748948450e+03 1.796541474425842580e+03 1.231076043043038082e+00 1.068157403520466842e+00 2.804168950376091743e+03
3.418995448754355948e+02 2.139350961350598027e+03 1.797451416475162432e+03 1.222507171211569155e+00 9.061859722683759388e-01 2.804096855848331415e+03
3.408992148803567943e+02 2.142384793246857498e+03 1.801485578366500704e+03 9.840626011380365634e-01 1.302779112377876247e+00 2.840098164273585098e+03
3.392085833508085102e+02 2.131210341808413887e+03 1.792001758457605320e+03 1.309490998599791567e+00 1.142506652980554760e+00 2.775106008936897979e+03
3.578637959380329221e+02 2.170690623363732357e+03 1.812826827425699321e+03 1.139745803759180554e+00 8.427376015081997629e-01 2.880711430385064432e+03
5.732978165852471193e+02 2.388167711634569514e+03 1.814869895049322395e+03 1.809250154720658754e+00 1.296505922376389286e+00 3.120297711721362703e+03
1.132021036108316821e+03 3.000625805156503247e+03 1.868604769048186427e+03 1.972980346213684788e+00 1.844732653341634832e+00 3.808518256308290802e+03
2.665239281714053504e+03 4.854299995046083495e+03 2.189060713332029991e+03 2.341095833502639945e+00 2.603563411359159918e+00 5.713428373053679024e+03
4.897686453895908926e+03 8.302818490712012135e+03 3.405132036816103209e+03 2.318494433062753934e+00 3.245122406412380922e+00 9.109944397766317707e+03
6.466158860592468045e+03 1.222169658320522831e+04 5.755537722612760263e+03 2.467324345616086934e+00 -1.445597222437510210e+00 1.296765408859466697e+04
6.774383980819092358e+03 1.370383172299127000e+04 6.929447742172177641e+03 2.509000982264576241e+00 -2.093361093876808354e+00 1.446288798561513067e+04
6.954657832380045875e+03 1.534656358936025572e+04 8.391905756980209844e+03 2.452973480946123441e+00 -7.273263629425702481e-01 1.605917220280000947e+04
