5.251724935141486412e+02 3.036980366448907807e+04 2.984463117097492795e+04 2.525464965363604986e+00 -2.114115706328663524e+00 3.159282010069231546e+04
5.250733741202968758e+02 3.036291688469869405e+04 2.983784351057839740e+04 2.571277166773013878e+00 -2.114115706328663524e+00 3.138640339679775207e+04
5.251959152959342418e+02 3.037096314794171849e+04 2.984576723264578322e+04 2.463323719935694101e+00 -3.116910920583583433e+01 3.162757317249165499e+04
5.252352217159415204e+02 3.036266851551482978e+04 2.983743329379888746e+04 2.511812443979781762e+00 -1.480043108482174796e+00 3.137895905417817266e+04
5.251723054347514790e+02 3.036543599507931140e+04 2.984026368964455833e+04 2.433786370663642895e+00 -2.114115706328660860e+00 3.146190841911275857e+04
5.251701384278283058e+02 3.036819614460529920e+04 2.984302600617747157e+04 2.497251847305210326e+00 -1.480043108482174796e+00 3.154463810238394217e+04
5.252369897804652510e+02 3.036817726191095062e+04 2.984294027213048685e+04 2.543667096577109987e+00 1.445498828045599593e+00 3.154407403883063671e+04
5.252565053132726689e+02 3.036721062912080743e+04 2.984195412380753623e+04 2.531974500183178378e+00 -2.114115706328653310e+00 3.151514442243230951e+04
5.251313503421066571e+02 3.036795215316822942e+04 2.984282080282612151e+04 2.428360300786879034e+00 -1.480043108482173020e+00 3.153776421999695958e+04
5.251700156137114845e+02 3.036769887047202064e+04 2.984252885485830848e+04 2.500283895282767066e+00 -2.114115706328669297e+00 3.153837616684379464e+04
6.941721931330755069e+03 1.745616885605112111e+04 1.051444692472036695e+04 2.481578424628156032e+00 1.410064494228349119e+00 1.843322614550397338e+04
4.279439406199594487e+03 7.284760289995742824e+03 3.005320883796148337e+03 2.473913001325517502e+00 2.302551084318571029e+00 8.044290746942950136e+03
1.294689726856357083e+03 3.194823708090691525e+03 1.900133981234334442e+03 2.100273177700097360e+00 1.571167820681770522e+00 3.883895675708242379e+03
4.967500660906634380e+02 2.316077673807709743e+03 1.819327607717046249e+03 2.193700597781300221e+00 1.156434662339558272e+00 3.008302776726849970e+03
3.946166692328212662e+02 2.199853391517471664e+03 1.805236722284650341e+03 2.013708308079104725e+00 9.698645926377370552e-01 2.903259980387766973e+03
3.407959430186195391e+02 2.138194267979686174e+03 1.797398324961066692e+03 1.256644233518278808e+00 1.221966244362854503e+00 2.831644699478483744e+03
3.388813199790347994e+02 2.130306060756058287e+03 1.791424740777023544e+03 1.099062632499205439e+00 1.086370481340523719e+00 2.774268604892522035e+03
3.404713013825746657e+02 2.142379900187055227e+03 1.801908598804480562e+03 1.293574390977801691e+00 1.001668513379782688e+00 2.805329774846524288e+03
3.387829566366963263e+02 2.138950485778655548e+03 1.800167529141959221e+03 1.017947516383190587e+00 1.163879021679024461e+00 2.809984587924845528e+03
3.402974642221813042e+02 2.142637756490509673e+03 1.802340292268328312e+03 1.093732684271448763e+00 1.148213779451243477e+00 2.833031958344548912e+03
3.368843886840131177e+02 2.130177661578652533e+03 1.793293272894639358e+03 1.144185711630130386e+00 1.047654444950232522e+00 2.775264750788074707e+03
3.411965355871458314e+02 2.147180470399723617e+03 1.805983934812577900e+03 1.108986834522981857e+00 6.530888885827994539e-01 2.805753609289653923e+03
3.480752251364851304e+02 2.135360199614761314e+03 1.787284974478276126e+03 1.119800418452494783e+00 1.245623040231258027e+00 2.758627662618376235e+03
4.184092060875727270e+02 2.223345791240175004e+03 1.804936585152602220e+03 1.801817629624914430e+00 1.208234225485318225e+00 2.898133685603528193e+03
1.269070664413240593e+03 3.160589608985470022e+03 1.891518944572229429e+03 2.233220552937287717e+00 1.248697731639367037e+00 3.925286046552367679e+03
3.372931163394212035e+03 5.834771722424193285e+03 2.461840559029981250e+03 2.305376025782084781e+00 2.640726796128417764e+00 6.719094769663464831e+03
5.329748340205339446e+03 9.153801745500584730e+03 3.824053405295245284e+03 2.471503195375542195e+00 2.719806797693248512e+00 1.004589302531975045e+04
6.361458819331351151e+03 1.186131369798853484e+04 5.499854878657183690e+03 2.461074816021651568e+00 -1.077143223417267981e+00 1.263705915838169312e+04
6.825865283396959967e+03 1.397556162887847131e+04 7.149696345481511344e+03 2.632304431218979168e+00 -9.426778117392791145e-01 1.470626006484176833e+04
6.925957053843405447e+03 1.492099293773571662e+04 7.995035883892311176e+03 2.480387460321722859e+00 -6.922588466895488457e-01 1.565136963905593802e+04
