5.251254894128726392e+02 3.036656406418009647e+04 2.984143857476722405e+04 2.556077263363738528e+00 -1.480043108482187231e+00 3.149571991191251800e+04
5.251277105364894169e+02 3.036787790747843610e+04 2.984275019694194634e+04 2.474466730052667263e+00 -1.480043108482193892e+00 3.153509959463102859e+04
5.251803197059010699e+02 3.036495023931676405e+04 2.983976991961086242e+04 2.494218497781798494e+00 1.445498828045607143e+00 3.144734891427652838e+04
5.252027086478440197e+02 3.036603158180403625e+04 2.984082887315619155e+04 2.512900205919727625e+00 -4.452143719112515186e+01 3.147975987539729977e+04
5.251760727398369681e+02 3.036620975148353318e+04 2.984103367874369724e+04 2.499416866130276915e+00 -1.480043108482245628e+00 3.148510013591558527e+04
5.252127366117072143e+02 3.036479390257926570e+04 2.983958116596756008e+04 2.484471069754045747e+00 7.999047974057639232e-01 3.144266307112513459e+04
5.251762465616670852e+02 3.036480303807993914e+04 2.983962679151827251e+04 2.423379958296518755e+00 7.999047974058154375e-01 3.144293877534581043e+04
5.252016217899565618e+02 3.036835701069161587e+04 2.984315538890165772e+04 2.539016138599666572e+00 -3.239184191603511120e+00 3.154950489210510932e+04
5.251914423114200190e+02 3.036718692155963799e+04 2.984199547924821672e+04 2.535853869200241473e+00 -1.480043108482185232e+00 3.151482865588641289e+04
5.251242873626365508e+02 3.036669873077345255e+04 2.984157444341081646e+04 2.553266472513390895e+00 7.999047974058038912e-01 3.150779665774008754e+04
6.928889986556898293e+03 1.774154327341808312e+04 1.081265328686118482e+04 2.551800221881126873e+00 1.188907068180283355e+00 1.858725334326198572e+04
3.964658387039997251e+03 6.769111034304654822e+03 2.804452647264657571e+03 2.384079973100656336e+00 2.289578399329208480e+00 7.501557671424001455e+03
1.255851778971570184e+03 3.148727670002848299e+03 1.892875891031278115e+03 2.556509465137488224e+00 1.381729976259372661e+00 3.811676022359586113e+03
5.384973113298694898e+02 2.348299049494933115e+03 1.809801738165063625e+03 2.052325117442658886e+00 1.278852337483542767e+00 3.026155629565385880e+03
3.514272083633828174e+02 2.144513857342097708e+03 1.793086648978714948e+03 2.101882496726319882e+00 1.300903726029886132e+00 2.805665163511862829e+03
3.391643523175320070e+02 2.134695227452023119e+03 1.795530875134490998e+03 1.395374348988279500e+00 9.878302980168367498e-01 2.802438573770975836e+03
3.400180604181505259e+02 2.153555707696203172e+03 1.813537647278052646e+03 1.254768645039889607e+00 7.308233625329930705e-01 2.867949285560691351e+03
3.392832147789220016e+02 2.133224298337014261e+03 1.793941083558092259e+03 1.371359869666724629e+00 1.293925509762273274e+00 2.788622651143352869e+03
3.399732930085492058e+02 2.136671204319176923e+03 1.796697911310627660e+03 1.346163022406458465e+00 1.059723616607339158e+00 2.813639745575173038e+03
3.386651969058871146e+02 2.135936326798074333e+03 1.797271129892187219e+03 1.386190086512923969e+00 9.726882067802735676e-01 2.794091564882117382e+03
3.431121829515531658e+02 2.146670139279799969e+03 1.803557956328246746e+03 1.341128935204411787e+00 9.547668159825958289e-01 2.845382839786931072e+03
3.526027893278009628e+02 2.160116777026720683e+03 1.807513987698919664e+03 1.340796618567880572e+00 7.806047619698395224e-01 2.877946415338207316e+03
3.529853410442979111e+02 2.145379982237796867e+03 1.792394641193498956e+03 1.443113442619258224e+00 1.338141459126022115e+00 2.823679019572393827e+03
4.593345705408080448e+02 2.273081772866887604e+03 1.813747202326079559e+03 1.880539386633110821e+00 9.042210519207808384e-01 3.000077772122836450e+03
1.004226735068108042e+03 2.844479256581475511e+03 1.840252521513367356e+03 2.251293091784766442e+00 1.928853217172524337e+00 3.584396573582652309e+03
2.794960171183959574e+03 5.015474990921261451e+03 2.220514819737301877e+03 2.218454765053714084e+00 2.308935514439057979e+00 5.825293654713273099e+03
4.988516833048705848e+03 8.480128124310213025e+03 3.491611291261507176e+03 2.626760244968227465e+00 3.052281699731663078e+00 9.258748293912205554e+03
6.418920610287322233e+03 1.207391663664012049e+04 5.654996026352798253e+03 2.547510664037158090e+00 -8.209461068423800079e-01 1.284513478911749735e+04
6.865504354182726274e+03 1.423632043979428636e+04 7.370816085611560084e+03 2.500586132725529875e+00 -1.022782002764494491e+00 1.491851530302674291e+04
6.936770931653675689e+03 1.508940950007557694e+04 8.152638568421901255e+03 2.361548055453937422e+00 -1.035765693182649771e+00 1.580326536464308083e+04
