5.251669246546442764e+02 3.036738185922887351e+04 2.984221493457422912e+04 2.435490034441807339e+00 -4.442010179549512827e+01 3.152023159423231846e+04
5.252183413207532112e+02 3.036411037785461303e+04 2.983889203653385994e+04 2.526910291293115396e+00 -1.480043108482181013e+00 3.142217583774295417e+04
5.251586467423916247e+02 3.036713221892711954e+04 2.984197357218472825e+04 2.572372802480868526e+00 -1.480043108482181013e+00 3.151274915253869403e+04
5.252112300819516122e+02 3.036570582293339248e+04 2.984049459285144258e+04 2.525339720664553145e+00 -1.480043108482181013e+00 3.146999594008886561e+04
5.251484700588110854e+02 3.037144853787932152e+04 2.984630006782050987e+04 2.549417659738301367e+00 -4.590738440232888706e+01 3.164212171249562016e+04
5.251966024723426472e+02 3.036717497522470148e+04 2.984197837275235725e+04 2.723834664957696106e+00 7.999047974057763577e-01 3.151403070330131959e+04
5.251584000940457599e+02 3.036593125245186457e+04 2.984077285235781892e+04 2.474037693834478802e+00 -1.480043108482189451e+00 3.147675461345486110e+04
5.251649420965684385e+02 3.036849334486098087e+04 2.984332840276441129e+04 2.416238874955348503e+00 -1.480043108482185232e+00 3.155359134912542868e+04
5.252101277824201588e+02 3.036745467075595298e+04 2.984224454297353441e+04 2.530942388394973985e+00 -1.480043108482198777e+00 3.152285029433766613e+04
5.252045142274299678e+02 3.036278416316647053e+04 2.983757964893904136e+04 2.506580220558728200e+00 -4.447076949331014362e+01 3.139069798778559925e+04
6.933518813786035935e+03 1.761149092726911840e+04 1.067797211348308338e+04 2.388253014953063857e+00 1.752669681907993438e+00 1.852878519428054278e+04
4.216693114107836664e+03 7.162088532027787551e+03 2.945395417919950887e+03 2.422823012499970119e+00 2.371896200983325986e+00 7.917057663640817736e+03
1.206931754240602686e+03 3.092740561469665408e+03 1.885808807229062722e+03 2.076742316267235378e+00 1.524571511696441561e+00 3.772201361278825061e+03
4.264523680333321636e+02 2.216368232741364409e+03 1.789915864708032132e+03 2.062433380204218736e+00 1.484600822568333145e+00 2.829066372717603826e+03
3.644528775223931234e+02 2.156075255112703871e+03 1.791622377590310862e+03 2.005946107324673822e+00 1.341914320939525451e+00 2.807843491356568393e+03
3.369141735920087513e+02 2.126291076786229951e+03 1.789376903194221086e+03 1.096053474430309427e+00 1.222398272099893823e+00 2.757147331046619456e+03
3.420511816268389111e+02 2.144178534778257017e+03 1.802127353151417992e+03 1.151530878835085092e+00 1.029241123526325241e+00 2.828432820410212571e+03
3.428445762596056170e+02 2.149137448080347440e+03 1.806292871820741766e+03 1.305767897059103566e+00 9.663037411353422312e-01 2.838738702694688527e+03
3.376953532482548894e+02 2.144007328581901675e+03 1.806311975333646842e+03 1.213929528276952441e+00 1.093660974191289048e+00 2.835394814636685624e+03
3.379381627110996646e+02 2.135568540760856649e+03 1.797630378049756928e+03 1.303564183911046337e+00 1.368232895204724464e+00 2.816193361195315447e+03
3.415578876197201907e+02 2.145345025804242141e+03 1.803787138184522064e+03 1.348830864163221399e+00 9.650494136458483974e-01 2.855813482222546099e+03
3.662518248535067755e+02 2.178822726240455722e+03 1.812570901386948890e+03 1.117523615677879389e+00 1.079121318597491719e+00 2.924954428154375364e+03
3.680047628325497158e+02 2.173071041576154130e+03 1.805066278743604471e+03 1.022212900537120772e+00 8.991545588765181840e-01 2.860897947081229177e+03
4.560623208836928484e+02 2.268854676451841897e+03 1.812792355568149105e+03 2.102087130856400865e+00 8.491300009707574148e-01 2.982188424697039864e+03
1.354848304175484373e+03 3.258773181194934750e+03 1.903924877019450378e+03 2.239306495663523133e+00 1.676256492033768142e+00 4.089044895640709910e+03
3.011725255136900614e+03 5.311960593532402527e+03 2.300235338395501913e+03 2.377294359433593574e+00 2.543426658843451538e+00 6.137923973166147334e+03
4.913435468165057500e+03 8.321155693763628733e+03 3.407720225598571233e+03 2.476157720518346039e+00 2.858619303546767298e+00 9.161122085390905340e+03
6.324241156216970921e+03 1.174888232525615786e+04 5.424641169039186934e+03 2.439113204251138090e+00 -1.028754752327980748e+00 1.246906560254075703e+04
6.866730865754376282e+03 1.431913417005909287e+04 7.452403304304716585e+03 2.427259674980058346e+00 -1.672891743827057853e+00 1.499418722929824071e+04
6.947561029105841953e+03 1.515107378417004293e+04 8.203512755064200974e+03 2.785615588521133557e+00 -6.339377760945427154e-01 1.584215096235295823e+04
