5.252088645548519708e+02 3.036471352681354620e+04 2.983950466225869604e+04 2.521303832572318271e+00 -5.048624629728993840e-01 3.144025395608687904e+04
5.251833932772897242e+02 3.036814655702892196e+04 2.984296316375163224e+04 2.504806749662868981e+00 1.445498828045570505e+00 3.154315179847651234e+04
5.251180923517169958e+02 3.036823179774678283e+04 2.984311370539506606e+04 2.467064316722009210e+00 -1.480043108482135272e+00 3.154570670926852472e+04
5.251422309796561194e+02 3.036598130851821043e+04 2.984083907753855601e+04 2.718290596630528189e+00 -5.048624629728076796e-01 3.147825303964842169e+04
5.251548936314001139e+02 3.036877156660783658e+04 2.984361667297643726e+04 2.461804905213461847e+00 -2.114115706328668409e+00 3.156188514285259589e+04
5.252048903228685504e+02 3.036444281153140037e+04 2.983923792120853250e+04 2.458238750985148879e+00 -2.114115706328661304e+00 3.143213985719425546e+04
5.252175247132586264e+02 3.036398775952996584e+04 2.983877023481670767e+04 2.555135449060451425e+00 -1.480043108482173020e+00 3.141850252035022277e+04
5.251349139814732325e+02 3.036609235059829734e+04 2.984095743661682354e+04 2.632959401811534761e+00 7.999047974058370869e-01 3.148162619489822828e+04
5.250649058908441020e+02 3.036763456471984318e+04 2.984256965882899749e+04 2.562305396015754688e+00 -2.114115706328679511e+00 3.152824447725599384e+04
5.251985429296797747e+02 3.036643363600357043e+04 2.984123509307389031e+04 2.582465626224645927e+00 7.999047974058212107e-01 3.149979479509283192e+04
6.906545898301373200e+03 1.797921707686778245e+04 1.107267117856640834e+04 2.563854221138464062e+00 1.559147244214873496e+00 1.893538323993840095e+04
4.059696077597421663e+03 6.915471494935718511e+03 2.855775417338296847e+03 2.438741676964131688e+00 2.216461615607815627e+00 7.687091470927207411e+03
1.382171994662383668e+03 3.296619833152502451e+03 1.914447838490118784e+03 2.333264376738059642e+00 1.658659088034052154e+00 4.024967276533635868e+03
4.573219632800581849e+02 2.262223215528360015e+03 1.804901252248301716e+03 2.243279596242715002e+00 1.104973768681461577e+00 2.928725075289814868e+03
3.692730263461850200e+02 2.172281021266795960e+03 1.803007994920611054e+03 1.790262066039756128e+00 1.051887634404040206e+00 2.868999664146437226e+03
3.379330354008651511e+02 2.125781571524380070e+03 1.787848536123514805e+03 1.107661834807473378e+00 1.460091661436900390e+00 2.799210663694706909e+03
3.374307651456840063e+02 2.134646022764128247e+03 1.797215257618444184e+03 1.122509373362407858e+00 9.633063839502954417e-01 2.792941565541794716e+03
3.374216418429950863e+02 2.134746580862187329e+03 1.797324939019192243e+03 1.102883526899789857e+00 1.044784596599727333e+00 2.789028351697811559e+03
3.436305571879839249e+02 2.144869721284261232e+03 1.801239164096277364e+03 1.240723845093885336e+00 9.760206751976944206e-01 2.855097751568234344e+03
3.417017938411628961e+02 2.145470083944268026e+03 1.803768290103105073e+03 1.190972499526563810e+00 1.162942542723122363e+00 2.860295472487448933e+03
3.402599533533062868e+02 2.147413246794238603e+03 1.807153293440932430e+03 1.296259440625667780e+00 8.242139696447853270e-01 2.875650871795822241e+03
3.403742508641383324e+02 2.137094137194812447e+03 1.796719886330674171e+03 1.019168772786818611e+00 9.028681439669991038e-01 2.771327289212561027e+03
3.342383970651299023e+02 2.126792301355985273e+03 1.792553904290855371e+03 1.097885759653649096e+00 1.298370900047074228e+00 2.781856325019832639e+03
5.205875784651461800e+02 2.333076212860336454e+03 1.812488634395190275e+03 2.011484733605402031e+00 1.099388356611887829e+00 3.055615125792141043e+03
1.242679524426137050e+03 3.123250490617010655e+03 1.880570966190873605e+03 2.356107716969084720e+00 1.691817826069115682e+00 3.874024085415881018e+03
2.698914529664692054e+03 4.895683492239807492e+03 2.196768962575115438e+03 2.367734003800433751e+00 2.620740762072060193e+00 5.735898450681758732e+03
5.102951045166898439e+03 8.708454635046300609e+03 3.605503589879402170e+03 2.481549419862069783e+00 2.948229249188338397e+00 9.588711100537941093e+03
6.497278129294686551e+03 1.235923234247429536e+04 5.861954213179608814e+03 2.418409184501958631e+00 -1.380265979614652139e+00 1.322328986312040615e+04
6.719568994098616713e+03 1.346361094146162759e+04 6.744041947363010877e+03 2.429024993079913486e+00 -1.782423525887543159e+00 1.421867361632199754e+04
6.975282332576427507e+03 1.560074283299964191e+04 8.625460500423214398e+03 2.408848218866684210e+00 -9.782981253984915915e-01 1.646807697555215418e+04
