5.251886948153656931e+02 3.036459910957495595e+04 2.983941041475958991e+04 2.475030283508190099e+00 -2.114115706328651090e+00 3.143682454060053715e+04
5.251256583035140011e+02 3.037014951799677146e+04 2.984502385969325769e+04 2.394504890633088134e+00 -2.114115706328671962e+00 3.160318633037628388e+04
5.251546320212519277e+02 3.036870373045669839e+04 2.984354909843544738e+04 2.561083474348333944e+00 -2.652803830563030818e+00 3.155985189721044298e+04
5.251560331922599971e+02 3.036310382963339362e+04 2.983794779644113441e+04 2.580824484569950172e+00 -1.480043108482174796e+00 3.139200667705039086e+04
5.251443046499193770e+02 3.036629542444875551e+04 2.984115111979883659e+04 2.501732853103526111e+00 -4.469136219256747466e+01 3.148766800241237070e+04
5.251870194276184520e+02 3.037041000115108545e+04 2.984522298172346564e+04 2.582455490093972017e+00 1.445498828045595374e+00 3.161099378450017321e+04
5.251319281597438930e+02 3.036570095858674176e+04 2.984056903042699923e+04 2.472833581508529832e+00 -4.971815077773780178e-01 3.146985205995526121e+04
5.251514084886136970e+02 3.036880141481758983e+04 2.984365000632897500e+04 2.528692434431734970e+00 -1.480043108482118841e+00 3.156282480944097188e+04
5.251610592575294731e+02 3.036777334250849890e+04 2.984261228325096818e+04 2.472219876487375512e+00 -1.468521675688835737e+00 3.153240335610193870e+04
5.252175590143443742e+02 3.036855261407378202e+04 2.984333505505943685e+04 2.521735042623176160e+00 -1.480043108482210101e+00 3.156365217414569270e+04
6.872317053887286420e+03 1.816831381606913783e+04 1.129599676218185050e+04 2.467111071606965300e+00 2.002065512502018141e+00 1.901812055355242774e+04
4.313727859062901189e+03 7.332597739117796664e+03 3.018869880054895475e+03 2.258689935896841305e+00 2.315067721687522617e+00 8.051515429360531016e+03
1.451800045344903992e+03 3.372270224612771472e+03 1.920470179267867479e+03 2.261770187645931074e+00 1.598697663474029751e+00 4.081113568548189050e+03
5.089078252088910972e+02 2.319678322086863773e+03 1.810770496877972619e+03 2.020532726529917333e+00 1.127905326598526825e+00 2.986858816887656758e+03
3.533895245098266855e+02 2.150888768937118130e+03 1.797499244427291387e+03 1.830824068173965813e+00 1.218083318871373111e+00 2.811816115874584739e+03
3.356996307646090827e+02 2.125247934819417424e+03 1.789548304054808341e+03 1.265418717358836931e+00 1.410889778090781199e+00 2.777602476616692002e+03
3.401202224997048802e+02 2.138370509358154322e+03 1.798250286858449499e+03 1.129919166233471328e+00 9.937683810140113261e-01 2.810255771101742994e+03
3.390308506530855084e+02 2.140917191025612283e+03 1.801886340372526774e+03 1.537446595439005081e+00 9.105168713897739963e-01 2.811644603679837473e+03
3.421178041767183231e+02 2.145978315056948304e+03 1.803860510880229867e+03 1.097492925376538198e+00 8.967727682403566769e-01 2.833905547035760264e+03
3.439549304461452266e+02 2.154549716803488536e+03 1.810594786357343310e+03 1.286169250326666402e+00 1.003447213869545163e+00 2.874563376213545780e+03
3.430506817551856216e+02 2.143658785905263812e+03 1.800608104150078134e+03 1.065917141910652788e+00 1.350076674329242055e+00 2.849560841641443403e+03
3.393433749180705945e+02 2.137349484824364936e+03 1.798006109906294341e+03 1.125929623870176144e+00 1.225064610646343866e+00 2.818648452752825051e+03
3.657953997901186085e+02 2.166035888379433345e+03 1.800240488589314737e+03 1.632461884509637473e+00 8.200537478956868576e-01 2.812549566262931421e+03
4.959614507589951700e+02 2.305733022628295203e+03 1.809771571869300033e+03 1.915408851397882417e+00 1.206148247915268534e+00 3.031974510399403243e+03
1.134231526308985167e+03 3.006960553714950038e+03 1.872729027405964871e+03 2.126285499853759031e+00 1.354484537895055629e+00 3.768251204228367442e+03
2.869877615320822315e+03 5.127696390272179087e+03 2.257818774951356772e+03 2.440681310297357687e+00 2.394524695850098528e+00 5.997770392409513988e+03
5.114828622578376780e+03 8.729737320712178189e+03 3.614908698133801408e+03 2.365597199679773777e+00 3.016838923861303368e+00 9.609868013365094157e+03
6.440075130687035198e+03 1.215523798106645881e+04 5.715162850379423617e+03 2.490870653799431622e+00 -9.093378005015161358e-01 1.296933592435547507e+04
6.871512833620286983e+03 1.438338957159389793e+04 7.511876737973610943e+03 2.473145885503014174e+00 -8.258748974229853657e-01 1.517020908198902725e+04
6.978338135803087425e+03 1.552363308102842893e+04 8.545294945225341507e+03 2.671641048459640455e+00 -7.707900367350078996e-01 1.625175595306203650e+04
