5.251602510046640191e+02 3.036629477793026672e+04 2.984113452692560168e+04 2.483841800306828329e+00 -1.480043108482163250e+00 3.148764862434400857e+04
5.251541068937792716e+02 3.036366035905355238e+04 2.983850625215977198e+04 2.585034167609615352e+00 -1.480043108482169245e+00 3.140868747301614712e+04
5.251983490035486284e+02 3.036683030405404861e+04 2.984163195505049953e+04 2.423925207157279438e+00 -2.114115706328661748e+00 3.150369989078788421e+04
5.251897045906221138e+02 3.036641324640894891e+04 2.984122354181832634e+04 2.535683586567420100e+00 -1.480043108482185232e+00 3.149119946721029191e+04
5.252100089129251046e+02 3.036710654389844422e+04 2.984189653498552070e+04 2.583048817679579390e+00 -1.480043108482166803e+00 3.151197959772596732e+04
5.252087441444455180e+02 3.036250645513379277e+04 2.983729771098934725e+04 2.580105230878126488e+00 -1.480043108482163250e+00 3.137410165658629194e+04
5.252065609873093308e+02 3.036773385761469763e+04 2.984252729662738784e+04 2.729404023580215721e+00 -4.575083958035346399e+01 3.153078391201671911e+04
5.251657868229157202e+02 3.036799770045823971e+04 2.984283191363532387e+04 2.587327802892041451e+00 -1.468521675688845951e+00 3.153873568515016450e+04
5.251430570463427330e+02 3.037068207041843925e+04 2.984553901337209754e+04 2.389049591059045241e+00 -1.510171112778309777e+01 3.161958999793094335e+04
5.250919984842394115e+02 3.036385337958547461e+04 2.983876138110123429e+04 2.403738587151377004e+00 -1.480043108482175240e+00 3.142253277007291035e+04
6.949000200869780201e+03 1.741747432008655960e+04 1.046847411921677849e+04 2.483201932597119743e+00 1.955112273652779509e+00 1.827850221927285020e+04
4.211114264376012216e+03 7.172656088761498722e+03 2.961541824385486507e+03 2.465398273652888772e+00 2.296694486467891760e+00 7.914409343046640970e+03
1.360622728312286654e+03 3.279449645583078564e+03 1.918826917270791910e+03 2.102033368579724115e+00 1.259756386716910814e+00 4.018354001509099362e+03
4.712025508275264656e+02 2.283371957012895109e+03 1.812169406185368643e+03 2.044340190884474939e+00 1.062781796832575010e+00 2.946447764449727856e+03
3.527597499154829279e+02 2.162566367189130688e+03 1.809806617273647817e+03 1.589602920106320205e+00 8.618583573967052436e-01 2.896318946251819852e+03
3.376394332023565426e+02 2.140486181451020002e+03 1.802846748248663516e+03 1.072146248370845489e+00 1.034711560465437996e+00 2.834575227271739095e+03
3.388343530587907821e+02 2.136047970910235563e+03 1.797213617851444724e+03 1.266027514444827640e+00 1.209465877849280169e+00 2.801527607035746769e+03
3.413431998569874963e+02 2.142914532254054393e+03 1.801571332397066953e+03 1.111229500611256915e+00 9.936863596688905176e-01 2.847066267568060084e+03
3.352332812375630624e+02 2.128577589585837814e+03 1.793344308348274808e+03 1.221415789972297494e+00 1.429206748026303098e+00 2.787793880301662739e+03
3.399742527628236530e+02 2.137999544693919233e+03 1.798025291931095580e+03 1.386247623932275852e+00 9.927115159132903210e-01 2.815991679500484679e+03
3.392552496904680197e+02 2.132662863159643166e+03 1.793407613469175203e+03 1.114380552142091751e+00 1.360425498553664347e+00 2.793013785388085580e+03
3.375804513152505706e+02 2.129862884421892886e+03 1.792282433106642202e+03 1.288415001638252066e+00 1.493296142897729384e+00 2.795700093364224813e+03
3.800447910584625220e+02 2.187962116858095669e+03 1.807917325799633090e+03 1.140879226110746325e+00 1.035097005486677268e+00 2.885563844341923868e+03
5.217049279547775313e+02 2.331978797731042960e+03 1.810273869776265428e+03 1.679066809772180813e+00 1.084382803428811659e+00 3.016577234819941623e+03
1.158188817124746720e+03 3.035662366085706708e+03 1.877473548960959988e+03 2.179778217891601866e+00 1.456136915269743648e+00 3.822460269993106067e+03
2.567951096584857623e+03 4.731884537951062157e+03 2.163933441366204534e+03 2.360930596144914517e+00 2.441152298009440447e+00 5.544626489237274654e+03
5.017862004983612678e+03 8.536963439995744920e+03 3.519101435012132242e+03 2.473266743833653081e+00 3.219313454180736667e+00 9.301744399580649770e+03
6.455303934261416543e+03 1.218943057430800036e+04 5.734126640046583816e+03 2.692084210078574902e+00 -5.805924483095680211e-01 1.297116983824871204e+04
6.890982744652239489e+03 1.455378109842546110e+04 7.662798353773221606e+03 2.423201497018262707e+00 -8.108174162187343770e-01 1.531944033629013757e+04
6.962362947292112949e+03 1.533388525442096034e+04 8.371522307128847388e+03 2.476759913383729472e+00 -6.962134486748047246e-01 1.598479241404559798e+04
