5.251036989811238982e+02 3.036382799313814030e+04 2.983872429415701481e+04 2.554979978733341373e+00 -3.239184191603456497e+00 3.141371195125470331e+04
5.251545037018930771e+02 3.036688543559002574e+04 2.984173093188813436e+04 2.671655106652734535e+00 -1.480043108482198777e+00 3.150535234233375741e+04
5.252045316075409573e+02 3.036843583829284034e+04 2.984323130668529848e+04 2.531535216708441283e+00 -1.480043108482181013e+00 3.155182239443260551e+04
5.251252371281020714e+02 3.036635764651633872e+04 2.984123240938823801e+04 2.400679810389755975e+00 -3.239184191603456497e+00 3.148953297765976822e+04
5.252184978171086414e+02 3.036542883330421682e+04 2.984021033548710693e+04 2.602138895217628534e+00 -1.468521675688842398e+00 3.146169376000784905e+04
5.251089991220811726e+02 3.036470907083663042e+04 2.983960007171455072e+04 2.484551901417674014e+00 -1.468521675688842398e+00 3.144012041808603317e+04
5.252140197580960148e+02 3.036859510843050884e+04 2.984338108867241317e+04 2.655060804015243914e+00 -2.114115706328653310e+00 3.155659808337915456e+04
5.251595768634940669e+02 3.036334618336842686e+04 2.983818660650493257e+04 2.481362767716895679e+00 -1.480043108482180125e+00 3.139931554221400438e+04
5.251998229853718385e+02 3.036820565686302507e+04 2.984300583387765437e+04 2.415791620765428416e+00 -1.480043108482163250e+00 3.154536267750666957e+04
5.251137729330472439e+02 3.036776874847391809e+04 2.984265497554087051e+04 2.496393270476223947e+00 -3.239184191603423191e+00 3.153997533737838603e+04
6.919869826234621542e+03 1.782628867811226883e+04 1.090641885187764638e+04 2.556091004031908032e+00 1.564449122416269544e+00 1.869525043909370288e+04
4.027338800234777409e+03 6.870225986803789056e+03 2.842887186569011646e+03 2.461240147790493271e+00 2.152234251775286378e+00 7.606188147208372357e+03
1.381151941330195541e+03 3.290537756530257411e+03 1.909385815200061870e+03 2.369206527839649468e+00 1.624853753737118600e+00 3.980845354530461009e+03
3.905492061895092206e+02 2.180011126776295896e+03 1.789461920586786619e+03 1.877051357218193273e+00 1.237245791103324777e+00 2.795019731624786800e+03
3.678995268950894797e+02 2.165214696230641039e+03 1.797315169335551673e+03 1.381283202836061319e+00 1.232711834540800133e+00 2.850324211309535258e+03
3.380053433411125638e+02 2.138576102623872885e+03 1.800570759282760264e+03 1.325351007197272279e+00 1.170457228018328522e+00 2.837608931942411800e+03
3.403966248992841201e+02 2.134939374195117580e+03 1.794542749295833346e+03 1.112736501365381159e+00 1.518299434882291798e+00 2.811037066638863507e+03
3.384470760640721210e+02 2.133012393839288507e+03 1.794565317775216499e+03 1.135019634180510328e+00 1.048540951260028331e+00 2.783086999564743564e+03
3.429235141563663660e+02 2.152473715521395661e+03 1.809550201365029352e+03 1.400976340013804888e+00 6.579794862062741112e-01 2.855912301719784864e+03
3.340757963953500393e+02 2.127228916118423967e+03 1.793153119723073814e+03 1.523289739943950893e+00 1.159660159201593599e+00 2.777505530519539661e+03
3.391404216680321042e+02 2.133608284923293013e+03 1.794467863255260909e+03 1.208929280283872920e+00 1.134936975474656329e+00 2.794681740673930562e+03
3.384081707773127050e+02 2.131977923091302273e+03 1.793569752313989511e+03 1.351512949476125769e+00 1.212897631368181184e+00 2.804784448601392342e+03
3.692325372145792244e+02 2.170864478253242396e+03 1.801631941038663172e+03 1.456506568003397062e+00 1.026451314435369744e+00 2.860114230513560415e+03
4.681688738757852093e+02 2.269402786039574494e+03 1.801233912163789228e+03 2.240014835726458653e+00 1.155553383670996137e+00 2.930329617481266268e+03
1.255194522914459412e+03 3.136411841848498170e+03 1.881217318934038758e+03 2.489358803342939463e+00 1.782735333620076190e+00 3.897496924099126772e+03
2.770368306094337186e+03 4.982019773801703195e+03 2.211651467707366010e+03 2.259925164846238843e+00 2.599986021626567112e+00 5.813614215473840886e+03
5.121092664893156325e+03 8.715641356893569537e+03 3.594548692000413212e+03 2.478650380886333604e+00 3.096720785287256472e+00 9.534803205871701721e+03
6.520714371477012719e+03 1.241864342015680995e+04 5.897929048679797233e+03 2.468189846779036412e+00 -1.577711841939110293e+00 1.313835808057850954e+04
6.907792030634637740e+03 1.458577630615991802e+04 7.677984275525280282e+03 2.451105138693734364e+00 -8.557066869102777362e-01 1.537598827577188422e+04
6.962033814226691902e+03 1.534467385551380721e+04 8.382640041287115309e+03 2.408789340217003971e+00 -9.841476520094144531e-01 1.609384961253049187e+04
