5.252527065211088484e+02 3.036690434503329743e+04 2.984165163851218676e+04 2.410173440127654221e+00 -2.973011405054855061e+01 3.150591911302821973e+04
5.251350992775545592e+02 3.036677088092767735e+04 2.984163578165012223e+04 2.509984608494043368e+00 7.999047974057823529e-01 3.150191880786183538e+04
5.251840879959604536e+02 3.036604178434334244e+04 2.984085769634738244e+04 2.577715085784278770e+00 -4.442010179549510696e+01 3.148006567500148594e+04
5.251420304301384476e+02 3.036465168445440577e+04 2.983950965402426664e+04 2.688594100043056656e+00 -2.114115706328661304e+00 3.143840036176067588e+04
5.250736693272730236e+02 3.036392433539061312e+04 2.983885066606333930e+04 2.665889737697440420e+00 -1.480043108482181013e+00 3.141659960718055663e+04
5.250803022699155918e+02 3.036721990980711416e+04 2.984213960753719948e+04 2.647645403102619088e+00 -4.452143719112515186e+01 3.151537752249816185e+04
5.251836338853078132e+02 3.036635412971048208e+04 2.984117049582517575e+04 2.562245960140455914e+00 -4.971815077773579783e-01 3.148942945467552636e+04
5.251747473709183396e+02 3.036715254663035012e+04 2.984197779925943178e+04 2.616092630615407089e+00 -2.114115706328665745e+00 3.151340348482771878e+04
5.251579434243652713e+02 3.036331521036269987e+04 2.983815726693833494e+04 2.730671299063013535e+00 -1.480043108482183234e+00 3.139878007658707429e+04
5.251782918335103432e+02 3.036407466974421550e+04 2.983889637791070345e+04 2.675945284275593750e+00 -4.452143719112515186e+01 3.142901699373689917e+04
6.957395552363645038e+03 1.732981348934960624e+04 1.037241793698596121e+04 2.447025369971149278e+00 2.138224374567065933e+00 1.819566967760068292e+04
4.153844580705625049e+03 7.069811313495320064e+03 2.915966732789695016e+03 2.488084018249724583e+00 1.982325634559842342e+00 7.784727363063234407e+03
1.393874316641898986e+03 3.315152286233204450e+03 1.921277969591305464e+03 2.287356582689634266e+00 1.410519966991898189e+00 3.997017612452718822e+03
5.030666567466612378e+02 2.299246155268386246e+03 1.796179498521725009e+03 2.395209541181935631e+00 1.642664714454120434e+00 2.954591120224963561e+03
3.540832138320183162e+02 2.153859300706348222e+03 1.799776086874329849e+03 2.004514989936291514e+00 1.129691495948337732e+00 2.793331620803087390e+03
3.385682276395090753e+02 2.133713566393339534e+03 1.795145338753830401e+03 1.157078480910619378e+00 1.376112429192537734e+00 2.815679350239977339e+03
3.379506606867880123e+02 2.140229973269891616e+03 1.802279312583103547e+03 1.138572799000729496e+00 8.732501852926267683e-01 2.842323031960774188e+03
3.429352753418949078e+02 2.150071678563454043e+03 1.807136403221559249e+03 1.347921853284205662e+00 1.098205122400864875e+00 2.844949999696440045e+03
3.364056466598887596e+02 2.122848891472750438e+03 1.786443244812861622e+03 1.299795761645698766e+00 1.227843261758928106e+00 2.756767747986089034e+03
3.428675146971817185e+02 2.144773462206320801e+03 1.801905947509138969e+03 1.360490779215423274e+00 9.780134582671728971e-01 2.838758538584533198e+03
3.375609207174929907e+02 2.132486492706029821e+03 1.794925571988536831e+03 1.310194490001299394e+00 1.228572284441442397e+00 2.800643693393782542e+03
3.410002456913628066e+02 2.147524775719000900e+03 1.806524530027638093e+03 1.155639515435981757e+00 1.176996004014809527e+00 2.873449274026662351e+03
3.815502658274749592e+02 2.191538519746465681e+03 1.809988253918990722e+03 1.076070785443119071e+00 1.239203342691080678e+00 2.933437842439294855e+03
4.834631844365790130e+02 2.296316784599818675e+03 1.812853600163239662e+03 2.297246367284315749e+00 9.959249904235099038e-01 2.993623725342612033e+03
1.131753604331587212e+03 2.999629324623996126e+03 1.867875720292408914e+03 2.162135461430584105e+00 1.701406109928300880e+00 3.747116379240207152e+03
2.813256697189636725e+03 5.054750356606704372e+03 2.241493659417067647e+03 2.322843610878854381e+00 2.451058148623936450e+00 5.892640527928290794e+03
5.162397076616623963e+03 8.813266437001204395e+03 3.650869360384580432e+03 2.355542162651969917e+00 2.832409238423103659e+00 9.629554973112530206e+03
6.426726477530778538e+03 1.212879172560639199e+04 5.702065248075613454e+03 2.445259240873350226e+00 -7.591897225424499851e-01 1.292077670042805948e+04
6.856890010488142252e+03 1.423711791570832065e+04 7.380227905220178400e+03 2.476944287338609829e+00 -1.731702283319506597e+00 1.496799756320961933e+04
6.965723572787769626e+03 1.530031021590841738e+04 8.334586643120648660e+03 2.403000504464798848e+00 -7.839608304079556111e-01 1.618588269361526181e+04
