5.252156687039769167e+02 3.036725543496630053e+04 2.984203976626232179e+04 2.610895579434909575e+00 -1.480043108482167469e+00 3.151644229351996182e+04
5.252013704169415860e+02 3.036184077362895914e+04 2.983663940321201881e+04 2.474713166544174836e+00 -1.480043108482162806e+00 3.135414923638492837e+04
5.251399215065971475e+02 3.036637035627657679e+04 2.984123043476997918e+04 2.506785652865495706e+00 -1.142775538417186931e+00 3.148991392592710326e+04
5.251818982458302116e+02 3.036835935522006548e+04 2.984317745697423379e+04 2.475158555237717550e+00 -2.114115706328661748e+00 3.154952997558440256e+04
5.251628397254057745e+02 3.036592296160150363e+04 2.984076012187609740e+04 2.570406156650739682e+00 -3.239184191603468932e+00 3.147650421388076938e+04
5.251858760926470495e+02 3.036237693148423205e+04 2.983719105539158409e+04 2.650132433887293359e+00 -1.480043108482198777e+00 3.137021945869979390e+04
5.251685341117499775e+02 3.036857399398042980e+04 2.984340545986867801e+04 2.452332746062949820e+00 -1.665943165673500559e+01 3.155596524049200161e+04
5.251635582533147044e+02 3.036562208700313568e+04 2.984045852874981938e+04 2.779355289342082980e+00 -1.480043108482197667e+00 3.146753106795455460e+04
5.251516508377183072e+02 3.036852549150255072e+04 2.984337384066483355e+04 2.592271831264301607e+00 -2.114115706328671962e+00 3.155495097809162689e+04
5.251483762360808214e+02 3.037001048342838112e+04 2.984486210719230075e+04 2.534561163710707277e+00 -2.114115706328651090e+00 3.160739203345055284e+04
6.869745108305333815e+03 1.823349005082848089e+04 1.136374494252314616e+04 2.405370857530920503e+00 2.136268911550469607e+00 1.909545203641866465e+04
4.175471230973906131e+03 7.098994564449363679e+03 2.923523333475457548e+03 2.293905852756402464e+00 2.482015919378099511e+00 7.805559718030331169e+03
1.389636863029935057e+03 3.308333479895895834e+03 1.918696616865960777e+03 2.295038956526100904e+00 1.830503478624025293e+00 4.001007217812028102e+03
4.584480684348703221e+02 2.268397182962762599e+03 1.809949114527892334e+03 1.984347114774512422e+00 1.065081081401065832e+00 2.947035138171781000e+03
3.539522162826365275e+02 2.156130197221506478e+03 1.802177980938869950e+03 1.661865480073666079e+00 9.731924577061277226e-01 2.838629701295159975e+03
3.458434327969363267e+02 2.154277274530728846e+03 1.808433841733792633e+03 1.163686727332440052e+00 9.545070341412763559e-01 2.880912374489269496e+03
3.380845904411746119e+02 2.136589481176275967e+03 1.798504890735101299e+03 1.292451140368013007e+00 1.046360763380729475e+00 2.774727451511093022e+03
3.391046600053975340e+02 2.130289572593912453e+03 1.791184912588514862e+03 1.031052369473424379e+00 1.016155731888322755e+00 2.787912573636375328e+03
3.422268099362498219e+02 2.144468724418921738e+03 1.802241914482671973e+03 1.119863385197790828e+00 7.485856694397431399e-01 2.833588650870860420e+03
3.371807959698649597e+02 2.122957385304905529e+03 1.785776589335040626e+03 1.215861618725281756e+00 1.491568445821474853e+00 2.779128567823315279e+03
3.430164613683809876e+02 2.143725254402197152e+03 1.800708793033816164e+03 1.350072834374199671e+00 8.918190685420738228e-01 2.817995419915125694e+03
3.380251523845943780e+02 2.132967156340283964e+03 1.794942003955689643e+03 1.407351159574464772e+00 1.359169228516180050e+00 2.817115351579129765e+03
3.683593114974704577e+02 2.178179277676829770e+03 1.809819966179359199e+03 1.840737057955785794e+00 7.169425314923913994e-01 2.855890996434184672e+03
5.359810044190221561e+02 2.341997909766791963e+03 1.806016905347769807e+03 1.848494463601983107e+00 1.259177108164029280e+00 3.053848779152313000e+03
1.206565833660835096e+03 3.078778015798309752e+03 1.872212182137474656e+03 2.220741527338822241e+00 1.651606980161006932e+00 3.858199119334150055e+03
2.949412139663995731e+03 5.227890567864187688e+03 2.278478428200191956e+03 2.367290172644214596e+00 2.586681181494450144e+00 6.053095920291809307e+03
5.054746139780933845e+03 8.613969000175940891e+03 3.559222860395007046e+03 2.457138170706594682e+00 3.087779903958197902e+00 9.465385403215186670e+03
6.473125259069304775e+03 1.227189687683155535e+04 5.798771617762250571e+03 2.387347350951813052e+00 -1.434884715772791752e+00 1.309261024516366524e+04
6.826145612446226551e+03 1.400442014301136078e+04 7.178274530565134228e+03 2.414123930454000089e+00 -1.064434129442302757e+00 1.474103779626877258e+04
6.885215482518079625e+03 1.450288851635619903e+04 7.617673033838119409e+03 2.585791446765286050e+00 -1.636156441227232250e+00 1.525920105568375038e+04
