5.251574363534798522e+02 3.037077591775752080e+04 2.984561848140404254e+04 2.525016016730745161e+00 -1.480043108482200997e+00 3.162196134248159797e+04
5.251532387356248819e+02 3.036302561537491783e+04 2.983787237663929409e+04 2.457204891322795515e+00 -1.480043108482187231e+00 3.138966236956259672e+04
5.251433164747783167e+02 3.036431625133192938e+04 2.983917293485714981e+04 2.441624153307203393e+00 -2.652803830563052134e+00 3.142834646115405849e+04
5.251629809059199943e+02 3.036907902856551300e+04 2.984391604765959346e+04 2.621837307745554568e+00 -1.480043108482159475e+00 3.157110066672773974e+04
5.251993398734265384e+02 3.036556929833500544e+04 2.984036995846157879e+04 2.537327429708246651e+00 -1.480043108482168579e+00 3.146590390314628894e+04
5.252075565949095335e+02 3.036458629431664667e+04 2.983937873772173771e+04 2.562738854874807348e+00 -1.480043108482234304e+00 3.143644045150711463e+04
5.252046908684047821e+02 3.036661170884512467e+04 2.984140701797671863e+04 2.557714583586542023e+00 -4.463472052542002189e+01 3.149714985989427441e+04
5.252171926756725497e+02 3.036658747046518693e+04 2.984137027778951597e+04 2.432864896088590356e+00 7.999047974057922339e-01 3.149646653407477061e+04
5.252032797803749418e+02 3.037048510557254122e+04 2.984528182579216809e+04 2.666508304929188444e+00 -2.114115706328663524e+00 3.161368679522971070e+04
5.251926021273934566e+02 3.036398157504493065e+04 2.983878897291753674e+04 2.563326223259865699e+00 -1.480043108482194336e+00 3.142636885946096299e+04
6.945015290857676518e+03 1.761994374666960721e+04 1.067492845581193069e+04 2.406273273012736968e+00 2.311585669880173999e+00 1.861544021235126274e+04
4.245169934425865904e+03 7.210969236652565087e+03 2.965799302226699183e+03 2.350914665297588080e+00 2.495797025515234413e+00 7.956577865435247986e+03
1.477750761855388191e+03 3.420327513625008578e+03 1.942576751769620387e+03 2.417439679068257075e+00 1.696067672670587001e+00 4.182129077233977114e+03
4.422251439528223500e+02 2.238365311796119386e+03 1.796140167843297149e+03 1.980124216624190581e+00 1.556388584660433727e+00 2.875948356132659228e+03
3.501091967766244011e+02 2.144606645438316264e+03 1.794497448661691806e+03 1.557079758915077106e+00 1.010651658271749520e+00 2.802742254259550919e+03
3.420524399354817433e+02 2.141673904752945418e+03 1.799621464817463675e+03 1.133792381059725685e+00 8.085986516752683428e-01 2.800599709525075014e+03
3.377590719319846357e+02 2.135998277668588344e+03 1.798239205736603708e+03 1.113502828803420774e+00 9.294108994067196150e-01 2.813316647959823513e+03
3.448182004266212743e+02 2.143440058121496804e+03 1.798621857694875416e+03 1.338051493517950385e+00 1.092269588032665162e+00 2.815958409587689857e+03
3.411338663534228886e+02 2.137754881112818111e+03 1.796621014759395166e+03 1.521987638607335436e+00 9.445551302006839345e-01 2.788162896234292020e+03
3.420771115098419273e+02 2.151297246990779058e+03 1.809220135480937188e+03 1.224138831166715180e+00 1.171121692678877446e+00 2.864396471735703017e+03
3.396736807123863855e+02 2.136354032824505794e+03 1.796680352112119408e+03 1.441950469325798290e+00 9.989225390648401870e-01 2.795231774681240495e+03
3.397756727848966989e+02 2.142536638919578763e+03 1.802760966134682121e+03 1.192164666502330439e+00 1.124515380540290321e+00 2.869205958295228811e+03
3.812224553028853506e+02 2.187631120712947904e+03 1.806408665410062440e+03 1.340692963251855829e+00 1.053990018789400906e+00 2.909522127077200366e+03
5.207496696359214639e+02 2.322836212719338164e+03 1.802086543083416700e+03 1.860626326361285221e+00 1.107651170838836352e+00 3.002753122296119273e+03
9.941351158975628550e+02 2.851544819067784829e+03 1.857409703170221974e+03 2.478601694359479524e+00 1.153729330001186826e+00 3.617374856729973544e+03
2.494891109768367642e+03 4.620148529002141913e+03 2.125257419233774272e+03 2.314622366113650465e+00 2.436888311000724894e+00 5.437294926438534276e+03
5.031836784539243126e+03 8.569468922366901097e+03 3.537632137827657971e+03 2.447492365888341848e+00 3.273526858205531909e+00 9.418537242126853016e+03
6.517835882939148178e+03 1.244826353936899795e+04 5.930427656429849776e+03 2.475880121816715018e+00 -1.751712798133653992e+00 1.331685816641103884e+04
6.772256053514839550e+03 1.370441252544859344e+04 6.932156471933753892e+03 2.337905199515585508e+00 -1.991436203098669422e+00 1.450958211249326268e+04
6.910632847683749787e+03 1.479639187989890161e+04 7.885759032215151819e+03 2.481705292440243404e+00 -5.601282353124116264e-01 1.551150798046318778e+04
