5.252406079460406545e+02 3.036830550801930440e+04 2.984306490007326283e+04 2.498858700585895321e+00 -2.114115706328661304e+00 3.154791601927471129e+04
5.251503957243728564e+02 3.036566074999027114e+04 2.984051035426589806e+04 2.594939250846895362e+00 -4.452143719112515186e+01 3.146864497365010175e+04
5.251142471510258929e+02 3.036314738079686867e+04 2.983803313364584392e+04 2.538286650076416517e+00 -1.480043108482156811e+00 3.139331203135510805e+04
5.252237813944217351e+02 3.036345651786862436e+04 2.983823273647420137e+04 2.474068496167626918e+00 -1.480043108482174796e+00 3.140257776328271575e+04
5.251378288980097295e+02 3.036265569939193301e+04 2.983751787049392442e+04 2.504400378057614063e+00 -1.480043108482222536e+00 3.137857491795555325e+04
5.251485408144750409e+02 3.036885893220008802e+04 2.984371039138561173e+04 2.554044814927646012e+00 -1.480043108482187231e+00 3.156450376292899091e+04
5.251992394783446798e+02 3.036701476185203137e+04 2.984181552237368669e+04 2.530035026585786273e+00 -2.114115706328654198e+00 3.150923055138933341e+04
5.251325589939821157e+02 3.036672287196664183e+04 2.984159031297266120e+04 2.529966592522836066e+00 7.999047974058269839e-01 3.150052435203469577e+04
5.251754033734084715e+02 3.037070064495064435e+04 2.984552524157723747e+04 2.487829142043262109e+00 -2.114115706328673294e+00 3.162014246407541577e+04
5.251074410619709170e+02 3.036764736126298521e+04 2.984253992020101578e+04 2.417805831851397080e+00 -2.926715329140149890e+01 3.153623885349263219e+04
6.961380192311440624e+03 1.738730321952377926e+04 1.042592302721233864e+04 2.441686597424067795e+00 1.930823886801239953e+00 1.833473852138462098e+04
4.412186712414311842e+03 7.500956001943476622e+03 3.088769289529164780e+03 2.284747113649193917e+00 2.324780701119879556e+00 8.257036098982336625e+03
1.605850547654128150e+03 3.567184988793436787e+03 1.961334441139308638e+03 2.330951706038318694e+00 1.572262868729443097e+00 4.267196135564729957e+03
4.555661431754127193e+02 2.262948661515655203e+03 1.807382518340242541e+03 2.050553315029363333e+00 8.678801308877709397e-01 2.945858481499944901e+03
3.373259969743992883e+02 2.127293716202593714e+03 1.789967719228194483e+03 1.531978197117750851e+00 9.431417315671751789e-01 2.791717383434317981e+03
3.383310068118184972e+02 2.139441792055401038e+03 1.801110785243582541e+03 1.066036768904842225e+00 1.098794921521481394e+00 2.832250770310349253e+03
3.408650633213540573e+02 2.149564008259342700e+03 1.808698944937988699e+03 1.090875071837025923e+00 7.390082789707990152e-01 2.833469394922296033e+03
3.390061609686551947e+02 2.144188510109887375e+03 1.805182349141232180e+03 1.075250264743994988e+00 1.193113290576875540e+00 2.830949171528914121e+03
3.394473124147260705e+02 2.137945038766959897e+03 1.798497726352233713e+03 1.176480217042856102e+00 1.145701000155556981e+00 2.828341903437160454e+03
3.401974120404217956e+02 2.136016936649709805e+03 1.795819524609288010e+03 1.574954335809432004e+00 9.835644275398500724e-01 2.788287266064374762e+03
3.421237912994081398e+02 2.145723443345153555e+03 1.803599652045745415e+03 1.086155993935481234e+00 1.258198459064042707e+00 2.837233382730325047e+03
3.372368125103436114e+02 2.129925087154656012e+03 1.792688274644312514e+03 1.045979045701819432e+00 1.019580400084025840e+00 2.766167558930083032e+03
3.786301601360998461e+02 2.176584378085476601e+03 1.797954217949376698e+03 2.010209105581386435e+00 1.105177466185259805e+00 2.848845082206301413e+03
5.098571146914150063e+02 2.317797069460820239e+03 1.807939954769405176e+03 1.931861245592596532e+00 1.152923498008675995e+00 3.029026281460825430e+03
1.181023696530169218e+03 3.051305182026961575e+03 1.870281485496792357e+03 2.359765675597609746e+00 1.421503509836440360e+00 3.786137467192537315e+03
3.101771117051113833e+03 5.443998228586945515e+03 2.342227111535831682e+03 2.309484556708230496e+00 2.799029990996405814e+00 6.350856215845960833e+03
5.090584793630880085e+03 8.677299105992427940e+03 3.586714312361547854e+03 2.386020797203157962e+00 2.912605624525681502e+00 9.507035719751771467e+03
6.497192488172861886e+03 1.236011533507411696e+04 5.862922846901255070e+03 2.469841392173194539e+00 -3.884485163006443642e-01 1.315543001897370596e+04
6.831347170585147978e+03 1.401218156043228191e+04 7.180834389847133934e+03 2.421169530548751947e+00 -1.616861862836732833e+00 1.479740963832336820e+04
6.925621968706108419e+03 1.493918344224509929e+04 8.013561473538990867e+03 2.362443847022182908e+00 -1.216073183217684095e+00 1.568525672892493822e+04
