5.251461356733952925e+02 3.036748904461614075e+04 2.984234290894274454e+04 2.627220918157462393e+00 -1.480043108482187231e+00 3.152344425022314681e+04
5.251952931481713449e+02 3.036780479441205171e+04 2.984260950126387979e+04 2.383555223010601853e+00 -1.480043108482174796e+00 3.153290818461856179e+04
5.251880471559405805e+02 3.036457292306262025e+04 2.983938487590667864e+04 2.563045666941934808e+00 -1.480043108482189451e+00 3.143603965510704438e+04
5.251070788416360529e+02 3.036434115265412765e+04 2.983923407381249126e+04 2.510841533334772446e+00 -2.114115706328654642e+00 3.142909282578352213e+04
5.251494785439305133e+02 3.036558799850182550e+04 2.984043851995789373e+04 2.618865876280071614e+00 -2.114115706328659083e+00 3.146646440121699197e+04
5.251710582130874627e+02 3.036790269776582863e+04 2.984273163955274140e+04 2.514958006973896598e+00 -2.114115706328654642e+00 3.153584265223659895e+04
5.251632396535359248e+02 3.036713832488823027e+04 2.984197508523469514e+04 2.577217064024635462e+00 7.999047974058096644e-01 3.151293405914416871e+04
5.250947640222162818e+02 3.036520817263158096e+04 2.984011340860936616e+04 2.615315908506524512e+00 -2.066423469522640222e+00 3.145512499480196857e+04
5.250787697599628245e+02 3.036769114218060713e+04 2.984261237242064453e+04 2.599315122582490201e+00 7.999047974058113297e-01 3.152994136982778582e+04
5.251864221405456874e+02 3.036976768562254438e+04 2.984458126348199949e+04 2.694106390708546517e+00 -2.114115706328648869e+00 3.159920143309159903e+04
6.905230884722212068e+03 1.788639973377205752e+04 1.098116884904984545e+04 2.528497389858037625e+00 2.099685847463815147e+00 1.892127748331049952e+04
4.295612490380975032e+03 7.304447199200424620e+03 3.008834708819449588e+03 2.325567416019353129e+00 2.359400482212774097e+00 8.086812385442877712e+03
1.206285553299924231e+03 3.094740243091094726e+03 1.888454689791170495e+03 2.253424916909512188e+00 1.652152117413660859e+00 3.793587375604154204e+03
4.759938293026686438e+02 2.293036770849448658e+03 1.817042941546779957e+03 1.996978868295778531e+00 8.798898142485539475e-01 3.034866890508102188e+03
3.881746519979627692e+02 2.176952471840405906e+03 1.788777819842443023e+03 1.851546210071184362e+00 1.226627204945936578e+00 2.805013144393683888e+03
3.389738527858853558e+02 2.131767487467022420e+03 1.792793634681137064e+03 1.069429129315752514e+00 1.497013453186336163e+00 2.828829921238899260e+03
3.409710812691913588e+02 2.138217851533387602e+03 1.797246770264196130e+03 1.562303889300190152e+00 1.346309222705312836e+00 2.821537220711011287e+03
3.388466544139736243e+02 2.134154013797108291e+03 1.795307359383134553e+03 1.316826860664573440e+00 1.218548002969549016e+00 2.833366139685109374e+03
3.404411120169064020e+02 2.139138051003208147e+03 1.798696938986301802e+03 1.098479195532866770e+00 9.384478864179617297e-01 2.814919714151454173e+03
3.367677876997248632e+02 2.129771642141081429e+03 1.793003854441356452e+03 1.159504820079998888e+00 1.437320689681677033e+00 2.828082294602399088e+03
3.404299466478602199e+02 2.130340005503941029e+03 1.789910058856080923e+03 1.294839168626879866e+00 1.048074651768021504e+00 2.794545818677914667e+03
3.358627151902987293e+02 2.133167549537659397e+03 1.797304834347360611e+03 1.316280260389554257e+00 8.250971885406318540e-01 2.780338529752655177e+03
3.663314236901495065e+02 2.170864991955719688e+03 1.804533568265570239e+03 1.302173518422619969e+00 1.194751842249239360e+00 2.885405503432523346e+03
5.747461423943358341e+02 2.383684532665884035e+03 1.808938390271548087e+03 2.229228940540893600e+00 1.379591957763119936e+00 3.082548383874107003e+03
1.191772918959123672e+03 3.067451698926024164e+03 1.875678779966900493e+03 2.004018114411389107e+00 1.994746821996421060e+00 3.877520103578660837e+03
3.124061976748217148e+03 5.473802060952692955e+03 2.349740084204475806e+03 2.425385960568327892e+00 2.648288419140189642e+00 6.364603601749402515e+03
5.162640153986222685e+03 8.822767003112267048e+03 3.660126849126044362e+03 2.404180707613431611e+00 3.083364046100354638e+00 9.743229871195200758e+03
6.481546846902348079e+03 1.228612686866546210e+04 5.804580021763114019e+03 2.568806998454334689e+00 -8.533290518902997279e-01 1.301791424833041492e+04
6.878488139519696233e+03 1.447312362075157580e+04 7.594635481231879567e+03 2.641432345244231872e+00 -1.767023615779737655e+00 1.525917769229662372e+04
6.969392145495638943e+03 1.539001494028739398e+04 8.420622794791754131e+03 2.556903580693263844e+00 -5.884041866028466572e-01 1.618300315881407550e+04
