5.251753568083804566e+02 3.036715790967299108e+04 2.984198255286461062e+04 2.661169150208811285e+00 -1.582717446936320904e+01 3.151351917847749792e+04
5.252259089073285168e+02 3.036831996043055551e+04 2.984309405152322870e+04 2.461186085222827113e+00 -1.480043108482210767e+00 3.154834919983038344e+04
5.251271011297063751e+02 3.036481618164034808e+04 2.983968908051064136e+04 2.530407055412007722e+00 -2.114115706328657751e+00 3.144333081807829512e+04
5.251740957686379261e+02 3.036406280918839911e+04 2.983888871341976119e+04 2.643312468074888955e+00 -1.480043108482174796e+00 3.142075006726813444e+04
5.251744771388401887e+02 3.036608826890038108e+04 2.984091379176154078e+04 2.576442618496928905e+00 -1.480043108482187009e+00 3.148145895162421584e+04
5.252009841196631896e+02 3.036589281825931175e+04 2.984069183413964856e+04 2.649881032109272283e+00 -1.468521675688848838e+00 3.147560075178098850e+04
5.252074172523891775e+02 3.036449736118548753e+04 2.983928994393309767e+04 2.489769993430957840e+00 4.741586601341243323e-01 3.143377676298129882e+04
5.251584952126537473e+02 3.036561014426915790e+04 2.984045164905650381e+04 2.463794963392973880e+00 1.445498828045649775e+00 3.146717305893899538e+04
5.251238081344865805e+02 3.036475573442752648e+04 2.983963192629304103e+04 2.471635511210276803e+00 -2.114115706328653310e+00 3.144195978864718927e+04
5.251513099768358188e+02 3.037066221064218189e+04 2.984551090066534744e+04 2.470429494409836391e+00 -2.114115706328669297e+00 3.162676561984990622e+04
6.917040486654895176e+03 1.779015763275239442e+04 1.087311714609749833e+04 2.667830896911647542e+00 2.113000076913761571e+00 1.859213989635468170e+04
4.115323186670915675e+03 7.005704328405554406e+03 2.890381141734638732e+03 2.261437442829706601e+00 2.364461736219681587e+00 7.756218755644858902e+03
1.352886948526068636e+03 3.278083497949854973e+03 1.925196549423786337e+03 2.352495400387305313e+00 1.214996708004843828e+00 4.009179726728720652e+03
4.326196013988349591e+02 2.236299515402923134e+03 1.803679914004088232e+03 2.241457721354594756e+00 1.060719517563538439e+00 2.925230717700871537e+03
3.580397757094324902e+02 2.172261801553561781e+03 1.814222025844129348e+03 2.121221610993788698e+00 7.436976274667309594e-01 2.897489652698354803e+03
3.395354947865693589e+02 2.131654163590898861e+03 1.792118668804329445e+03 1.212378440339628938e+00 1.184210834636403753e+00 2.798675957713679509e+03
3.367745945315427321e+02 2.129771908536692081e+03 1.792997314005149292e+03 1.232457741477361424e+00 1.162564371126176832e+00 2.788578759983617601e+03
3.410619481933366615e+02 2.133694245735516688e+03 1.792632297542179913e+03 1.404147816933688731e+00 9.827216793159146979e-01 2.787411971436031308e+03
3.381727758009396325e+02 2.132231836854499761e+03 1.794059061053560072e+03 1.252322401830607168e+00 1.027424903130405465e+00 2.797365144988769316e+03
3.413091983846482549e+02 2.140282140705421625e+03 1.798972942320773427e+03 1.198488920772030619e+00 1.133534560252710266e+00 2.842692568501468941e+03
3.365817371870088550e+02 2.133803184674043223e+03 1.797221447487034311e+03 1.208837535039295696e+00 1.416152405588437801e+00 2.803185328396590648e+03
3.366408312353646011e+02 2.126912221051628876e+03 1.790271389816264218e+03 1.376348722223693199e+00 1.126477223509704695e+00 2.762226920404506018e+03
3.405984702213073660e+02 2.142803480476027289e+03 1.802205010254720037e+03 1.565809700253084413e+00 1.296481010179346693e+00 2.836242993809442396e+03
5.342935063479031896e+02 2.335816464850219745e+03 1.801522958502316669e+03 1.970684439081120454e+00 1.353984506106214569e+00 3.019288521596140981e+03
1.193617875506473183e+03 3.067574159315947327e+03 1.873956283809474144e+03 2.218803780163881800e+00 1.847318224359616456e+00 3.840859120514478946e+03
3.183633344400809165e+03 5.551242980234438619e+03 2.367609635833629454e+03 2.326382434248689179e+00 2.635146285560582502e+00 6.385760611627686558e+03
5.044574259015803364e+03 8.581369094767043862e+03 3.536794835751240498e+03 2.424592649428367608e+00 3.103399702524729076e+00 9.441911157073440336e+03
6.298761986236975645e+03 1.165471821808689492e+04 5.355956231849919277e+03 2.266502000430341113e+00 -1.575152463856242191e+00 1.256396125872088123e+04
6.885714256704714899e+03 1.442099686432806629e+04 7.535282607623351396e+03 2.472026272523336843e+00 -1.691835830729669032e+00 1.517497779074523169e+04
6.940621723218770057e+03 1.516677630308437438e+04 8.226154579865604319e+03 2.483400872602872234e+00 -1.120580307066639802e+00 1.590698144416867035e+04
