5.251994987197740556e+02 3.036530425356435808e+04 2.984010475484458584e+04 2.345421070102330585e+00 -1.480043108482200997e+00 3.145795974493364338e+04
5.251996639504253608e+02 3.036726249742742584e+04 2.984206283347700082e+04 2.513016594253347780e+00 -2.114115706328663524e+00 3.151665397590302746e+04
5.251449423476582297e+02 3.037011157865309360e+04 2.984496663630543480e+04 2.461265405501613657e+00 -2.114115706328673294e+00 3.160204917854208907e+04
5.251878849997876841e+02 3.036283393752778647e+04 2.983764605252799811e+04 2.558242172920723423e+00 -1.480043108482181013e+00 3.138391723023541999e+04
5.251703345390901632e+02 3.037082596259867205e+04 2.984565562805958325e+04 2.432224147368413636e+00 -1.480043108482192338e+00 3.162346133112059397e+04
5.251391472256026418e+02 3.036278652552406857e+04 2.983764737829846490e+04 2.561570471688383588e+00 -2.114115706328662636e+00 3.138249617657215276e+04
5.251671256684245463e+02 3.036780981936759417e+04 2.984264269369917020e+04 2.570176364234643351e+00 -2.114115706328650202e+00 3.153306071856720155e+04
5.251841066205901143e+02 3.036882397717504136e+04 2.984363987055445250e+04 2.441575080077160731e+00 -1.468521675688857497e+00 3.156350111873705100e+04
5.251358669598228062e+02 3.036725153713021064e+04 2.984211567017038760e+04 2.501417976407309229e+00 -3.239184191603475593e+00 3.151676738230736373e+04
5.251694425160088713e+02 3.036555578823075848e+04 2.984038634571474904e+04 2.554211787715246373e+00 -2.066423469522615353e+00 3.147365133948628500e+04
6.958979187721489325e+03 1.733309076768594969e+04 1.037411157996446127e+04 2.618477927479696099e+00 2.567981588094446099e+00 1.828781492089194944e+04
4.088551465675836880e+03 6.975225538902146582e+03 2.886674073226309702e+03 2.417961704695760883e+00 2.303296523032499099e+00 7.756689992353351954e+03
1.329127704386877667e+03 3.229638520218558824e+03 1.900510815831681157e+03 2.190137030932615136e+00 1.298358060904161393e+00 3.892852764291324092e+03
4.786258270524115801e+02 2.272221355296569072e+03 1.793595528244157549e+03 2.131057399836989052e+00 1.510504016600116017e+00 2.899889489111041712e+03
4.202296481637068837e+02 2.218746086399175965e+03 1.798516438235469195e+03 1.909755002075887775e+00 1.043314387003701826e+00 2.882263340906808025e+03
3.394580082833960546e+02 2.139016287174810259e+03 1.799558278891414147e+03 1.166038946972385526e+00 8.348145586880805213e-01 2.818352685940707943e+03
3.373523920425796518e+02 2.136991757162069007e+03 1.799639365119489412e+03 1.197321836438510312e+00 1.297023166372657244e+00 2.850175843802990130e+03
3.394275282277873202e+02 2.132015198449028503e+03 1.792587670221241297e+03 1.118278758807906614e+00 1.043290994958427476e+00 2.779896310578499197e+03
3.387390687570573391e+02 2.134204833600464099e+03 1.795465764843406760e+03 1.237425151629648168e+00 1.001752043904053480e+00 2.768116129029142485e+03
3.407751514526710253e+02 2.141468432137701711e+03 1.800693280685030686e+03 1.273496287000394744e+00 9.636489647843414774e-01 2.833918188707898480e+03
3.406448238609074224e+02 2.142511301869309136e+03 1.801866478008401828e+03 1.471123563185253502e+00 8.905821233982894602e-01 2.811761857701176723e+03
3.553277718666275860e+02 2.155930838230811787e+03 1.800603066364184087e+03 1.013700149777487791e+00 1.035498963258191907e+00 2.835594336702511100e+03
3.541354724765045603e+02 2.152295198832194274e+03 1.798159726355689600e+03 1.163313010747359710e+00 1.284905528430878796e+00 2.843917428995099726e+03
4.973501508293575739e+02 2.315706043704359672e+03 1.818355892875002155e+03 1.837953420844137042e+00 9.230192063489024434e-01 3.029393507656778638e+03
1.306400254534770738e+03 3.201954767243732476e+03 1.895554512708961738e+03 2.143322516784569309e+00 1.583262124414228866e+00 3.993749397587708245e+03
2.968823871412756034e+03 5.262523990219628104e+03 2.293700118806872069e+03 2.449532806009308228e+00 2.563084429749945770e+00 6.086846679907468570e+03
5.130788793148781224e+03 8.748129707180176410e+03 3.617340914031395187e+03 2.434183644862088158e+00 2.991898151172885267e+00 9.568459158294668669e+03
6.403561999884960642e+03 1.199259918596268835e+04 5.589037186077727711e+03 2.471817652865906823e+00 -8.014540445124552770e-01 1.278133516844649239e+04
6.871356039139367567e+03 1.437791256818848160e+04 7.506556529049114033e+03 2.653494043338753272e+00 -1.058780197880754725e+00 1.505258025507789898e+04
6.953384419916015759e+03 1.525079178090644382e+04 8.297407360990428060e+03 2.570132943610892173e+00 -6.172327115393115848e-01 1.601994219050921674e+04
