5.251432881127827841e+02 3.036930062593242474e+04 2.984415733781964082e+04 2.636394509332588232e+00 -1.480043108482161252e+00 3.157774258058084524e+04
5.251573184281594422e+02 3.036815235804467011e+04 2.984299503961651135e+04 2.487710600614971401e+00 -1.480043108482125058e+00 3.154332567169325193e+04
5.251877635265052504e+02 3.036631847539637238e+04 2.984113071186986781e+04 2.620320057253294976e+00 -1.480043108482177017e+00 3.148835890592864962e+04
5.251691673077511950e+02 3.036327933442672656e+04 2.983811016711897537e+04 2.499898867471516795e+00 -4.971815077773651947e-01 3.139726706319204823e+04
5.251379151906974130e+02 3.036593490866079446e+04 2.984079699347009591e+04 2.531554416277947528e+00 -1.714353705056947952e-01 3.147686230179255290e+04
5.251369162460280222e+02 3.036759218151878304e+04 2.984245526527275433e+04 2.522451349269369203e+00 -1.480043108482167469e+00 3.152653558249858543e+04
5.252050656094670558e+02 3.036530531026273093e+04 2.984010024465326569e+04 2.582867527797394924e+00 -4.599107165705145661e+01 3.145799331329317647e+04
5.250978472352451263e+02 3.036278365078517163e+04 2.983768580354992810e+04 2.592048303597763947e+00 -1.480043108482189451e+00 3.138245512313911604e+04
5.251348484968792718e+02 3.037020568964905397e+04 2.984507084115217367e+04 2.436555202768401429e+00 -3.239184191603436958e+00 3.160530955355880724e+04
5.250704583314443425e+02 3.036261579909338980e+04 2.983754534076194614e+04 2.525682698412738514e+00 -1.480043108482181013e+00 3.138549963759287493e+04
6.965491991142557708e+03 1.713428426649321409e+04 1.016879227535065729e+04 2.439113705284192246e+00 1.859003767190860357e+00 1.802492851150815841e+04
4.093371643495018816e+03 6.987107432690188944e+03 2.893735789195170128e+03 2.488625110085307401e+00 2.219307460122539766e+00 7.751596348169076919e+03
1.314639959651438176e+03 3.212360823341913601e+03 1.897720863690475426e+03 2.408971967112996992e+00 1.587995486705401360e+00 3.882769248385212904e+03
5.087364433587264898e+02 2.310666632095325440e+03 1.801930188736598893e+03 2.357838625524212972e+00 1.615242241959517822e+00 2.984064274528330770e+03
3.390153629303951561e+02 2.138461116631587174e+03 1.799445753701191961e+03 1.082948768538664952e+00 1.093310756729934496e+00 2.802973778147188114e+03
3.415737196502339543e+02 2.133662889416405505e+03 1.792089169766171608e+03 1.299538097391384595e+00 1.440061343680592465e+00 2.820809528176703679e+03
3.407010079542849894e+02 2.140846160424568552e+03 1.800145152470283620e+03 9.615425618285070586e-01 1.155827181563678474e+00 2.829156327984736436e+03
3.411846593548550004e+02 2.133536223263213742e+03 1.792351563908358685e+03 1.212997155084617029e+00 1.291275561558107521e+00 2.797192326032408801e+03
3.409193791585299778e+02 2.139502462495953750e+03 1.798583083337423886e+03 1.265291778762854591e+00 1.146373056701054383e+00 2.818798695365962431e+03
3.408012158213355178e+02 2.151273746961368033e+03 1.810472531140032515e+03 1.085322156051156783e+00 8.856755695929970917e-01 2.881734543985391156e+03
3.407275987759169880e+02 2.142797099004921620e+03 1.802069500229004689e+03 1.083853101557808118e+00 1.321714277828079709e+00 2.869669547336094638e+03
3.393766140732643635e+02 2.147445223549214916e+03 1.808068609475950552e+03 1.354618882870861851e+00 1.154014705565410415e+00 2.882143191447270056e+03
3.505598201584982689e+02 2.145208081830205174e+03 1.794648261671706905e+03 1.299049806886451774e+00 1.005518584479717203e+00 2.775751752626563757e+03
5.302270432438830312e+02 2.331983173542090753e+03 1.801756130298207609e+03 1.826823100079687734e+00 1.658136601247419684e+00 3.018470376685060728e+03
1.511465414286516079e+03 3.437641592944768945e+03 1.926176178658252866e+03 2.073524570070528039e+00 1.759585272361069430e+00 4.215158624458858867e+03
2.982822861832820763e+03 5.274604819014716668e+03 2.291781957181895905e+03 2.160213841710791005e+00 2.452342101908923322e+00 6.123170541402397248e+03
5.292399195038789003e+03 9.072351672653803689e+03 3.779952477615014686e+03 2.443483189551923562e+00 2.806976137950427219e+00 9.964574183718439599e+03
6.503078296694414348e+03 1.237421527349202370e+04 5.871136976797609350e+03 2.590418874457609988e+00 -1.009003359871656125e+00 1.314215823821832964e+04
6.829603272208133603e+03 1.408492316003794804e+04 7.255319887829814434e+03 2.511853773714133542e+00 -1.802447459356295800e+00 1.478612592479258456e+04
6.917738063423003950e+03 1.467303099165612730e+04 7.755292928233123348e+03 2.516545160272327220e+00 -6.714614319193810132e-01 1.537880906006541773e+04
