5.251768720212256767e+02 3.036702189870746224e+04 2.984184502668623827e+04 2.440116723899469875e+00 7.999047974057823529e-01 3.150944253655869397e+04
5.251195413074768794e+02 3.036860482842150304e+04 2.984348528711402469e+04 2.564143402445036468e+00 -3.007297043461415242e+01 3.155688751723264795e+04
5.251300206689736569e+02 3.036646412549386878e+04 2.984133410482489489e+04 2.607612590312599288e+00 -1.662379325542950426e+01 3.149272446050779763e+04
5.251536988937226624e+02 3.037210185908323183e+04 2.984694816018950951e+04 2.475585379417478915e+00 7.999047974058169919e-01 3.166170363806165187e+04
5.251145339020241636e+02 3.036429509745812902e+04 2.983918056355610315e+04 2.454626763375162835e+00 -1.480043108482216541e+00 3.142771241842700692e+04
5.252354886884135112e+02 3.036454605482836268e+04 2.983931056613994951e+04 2.740040160945790060e+00 -1.480043108482156811e+00 3.143523435737751061e+04
5.252064729107438552e+02 3.036859046709303948e+04 2.984338399418229528e+04 2.479815016765849034e+00 -2.114115706328663524e+00 3.155645897518721176e+04
5.251164005638513572e+02 3.036405073095730040e+04 2.983893433039344745e+04 2.540684271330556854e+00 -2.652803830563049026e+00 3.142043328823913180e+04
5.251612641592430464e+02 3.036789922720039249e+04 2.984273796304114876e+04 2.542536863947051362e+00 -4.463472052542004320e+01 3.153617883554991204e+04
5.251619441215993902e+02 3.036695129944731525e+04 2.984178935532571631e+04 2.458711469196538157e+00 -3.239184191603479146e+00 3.151551556845223604e+04
6.926325732735230304e+03 1.766148740636304865e+04 1.073516167362781925e+04 2.553580464615273105e+00 1.875963280792871890e+00 1.862448064389041247e+04
4.193948659418050738e+03 7.132955627737234863e+03 2.939006968319184125e+03 2.405012192909070201e+00 2.381373901795829529e+00 7.849918882177307751e+03
1.450042249831297795e+03 3.377042848728946410e+03 1.927000598897648615e+03 2.342086908516020749e+00 1.732961495471447400e+00 4.075855442466999193e+03
4.058497047294151230e+02 2.217480698789675898e+03 1.811630994060260718e+03 1.903860933626213559e+00 1.110198188540998165e+00 2.907686350823375506e+03
3.540641953139957536e+02 2.147215986475850059e+03 1.793151791161854362e+03 1.517580986914468966e+00 1.219865622291231633e+00 2.817241357603683355e+03
3.417015122695930245e+02 2.149750670321147936e+03 1.808049158051554969e+03 1.220006747237970091e+00 8.852148726784471178e-01 2.825981749210969610e+03
3.424894916946748822e+02 2.136116671266451249e+03 1.793627179571776423e+03 1.672827082099739071e+00 1.176147477734622804e+00 2.769696855216772747e+03
3.392976482731620536e+02 2.139715805595910751e+03 1.800418157322748812e+03 1.046145728801969765e+00 9.612675996792651167e-01 2.821515537923933152e+03
3.369724004648908249e+02 2.131323886472815957e+03 1.794351486007925132e+03 1.279444439548377721e+00 1.074265463476929305e+00 2.795762419497735664e+03
3.388876070904348126e+02 2.139542209495485622e+03 1.800654602405050809e+03 1.373974381390484778e+00 8.731899162060269282e-01 2.792227693210730195e+03
3.416366095991128304e+02 2.142947237629781284e+03 1.801310628030668340e+03 1.218726957347228357e+00 1.150295461804030195e+00 2.821694985283696951e+03
3.421699661609980012e+02 2.141355834920620964e+03 1.799185868759622963e+03 1.505675610158430544e+00 9.310453678529554411e-01 2.806205530060272849e+03
3.751062863740687590e+02 2.165278232908267910e+03 1.790171946534199151e+03 1.303283337017874688e+00 1.030513967053027891e+00 2.832132566920776299e+03
4.848175219696719864e+02 2.298752158021802643e+03 1.813934636052130600e+03 1.849005879011098807e+00 9.041144386643796826e-01 2.992988699736631133e+03
1.172448124118325495e+03 3.045269927232783630e+03 1.872821803114458135e+03 2.512439257733171782e+00 1.381499414068215970e+00 3.805086258329276006e+03
2.919044548884795859e+03 5.195090264798144744e+03 2.276045715913348886e+03 2.420795097323307221e+00 2.485455201970854677e+00 6.057733718784031225e+03
4.730713436061404536e+03 7.982891207811043387e+03 3.252177771749638850e+03 2.334630938445661386e+00 3.209951308317594343e+00 8.804383162480446117e+03
6.564777566545933951e+03 1.260825810406361416e+04 6.043480537517680204e+03 2.430062588525190748e+00 -1.019013911858220878e+00 1.341835329480695509e+04
6.814980869535765123e+03 1.389549792273440471e+04 7.080517053198639587e+03 2.518939018403233643e+00 -1.636019144941254000e+00 1.465974031972420016e+04
6.932504886815442660e+03 1.493263342153458689e+04 8.000128534719144227e+03 2.471551463571868723e+00 -6.308621055354944884e-01 1.569644961379213601e+04
