5.250913924202529870e+02 3.036865938496196031e+04 2.984356799254170619e+04 2.442902952446133202e+00 -1.480043108482205438e+00 3.155852273450464054e+04
5.251525279757015596e+02 3.037282639245631071e+04 2.984767386448061006e+04 2.451743087277107769e+00 -3.239184191603493357e+00 3.168341999828815824e+04
5.251216893589396477e+02 3.036878893582828823e+04 2.984366724646934745e+04 2.437637948612406014e+00 -2.917947515612355858e+01 3.156240574857366300e+04
5.251794661269548214e+02 3.036671745815390022e+04 2.984153799202694427e+04 2.548023791901795843e+00 7.999047974058212107e-01 3.150031757285646381e+04
5.251627110629170829e+02 3.036419474457042088e+04 2.983903203350750482e+04 2.599312275050334353e+00 -1.480043108482169911e+00 3.142470455220376971e+04
5.251329472830371969e+02 3.036878128845973697e+04 2.984364834117670034e+04 2.471718746431915026e+00 -1.468521675688831296e+00 3.156217655549082701e+04
5.252197471338873811e+02 3.036803706311153655e+04 2.984281731597764883e+04 2.491404202435477000e+00 -5.048624629728636348e-01 3.153987185882348422e+04
5.252258014449436132e+02 3.036758416513313205e+04 2.984235836368818855e+04 2.565452838158110538e+00 -1.480043108482181013e+00 3.152633999817468066e+04
5.251768077708923101e+02 3.036733804733537909e+04 2.984216123956448791e+04 2.649562966868066916e+00 -2.114115706328666189e+00 3.151935557699807759e+04
5.252180864049196316e+02 3.036670525195149821e+04 2.984148716554657949e+04 2.408003725736436174e+00 -1.480043108482185232e+00 3.150803590459407860e+04
6.960277743354297854e+03 1.744340605929251979e+04 1.048312831593822193e+04 2.434862725193128075e+00 2.001360101406786551e+00 1.848632506554607971e+04
4.270930439499169552e+03 7.267920219262916362e+03 2.996989779763746810e+03 2.554020497150094826e+00 2.298533637177297528e+00 8.082470559719638914e+03
1.279863524809367163e+03 3.174843271454768001e+03 1.894979746645400837e+03 2.140709472064934005e+00 1.620261543144454919e+00 3.847955535641263396e+03
4.606270378735566169e+02 2.279546513089258497e+03 1.818919475215701823e+03 2.041421082656668329e+00 9.611948089079045410e-01 2.975546163339471605e+03
3.794210373783242289e+02 2.186000621808364031e+03 1.806579584430039858e+03 1.684890092638769543e+00 8.930320902393034110e-01 2.869723878989343575e+03
3.394544701688411692e+02 2.135231821701921490e+03 1.795777351533080264e+03 1.364709871975912980e+00 1.162415680533753326e+00 2.787657204806076606e+03
3.360585966519449244e+02 2.130741145742488698e+03 1.794682549090543716e+03 1.191577731999152512e+00 9.356544956583117134e-01 2.777990915875575411e+03
3.387391423992809791e+02 2.141549195782174593e+03 1.802810053382893557e+03 1.148792882564260154e+00 9.717999439517921445e-01 2.846201520906602127e+03
3.399671005860744231e+02 2.122247658561131630e+03 1.782280557975057263e+03 1.423545609013308733e+00 1.525357696253013318e+00 2.762129884871200829e+03
3.407200549642573719e+02 2.145129130412460199e+03 1.804409075448202884e+03 1.093390399319879691e+00 1.183711974909300801e+00 2.864190400394086737e+03
3.449812367400535322e+02 2.148514085895589687e+03 1.803532849155536042e+03 1.788854874131533101e+00 1.091663347610394519e+00 2.846682639592570467e+03
3.363780782873787416e+02 2.137562959920461708e+03 1.801184881633083023e+03 1.108159065555113232e+00 9.070643701173467521e-01 2.805511279326722615e+03
3.404983185243428352e+02 2.132159454196540992e+03 1.791661135672198270e+03 1.477085606842200916e+00 1.185275900335145183e+00 2.776776374768433925e+03
5.774817518813930519e+02 2.392434067268197850e+03 1.814952315386804912e+03 2.068199513992718508e+00 9.755620098569389720e-01 3.077550727971950437e+03
1.106926251108154474e+03 2.975357524485205431e+03 1.868431273377050957e+03 2.108591008719333804e+00 1.362402490383814113e+00 3.720676626334297453e+03
2.970462883055380189e+03 5.266183234599445314e+03 2.295720351544065124e+03 2.286771508189926028e+00 2.610922782180630008e+00 6.188137683525418652e+03
5.029328377205381003e+03 8.558848431308084400e+03 3.529520054102703398e+03 2.400050495679971085e+00 3.186968698106444453e+00 9.454827331115589914e+03
6.429964632421275383e+03 1.211250294236324771e+04 5.682538309941972329e+03 2.419981491850726751e+00 -4.593486866834400328e-01 1.297860114081420761e+04
6.731156716932925519e+03 1.343466935592522532e+04 6.703512638992299799e+03 2.595237864555603124e+00 -1.096801154411424006e+00 1.418330599871282357e+04
6.937334316202216542e+03 1.495097969285794352e+04 8.013645376655726977e+03 2.593260497019800770e+00 -1.092108017218291316e+00 1.569186759580736179e+04
