5.251612429902947952e+02 3.036708760727502522e+04 2.984192636428472906e+04 2.556970083270084348e+00 -1.480043108482181013e+00 3.151141201232852836e+04
5.251992989000250418e+02 3.036347697415400035e+04 2.983827767525397576e+04 2.623458354822151062e+00 -2.114115706328661304e+00 3.140319089730748601e+04
5.251948619060973442e+02 3.036705116368035306e+04 2.984185630177425628e+04 2.453898870590420334e+00 -3.239184191603433405e+00 3.151031969241658589e+04
5.252017313658103603e+02 3.036947357940687289e+04 2.984427184804106219e+04 2.454831128165077647e+00 -1.480043108482196557e+00 3.158292649631531458e+04
5.252154197677599541e+02 3.036919498941139682e+04 2.984397956964363766e+04 2.502650572519072636e+00 -2.114115706328659527e+00 3.157457634862971099e+04
5.251474408826949229e+02 3.036693812816494756e+04 2.984179068728225320e+04 2.431931874676762639e+00 -3.239184191603459606e+00 3.150693171210819128e+04
5.252057691109462212e+02 3.037112865096209498e+04 2.984592288185114739e+04 2.551953982525974940e+00 -1.480043108482156811e+00 3.163253566087413492e+04
5.252232146771744965e+02 3.036668271056951198e+04 2.984145949589233715e+04 2.509612995108470468e+00 -1.480043108482163250e+00 3.149932125302562781e+04
5.251896499984264892e+02 3.037142985989859881e+04 2.984624020990017380e+04 2.618357283002043179e+00 -2.652803830563046361e+00 3.164200065386026836e+04
5.251179714942489909e+02 3.036670327220342006e+04 2.984158530070917186e+04 2.423527172257739171e+00 -4.452143719112515896e+01 3.150815162132574551e+04
6.930924764641670663e+03 1.772433884440742258e+04 1.079341407976575283e+04 2.556657303775882184e+00 2.178028608133995458e+00 1.861619836115515136e+04
4.246995736988980752e+03 7.226559660779366823e+03 2.979563923790386070e+03 2.334042517988967891e+00 2.376513833819691168e+00 7.984981266817988399e+03
1.271222332003368592e+03 3.174143570192147308e+03 1.902921238188778716e+03 2.590906859318692579e+00 1.310969570971762588e+00 3.901320139998387276e+03
4.420316503486268402e+02 2.241948020960891881e+03 1.799916370612264927e+03 1.939153479977340888e+00 1.332828170276266322e+00 2.893162982318937793e+03
3.791838709768655917e+02 2.171149414411293947e+03 1.791965543434428355e+03 1.857435072572647838e+00 1.164890831932926085e+00 2.780672628369171434e+03
3.410734772979932359e+02 2.154045933386711567e+03 1.812972456088718445e+03 1.608592274580075587e+00 8.420639785866277371e-01 2.869925516594703822e+03
3.368690253023959826e+02 2.134937633363377699e+03 1.798068608060981660e+03 1.519029866467409340e+00 1.238084353192074660e+00 2.835242179100581325e+03
3.384927796159763602e+02 2.134436146525490130e+03 1.795943366909513770e+03 1.156492258623950553e+00 1.024713600296443206e+00 2.781258709497109976e+03
3.390394315147981956e+02 2.136609710206168984e+03 1.797570278691370731e+03 1.318504868386600526e+00 1.114128087734614025e+00 2.818622322028690178e+03
3.415050940232063112e+02 2.142353403772174715e+03 1.800848309748968404e+03 1.772814644155282338e+00 1.082098571279373589e+00 2.833993186134452117e+03
3.418133475352016148e+02 2.142801623177759211e+03 1.800988275642557710e+03 1.223798567615150601e+00 1.089966661839983253e+00 2.830427310906763978e+03
3.421756316889889149e+02 2.152857658345237269e+03 1.810682026656248354e+03 1.331891539143231773e+00 9.965661359349148318e-01 2.891775843146871921e+03
3.502170221373078220e+02 2.137813400160286619e+03 1.787596378022978797e+03 1.217806937365284004e+00 1.487152345604864978e+00 2.807697216884834688e+03
4.695978140473193889e+02 2.281589178416651976e+03 1.811991364369332587e+03 2.179065002215013092e+00 9.964677894217288667e-01 2.979234663188151899e+03
1.082284524216424415e+03 2.946623836313750417e+03 1.864339312097326001e+03 2.164323447135969580e+00 1.614918656832331934e+00 3.724711063543290948e+03
2.898744574018961430e+03 5.156399373627081332e+03 2.257654799608119902e+03 2.270547799451653859e+00 2.688493772321024711e+00 5.982981101750228845e+03
5.028957962109479013e+03 8.550018031058851193e+03 3.521060068949372180e+03 2.417995155152539599e+00 3.127880405002464670e+00 9.406307868523499565e+03
6.415942549385102211e+03 1.204698478393543883e+04 5.631042234550336616e+03 2.506445634876690587e+00 -1.404320596124394749e+00 1.285839807971731170e+04
6.898248999750084295e+03 1.459384319149291514e+04 7.695594191742830844e+03 2.659172467161542652e+00 -6.884055608225453371e-01 1.539068564383053490e+04
6.951321303604960121e+03 1.513792122966223724e+04 8.186599926057277116e+03 2.447993784112135973e+00 -9.959097366085408742e-01 1.593752648206307276e+04
