5.252255907016913170e+02 3.036546073879958567e+04 2.984023514809789413e+04 2.424184787219799464e+00 -4.971815077773764635e-01 3.146265005992132501e+04
5.252018478957953675e+02 3.036783207448629037e+04 2.984263022659049602e+04 2.503901311539182384e+00 -2.917947515612356213e+01 3.153372584732511677e+04
5.252238775244470617e+02 3.036361998895116994e+04 2.983839611142672220e+04 2.510830129364467478e+00 -1.480043108482183234e+00 3.140747746431264386e+04
5.251965704034726059e+02 3.036414251376131506e+04 2.983894594335784132e+04 2.454150973916394918e+00 -1.480043108482174796e+00 3.142313904378699590e+04
5.251478741721050483e+02 3.036982408744234635e+04 2.984467621327024244e+04 2.711981859955535423e+00 7.999047974057997834e-01 3.159343223569641486e+04
5.251551121838218705e+02 3.036314950561891601e+04 2.983799439343509584e+04 2.415255815793406313e+00 -1.480043108482152592e+00 3.139337573941067240e+04
5.251829649436755290e+02 3.036433222001299509e+04 2.983914925506931831e+04 2.411077253494220418e+00 -4.427776508184680182e+01 3.142882698318196344e+04
5.251814417136073416e+02 3.036280505434482984e+04 2.983762361263122148e+04 2.542170125551039828e+00 -1.480043108482198777e+00 3.138309641218318211e+04
5.251838334712393817e+02 3.036974547026031723e+04 2.984456163678907615e+04 2.698037186617459060e+00 -2.273940524540346342e+00 3.159151707546550824e+04
5.251880892173529674e+02 3.036571407544410977e+04 2.984052598622675578e+04 2.518429784441136743e+00 -4.442010179549510696e+01 3.147841917492504945e+04
6.964899033974819758e+03 1.730782161075905969e+04 1.034292257678423994e+04 2.560802564322990360e+00 2.266017629563038316e+00 1.817636385833040185e+04
4.274058008022898321e+03 7.272129617748346391e+03 2.998071609725448070e+03 2.314369007892864261e+00 2.518005248162815679e+00 8.050481805918641840e+03
1.310211600502614829e+03 3.213347076130634377e+03 1.903135475628019549e+03 2.298331907524263418e+00 1.518701172043894987e+00 3.952793961879390736e+03
4.902113083699468348e+02 2.304288206714902117e+03 1.814076898344955225e+03 2.109550592972468941e+00 9.286107296824974711e-01 2.986870240152713905e+03
4.191331295691301193e+02 2.220484063437220811e+03 1.801350933868090578e+03 1.843754008346514039e+00 1.491805235051170575e+00 2.925737265505524192e+03
3.395844119158170997e+02 2.135174843089040678e+03 1.795590431173223578e+03 1.488631810402429423e+00 1.161683564834152138e+00 2.819647599085662478e+03
3.432138647152125941e+02 2.147030134989566250e+03 1.803816270274353656e+03 1.449531824311929062e+00 1.237712195032383278e+00 2.861744248248730855e+03
3.394497697171360642e+02 2.134341152810908625e+03 1.794891383093772674e+03 1.196315657859158499e+00 1.155628654482258710e+00 2.803335873203079245e+03
3.371101102235620033e+02 2.128118723052328733e+03 1.791008612828766672e+03 1.199356977041534877e+00 1.148706768423469526e+00 2.770219682014391765e+03
3.413098094363533050e+02 2.142424748451318010e+03 1.801114939014964648e+03 1.387912990620912446e+00 9.098190810435036191e-01 2.815871311330570734e+03
3.425351646841397155e+02 2.143004054056694258e+03 1.800468889372554486e+03 1.213986111519304023e+00 8.539645344910447022e-01 2.785494150990704384e+03
3.393599906231340810e+02 2.139188922171881131e+03 1.799828931548747050e+03 1.347094275862775303e+00 1.143783213003280563e+00 2.832177970037244449e+03
3.512963951232441104e+02 2.152531618350462395e+03 1.801235223227218285e+03 1.167857101931122132e+00 1.067288592447663165e+00 2.841322702494865098e+03
6.143447413175290421e+02 2.436004019934803637e+03 1.821659278617274595e+03 1.948841168542313929e+00 1.178176776345670307e+00 3.171013751716507613e+03
1.366663009556919633e+03 3.268204051556922877e+03 1.901541042000003245e+03 2.233375765314089545e+00 1.475146745442650342e+00 4.032012835824906688e+03
2.951020597527526661e+03 5.233243872158425802e+03 2.282223274630899141e+03 2.362264965321332344e+00 2.503031676156390883e+00 6.066567346337804338e+03
5.099433930155293638e+03 8.679843315824298770e+03 3.580409385669005133e+03 2.414466579493016685e+00 3.022457458032814515e+00 9.466231932662896725e+03
6.598457243013329389e+03 1.274828691953901216e+04 6.149829676525682771e+03 2.421024583437594746e+00 -2.013906942421374691e+00 1.354924356415261354e+04
6.865860473794264180e+03 1.424855682009052907e+04 7.382696346296264892e+03 2.466144046534106238e+00 -1.151650056022188950e+00 1.500485930576107239e+04
6.938776327559454330e+03 1.508207405466082128e+04 8.143297727101366945e+03 2.449214987301466362e+00 -7.953224776287918241e-01 1.589534004099347840e+04
