5.251043032584458388e+02 3.036958384510990436e+04 2.984447954185145863e+04 2.556915797447016470e+00 -1.468521675688830186e+00 3.158623147827717548e+04
5.252194348245161564e+02 3.036225821712302786e+04 2.983703878229851034e+04 2.506557401062164292e+00 -1.480043108482177017e+00 3.136666122497194374e+04
5.250844656469165557e+02 3.036179732114158105e+04 2.983671285549466484e+04 2.841961772568390554e+00 -4.452143719112513764e+01 3.135284683969679827e+04
5.251325795893529857e+02 3.036494700868048676e+04 2.983981442909113321e+04 2.582604729785224595e+00 -3.239184191603481366e+00 3.144725208276768171e+04
5.251845762813134115e+02 3.036329443147216080e+04 2.983810985519084716e+04 2.533649868888595780e+00 1.445498828045620021e+00 3.139771956533385310e+04
5.251827127755134370e+02 3.036580689970315143e+04 2.984062418692763822e+04 2.589981724325975065e+00 -2.114115706328659083e+00 3.147302552388683034e+04
5.251956928878590816e+02 3.036618026173919498e+04 2.984098456885133419e+04 2.834138340374426246e+00 -1.480043108482181013e+00 3.148421814633717440e+04
5.251136713256415760e+02 3.036335711370634817e+04 2.983824344238070626e+04 2.516579531821649507e+00 1.015102807619081338e+00 3.139964362226305093e+04
5.251841715527035603e+02 3.036466880604081234e+04 2.983948463448810799e+04 2.585891904457527257e+00 -1.480043108482179237e+00 3.143935486526782188e+04
5.250899613165094024e+02 3.036592748212018341e+04 2.984083752080367412e+04 2.515446616466098462e+00 -2.114115706328663524e+00 3.148439575403010167e+04
6.949972579160930763e+03 1.750036148170716115e+04 1.055038890254623038e+04 2.468308839527566523e+00 2.326468264530166863e+00 1.839636379920546096e+04
4.425543069099177046e+03 7.519892125164795289e+03 3.094349056065618242e+03 2.345657727300586970e+00 2.473457547637813114e+00 8.314965835860117295e+03
1.341637287093522900e+03 3.255391747974715599e+03 1.913754460881192699e+03 2.279202121314094498e+00 1.327516716314827150e+00 3.977619693011341042e+03
4.333094729384953325e+02 2.238274194556445309e+03 1.804964721617950090e+03 1.867571964226544923e+00 1.312405104246494147e+00 2.923792155301823186e+03
3.676876991783803987e+02 2.170472150445086299e+03 1.802784451266705901e+03 1.551430006262952022e+00 1.237169848126080440e+00 2.858900813539690262e+03
3.408007096111600731e+02 2.145376000915074201e+03 1.804575291303914128e+03 1.454894991273644633e+00 9.378824700133664427e-01 2.842650403970504158e+03
3.431043954836890748e+02 2.146700655908786757e+03 1.803596260425097626e+03 1.133308605613669640e+00 1.032531337821350315e+00 2.823278857364804480e+03
3.356537619462436055e+02 2.122385354614454627e+03 1.786731592668211078e+03 1.263415497159796841e+00 1.345680946058277483e+00 2.767359720341582943e+03
3.400158714585276698e+02 2.137658017888262293e+03 1.797642146429734566e+03 1.019415724828239833e+00 1.396812271230178704e+00 2.830873665005434759e+03
3.435161713669093615e+02 2.149847496105761820e+03 1.806331324738852345e+03 1.391964745841474560e+00 1.306232850727248929e+00 2.872234291267676781e+03
3.390830588069654254e+02 2.138979213959440585e+03 1.799896155152475103e+03 1.447549680702800323e+00 1.106881040316046283e+00 2.817035960933315891e+03
3.423853909149993910e+02 2.140689534785629803e+03 1.798304143870630469e+03 9.013778047139814342e-01 1.185107715081029189e+00 2.839425347227536349e+03
3.661731626350201054e+02 2.172708034350264370e+03 1.806534871715244208e+03 1.236152830712443418e+00 1.109270254603295980e+00 2.888983734098222158e+03
5.618818144146397344e+02 2.368913631133684248e+03 1.807031816719044400e+03 2.203320422366656484e+00 1.235385370207238154e+00 3.077034980130006261e+03
1.107032367188063517e+03 2.968088576702803948e+03 1.861056209514740431e+03 2.246977202229722970e+00 1.374828199146795216e+00 3.713384046923321876e+03
2.589020888332151571e+03 4.745025803520158661e+03 2.156004915188007089e+03 2.515306413197451185e+00 2.676238734246560558e+00 5.552178699727061939e+03
5.129484074971724112e+03 8.744812351868824408e+03 3.615328276897100295e+03 2.387786304174319252e+00 3.010539865581623786e+00 9.601490148294071332e+03
6.393045049185971038e+03 1.201150976469349553e+04 5.618464715507524488e+03 2.498738638154426095e+00 -1.031921659310995443e+00 1.280773262379826338e+04
6.765108747919277448e+03 1.366161022147546100e+04 6.896501473556183555e+03 2.495646543834729059e+00 -1.427359584886336519e+00 1.445231211457779864e+04
6.949795011955754489e+03 1.513658780060517347e+04 8.186792788649418981e+03 2.647133215154763963e+00 -8.377671649238339624e-01 1.587492695006621943e+04
