5.251302264059448817e+02 3.036775254329287418e+04 2.984262231688692918e+04 2.553108587753193159e+00 1.445498828045648665e+00 3.153134206748923316e+04
5.251297811597750069e+02 3.036634314909355453e+04 2.984121336793377850e+04 2.556635841822494815e+00 1.445498828045592710e+00 3.148909844797923142e+04
5.251523064353551717e+02 3.036245590499719401e+04 2.983730359856183713e+04 2.571323083389740916e+00 -4.463472052542004320e+01 3.137258650218903858e+04
5.251792362507286498e+02 3.036817768907346181e+04 2.984299845282273236e+04 2.406102856110847288e+00 -1.480043108482142822e+00 3.154408491586842501e+04
5.250895684313888978e+02 3.036600666751087920e+04 2.984091709907949189e+04 2.416745317553658623e+00 -3.239184191603468932e+00 3.147901312202521876e+04
5.252047477306228984e+02 3.036684260711309253e+04 2.984163785938247020e+04 2.391148369605470059e+00 -1.480043108482195668e+00 3.150406867004403466e+04
5.251662556892849807e+02 3.037147446003555888e+04 2.984630820434627458e+04 2.606951785576876901e+00 -2.114115706328653310e+00 3.164290058326711005e+04
5.250776325622686045e+02 3.036205529043028582e+04 2.983697765786801756e+04 2.433743674966311943e+00 7.999047974058345334e-01 3.136062388726914287e+04
5.251293302875507152e+02 3.036641163932439667e+04 2.984128230903684744e+04 2.615034490074163109e+00 -4.432359958976345382e+01 3.149159133299164387e+04
5.252001600324133506e+02 3.036301373392713867e+04 2.983781357389472396e+04 2.442217179596818610e+00 -1.480043108482202996e+00 3.139725540170442400e+04
6.922466394039174702e+03 1.785741108747652470e+04 1.093494469343735000e+04 2.505091059897277095e+00 1.962312631424835141e+00 1.873678786054241937e+04
4.348543498157796421e+03 7.379592095416663142e+03 3.031048597258866721e+03 2.414376026740372883e+00 2.550261009233656395e+00 8.117067052849124593e+03
1.441794399937259186e+03 3.368898785466838945e+03 1.927104385529579758e+03 2.405123152536371212e+00 1.733848504893310993e+00 4.116682981329960057e+03
4.710241065156549780e+02 2.284826051006746638e+03 1.813801944491091717e+03 2.023524755424096266e+00 1.028268243620687805e+00 2.959335445755415094e+03
3.654407955259635514e+02 2.168093164593775782e+03 1.802652369067812288e+03 1.708118199468938947e+00 1.076084001794376244e+00 2.846819072679040801e+03
3.364507124999098551e+02 2.137543989937374135e+03 1.801093277437464167e+03 1.132719963159714238e+00 1.199871694297947267e+00 2.805254092937706901e+03
3.374730441756093455e+02 2.125128827111742339e+03 1.787655782936132937e+03 1.199314470113960640e+00 1.049731815226132570e+00 2.761577394424651175e+03
3.373268625759311021e+02 2.128053312603843096e+03 1.790726450027912051e+03 1.515551261198892830e+00 1.118356139735147137e+00 2.766175639777996366e+03
3.371726100509289381e+02 2.128480097768134783e+03 1.791307487717205731e+03 1.147132441251716761e+00 1.380900580007434542e+00 2.838690797881194612e+03
3.405215691922350061e+02 2.146512070524456703e+03 1.805990501332221811e+03 9.478311221661280817e-01 9.011267740844651764e-01 2.861508715046947145e+03
3.406665721319727140e+02 2.143307812451461359e+03 1.802641240319488588e+03 1.076770642937107336e+00 1.005729777041527440e+00 2.832709010723931897e+03
3.388492313922443486e+02 2.135076859054872784e+03 1.796227627662628493e+03 1.279040551936204473e+00 1.406491249935495347e+00 2.848921305672017297e+03
3.789850088331362485e+02 2.187071518536819440e+03 1.808086509703683078e+03 1.105510252122036574e+00 1.139445798350976924e+00 2.906348492918805277e+03
4.315571425258283966e+02 2.239883994054517643e+03 1.808326851528689303e+03 1.983126187031065468e+00 1.009538093659862135e+00 2.934957221085359379e+03
1.107812718532684357e+03 2.971168835696208589e+03 1.863356117163524232e+03 2.402748633789597132e+00 1.420856818543558164e+00 3.724573955695166205e+03
2.708842619183194529e+03 4.915415637862927724e+03 2.206573018679733195e+03 2.253863485779261655e+00 2.542475588928992281e+00 5.762193068455736466e+03
4.989744004457301344e+03 8.476465903541295120e+03 3.486721899083993776e+03 2.482330721296569731e+00 3.183789828345821693e+00 9.263656696351003120e+03
6.613227104445409168e+03 1.285659599308623729e+04 6.243368888640828118e+03 2.507038393499668061e+00 -2.199001754457900137e+00 1.364841947031256132e+04
6.825521855687946299e+03 1.395484319005709767e+04 7.129321334369151373e+03 2.450184262839301130e+00 -4.289845280368740355e+00 1.471141816351690613e+04
6.892942592162918118e+03 1.455535005284357794e+04 7.662407460680659824e+03 2.390703797420034249e+00 -1.614564318630410833e+00 1.528936601964345027e+04
