5.251648913548218616e+02 3.036702796517509705e+04 2.984186307382027371e+04 2.640221871800662701e+00 -1.416886336567825388e+01 3.150962436613505270e+04
5.251274187738981709e+02 3.036142003414053033e+04 2.983629261536663398e+04 2.486775047737861843e+00 -1.480043108482164582e+00 3.134153845732471382e+04
5.251929395823838149e+02 3.036880520034772417e+04 2.984361226076534149e+04 2.451733412117301558e+00 -4.594922802969017539e+01 3.156289324325184862e+04
5.251413500544504132e+02 3.036333512672147117e+04 2.983819377666701985e+04 2.518440469090668987e+00 -1.480043108482167469e+00 3.139893931959212932e+04
5.252026395724819849e+02 3.036324998630228583e+04 2.983804734672980339e+04 2.588809831279112128e+00 -1.480043108482204772e+00 3.139638741507760278e+04
5.251834973348967424e+02 3.036542237271506747e+04 2.984023887538017152e+04 2.605548955896308971e+00 -4.424326355659552945e+01 3.146150013796792337e+04
5.251685359745447386e+02 3.036272452875214731e+04 2.983755599277760120e+04 2.440536439229404220e+00 -3.239184191603474705e+00 3.138063983384003586e+04
5.251794002395057532e+02 3.036587906853371533e+04 2.984069966829420810e+04 2.510846818953212267e+00 -4.612857518080139840e+01 3.147523357230914553e+04
5.252182117031228472e+02 3.036758680763725715e+04 2.984236859593413465e+04 2.569216568294981240e+00 7.999047974058312027e-01 3.152681897957489127e+04
5.251858215638786760e+02 3.037097987355780060e+04 2.984579405199392204e+04 2.466723005915263833e+00 -1.468521675688848838e+00 3.163600992079554635e+04
6.945721622748045775e+03 1.765559540793116685e+04 1.070987378518312107e+04 2.325777619415736019e+00 1.437934799482403436e+00 1.859404224495599192e+04
4.308463269354676413e+03 7.322731262802863057e+03 3.014267993448186644e+03 2.435908651445994888e+00 2.588548982121249953e+00 8.121747118200672958e+03
1.461722251873806044e+03 3.384900393091013939e+03 1.923178141217207894e+03 2.400938077079991739e+00 1.542744685509821023e+00 4.077326154971824053e+03
4.463593507602260502e+02 2.255448044528288392e+03 1.809088693768062285e+03 1.956109352119191014e+00 1.038974553449551363e+00 2.945952243707922207e+03
3.411791685530954510e+02 2.140541832950686512e+03 1.799362664397591061e+03 1.152352883466444267e+00 7.911386446930505079e-01 2.804001145518295289e+03
3.372358721463407392e+02 2.129271184278711189e+03 1.792035312132370564e+03 1.288473971473437230e+00 1.050093225977271727e+00 2.759104270500521125e+03
3.412998177659453631e+02 2.138555388317250163e+03 1.797255570551304800e+03 1.579744968646483727e+00 9.586453451626911759e-01 2.791347512948262192e+03
3.409359811242241562e+02 2.140506141428028968e+03 1.799570160303804869e+03 1.098163390153504837e+00 1.152467108443695043e+00 2.842815687526408055e+03
3.394898248535577636e+02 2.132596938088192928e+03 1.793107113234635108e+03 1.659387659898681422e+00 1.166634116756477546e+00 2.813942668027042146e+03
3.394631121140705545e+02 2.135593619911036512e+03 1.796130507796965958e+03 1.650584720852646958e+00 1.190244579672976810e+00 2.818585629091034207e+03
3.413839195401987467e+02 2.138605022735155671e+03 1.797221103194956868e+03 1.359634756454713544e+00 1.134811745820219153e+00 2.833211864888846776e+03
3.416158993139714539e+02 2.143039632309333683e+03 1.801423732995362116e+03 1.316997596303000284e+00 1.016966021113033580e+00 2.822207161979678403e+03
3.399679909462334990e+02 2.135612779438157304e+03 1.795644788491923919e+03 1.092366852670625610e+00 9.273332381995875728e-01 2.806920986097691639e+03
4.975091313052425335e+02 2.310799101313474239e+03 1.813289970008231649e+03 1.933262035684386815e+00 1.148044692195872019e+00 3.059678741454768897e+03
1.082560800291244277e+03 2.947622162113064405e+03 1.865061361821820128e+03 2.428868712388664530e+00 1.607085240450888852e+00 3.727170357588389379e+03
2.688881478821643213e+03 4.877229195108277054e+03 2.188347716286633840e+03 2.306440392222943725e+00 2.574867220055450989e+00 5.708871802792214112e+03
4.994798769930935123e+03 8.480559867769632547e+03 3.485761097838697424e+03 2.420783899963117491e+00 3.199197614296109382e+00 9.351487592653580577e+03
6.462379682980639700e+03 1.223715364344113550e+04 5.774773960460495800e+03 2.484026161571975866e+00 -9.560274576011419390e-01 1.307958203374613004e+04
6.807872443850307718e+03 1.387082205342890120e+04 7.062949609578593481e+03 2.420715993868847171e+00 -1.695073823990276063e+00 1.461644079974359192e+04
6.946856238192811361e+03 1.521295615093900960e+04 8.266099912746198243e+03 2.404749679194444933e+00 -8.492483387594121913e-01 1.592530275936078033e+04
