5.251618601571019553e+02 3.036664245146715621e+04 2.984148059131005357e+04 2.649769634525442452e+00 -2.998130141878087329e+01 3.149806940556678092e+04
5.252286843989114686e+02 3.036514150516848895e+04 2.983991282076957577e+04 2.601028842591317947e+00 -9.275775282039223635e-01 3.145308170491196142e+04
5.251218691646839716e+02 3.036938539579031203e+04 2.984426352662562931e+04 2.495383865148038893e+00 -2.058742514327041473e+00 3.158028337833677870e+04
5.251419306871567869e+02 3.036998171567461395e+04 2.984483978498745637e+04 2.564560709697190077e+00 -2.648963352965211016e+00 3.159815680956953292e+04
5.251894391043487076e+02 3.036850381966077839e+04 2.984331438055642866e+04 2.527426173650920926e+00 -1.468521675688840178e+00 3.155385999263916165e+04
5.252048666470495846e+02 3.036660807048812785e+04 2.984140320384107690e+04 2.598838507069319625e+00 -2.652803830563031262e+00 3.149703892920377984e+04
5.251886360772002718e+02 3.036405822044943488e+04 2.983886958437223439e+04 2.553959379639799465e+00 -2.066423469522683742e+00 3.142061445249516692e+04
5.251403297132301304e+02 3.036552804529674177e+04 2.984038771558351073e+04 2.542926667707986699e+00 -1.480043108482187231e+00 3.146471229840651722e+04
5.252054311276323233e+02 3.037316677363030249e+04 2.984796134250266914e+04 2.678187757027565397e+00 -2.114115706328651090e+00 3.169405873776158114e+04
5.252485985846825542e+02 3.036230769942412735e+04 2.983705910083944400e+04 2.607720638580277583e+00 -1.480043108482175240e+00 3.137635718879217529e+04
6.929973839528709505e+03 1.760368873188229554e+04 1.067371489235358604e+04 2.440167794271721480e+00 1.953677683231381579e+00 1.851882413418979922e+04
4.307251560439153764e+03 7.337568171649639226e+03 3.030316611210485462e+03 2.605251257980171875e+00 2.584164141053699737e+00 8.159854146778674476e+03
1.280267281281362557e+03 3.185925443672923393e+03 1.905658162391560836e+03 2.208916277274625362e+00 1.263536453458971698e+00 3.884931536592840985e+03
5.118187986566931613e+02 2.329261804948178451e+03 1.817443006291485290e+03 2.093161377298823567e+00 9.419978688342288686e-01 3.023242408749658807e+03
3.781190507515964896e+02 2.181562050289922809e+03 1.803442999538326376e+03 1.878776551128706673e+00 1.212290647319820280e+00 2.874164534732174616e+03
3.399442299453588703e+02 2.140699608140440432e+03 1.800755378195081448e+03 1.771224955277779900e+00 9.665825163811302412e-01 2.805694941531091445e+03
3.359485005596207543e+02 2.121088685369538325e+03 1.785140184809917628e+03 1.040042930889222061e+00 1.570486824147499627e+00 2.769859477019904261e+03
3.398372479799882058e+02 2.135946914847293101e+03 1.796109666867304895e+03 1.124950174444251827e+00 1.151520771708210988e+00 2.802713039926461988e+03
3.416871234650138263e+02 2.139967868161626029e+03 1.798280744696612146e+03 1.440435755458357781e+00 9.272367213006544873e-01 2.786491918842484210e+03
3.396663353364879754e+02 2.142736012069771732e+03 1.803069676733283814e+03 1.239494429006996912e+00 9.311980407390682002e-01 2.806327273442089336e+03
3.405863442266345942e+02 2.144891767394412909e+03 1.804305423167778372e+03 1.243295738931485372e+00 8.750451719703052911e-01 2.835596511871629446e+03
3.373239901097471716e+02 2.134407264452462186e+03 1.797083274342714958e+03 1.338605718884026130e+00 1.015079800477096228e+00 2.781696373989323092e+03
3.517502422446951869e+02 2.152324738714850810e+03 1.800574496470155736e+03 1.888174244776963606e+00 1.109239636371207816e+00 2.840328365393607328e+03
4.861847997864116451e+02 2.306128697146732520e+03 1.819943897360320989e+03 2.122611617757206304e+00 1.177553306172417269e+00 3.055120609555252031e+03
1.147497697663023473e+03 3.017205797236254966e+03 1.869708099573231493e+03 2.264581846260746989e+00 1.603709665395374628e+00 3.814992804152348072e+03
3.102823276883379549e+03 5.438763933614781308e+03 2.335940656731401759e+03 2.478981779576244548e+00 2.582280560132909741e+00 6.284738008144371634e+03
5.074453098426928591e+03 8.631653510882500996e+03 3.557200412455572405e+03 2.574863488999305172e+00 2.682187987886765157e+00 9.516405878541105267e+03
6.415797415791919775e+03 1.206577232114349317e+04 5.649974905351573398e+03 2.521574081998799954e+00 -1.238178631592971479e+00 1.288790932051612799e+04
6.856202606470087630e+03 1.426327240921378325e+04 7.407069802743695618e+03 2.538092057238968025e+00 -6.186989179768197511e-01 1.498441913019066487e+04
6.906407387097339779e+03 1.474847308856407653e+04 7.842065701466736755e+03 2.843395146900742798e+00 -1.333257258488610431e+00 1.537706491320650275e+04
