5.251284137310633469e+02 3.036580478901085371e+04 2.984067637527978877e+04 2.563915496116015991e+00 -1.480043108482186343e+00 3.147296223959659619e+04
5.250835766873669854e+02 3.036147877896571663e+04 2.983639520227834873e+04 2.469929137413277687e+00 -1.480043108482210767e+00 3.134329920959863011e+04
5.251951434777845407e+02 3.036309999084524679e+04 2.983790484736746293e+04 2.633933295696440080e+00 -1.480043108482156811e+00 3.139189161747146863e+04
5.250793654127511445e+02 3.036967432044411908e+04 2.984459495503136714e+04 2.465068660339644335e+00 -1.480043108482181013e+00 3.158894328565810792e+04
5.252373922166515285e+02 3.036816898975451477e+04 2.984293159753786313e+04 2.483101754430710795e+00 -1.480043108482211212e+00 3.154382417216622707e+04
5.251836893092586251e+02 3.036787691862542852e+04 2.984269322931616989e+04 2.480048712726158122e+00 -1.468521675688840178e+00 3.153506997651194615e+04
5.251571943949797969e+02 3.036791388272821860e+04 2.984275668833324016e+04 2.474649954308411726e+00 -3.239184191603431628e+00 3.153617977793703903e+04
5.251409502446398392e+02 3.037015357554779621e+04 2.984501262530315580e+04 2.519134131464136228e+00 -1.480043108482181013e+00 3.160335328363010922e+04
5.252414890816760362e+02 3.036522270179586849e+04 2.983998121271419222e+04 2.641942182485317758e+00 -2.114115706328651090e+00 3.145595615614209964e+04
5.250933595792600954e+02 3.036909249062061281e+04 2.984399913104135339e+04 2.732759753928317270e+00 -1.416886336567823612e+01 3.157967089859429689e+04
6.891910357444055990e+03 1.808889952936623740e+04 1.119698917192218141e+04 2.556336543294677188e+00 1.662534165843086553e+00 1.900162292704418724e+04
4.047207234960273126e+03 6.894192578351242446e+03 2.846985343390969319e+03 2.506987093159537938e+00 2.440710758530151736e+00 7.596244707539447518e+03
1.329671239068645036e+03 3.241130929674788604e+03 1.911459690606143567e+03 2.166746587723805018e+00 1.156977980348300461e+00 3.904826508865940468e+03
4.953372765034829968e+02 2.301855493810766802e+03 1.806518217307283749e+03 2.086711690597706781e+00 1.006412818461801306e+00 2.959583505498949762e+03
3.498681185509785223e+02 2.141508036650674512e+03 1.791639918099695933e+03 1.758737225888456157e+00 1.405129790141310453e+00 2.793326201844675325e+03
3.354084191985751318e+02 2.128490343377705358e+03 1.793081924179130283e+03 1.266416262701596684e+00 1.077921604061789385e+00 2.769059369340527610e+03
3.407700441789022534e+02 2.146364018313232464e+03 1.805593974134330210e+03 1.509886641163890486e+00 9.361610178939878679e-01 2.844418858868210464e+03
3.388837970563623117e+02 2.130034934547360990e+03 1.791151137490998735e+03 1.467899191682279003e+00 1.367762542141194304e+00 2.790049841847017433e+03
3.378274349942237791e+02 2.127644156972316978e+03 1.789816721978093256e+03 1.534888600234439515e+00 1.204792227864155407e+00 2.776628971572569753e+03
3.368124408643663514e+02 2.132294622849343341e+03 1.795482181984976933e+03 1.263667565630408829e+00 1.110879996894331700e+00 2.799282005130067319e+03
3.434359145386089835e+02 2.151816754693533767e+03 1.808380840154924726e+03 1.262507289623641338e+00 8.695403303727017308e-01 2.873232100960633034e+03
3.405667816555811669e+02 2.130114611537660494e+03 1.789547829882079441e+03 9.995130667646444644e-01 1.259590805392337254e+00 2.787021751030231371e+03
3.664875310894278186e+02 2.171556869611912589e+03 1.805069338522484713e+03 1.379004317250677625e+00 6.274332065038004114e-01 2.838215021953385531e+03
6.193706948494675544e+02 2.434398561107191654e+03 1.815027866257724099e+03 1.733047637269780061e+00 1.245312166455769365e+00 3.137442092283563852e+03
1.392432824156104289e+03 3.306103849655835802e+03 1.913671025499731513e+03 1.994730016930279959e+00 1.746823328787675544e+00 4.150055278931770772e+03
3.113769827326308587e+03 5.465746206226887807e+03 2.351976378900579220e+03 2.382490219007145082e+00 2.469509596117187566e+00 6.345183380750599099e+03
5.142249656361393136e+03 8.780936018581447570e+03 3.638686362220054434e+03 2.491256721218939152e+00 3.164163749071557508e+00 9.696187390105671511e+03
6.542305798313153900e+03 1.251801559264229945e+04 5.975709794329145552e+03 2.433793937668479845e+00 -4.250910256434690671e-01 1.324095288268761033e+04
6.900799827117416498e+03 1.454789485959497506e+04 7.647095032477558561e+03 2.589367207655500547e+00 -1.157901148332016961e+00 1.526626280800576933e+04
6.923085323104510280e+03 1.477213286924561726e+04 7.849047546141106977e+03 2.501659384979735723e+00 -1.199789883110973676e+00 1.544846627173944580e+04
