5.251289448947682104e+02 3.036801379917156737e+04 2.984288485427679916e+04 2.723145808704596771e+00 -3.239184191603468488e+00 3.153917266161289081e+04
5.251614714545535207e+02 3.036727709073124788e+04 2.984211561927669391e+04 2.516426907453896966e+00 -1.468521675688844397e+00 3.151709137941668814e+04
5.251980056882122199e+02 3.036199470196894617e+04 2.983679669628073316e+04 2.537273354040503914e+00 -1.480043108482198777e+00 3.135876291383167336e+04
5.251206251302098735e+02 3.036634663058638762e+04 2.984122600545617752e+04 2.700571084482882966e+00 -1.480043108482142600e+00 3.148920279838803253e+04
5.251747536149625830e+02 3.036790432628070266e+04 2.984272957266573940e+04 2.618154369543557625e+00 -1.468521675688846839e+00 3.153589144256682266e+04
5.251781504469141737e+02 3.036615131179885793e+04 2.984097316135194342e+04 2.444698699332591207e+00 1.445498828045644890e+00 3.148334855017917653e+04
5.252052821249359340e+02 3.036863935605203369e+04 2.984343407392709923e+04 2.649035038005957521e+00 -4.436943409768010582e+01 3.155792430598760984e+04
5.251991218861696780e+02 3.037032048770000983e+04 2.984512136581384038e+04 2.516645897935636089e+00 -2.114115706328662636e+00 3.160835602045593259e+04
5.251371298509358212e+02 3.037067157106466402e+04 2.984553444121372740e+04 2.689043611598435746e+00 -1.480043108482165692e+00 3.161927265694807647e+04
5.252208464680527413e+02 3.036558493869452650e+04 2.984036409222647490e+04 2.547685172099847239e+00 -1.480043108482165026e+00 3.147492574617526407e+04
6.918024861967322977e+03 1.785822407584259781e+04 1.094019921387527575e+04 2.441551727736987587e+00 1.700100574080104954e+00 1.870417501185586661e+04
4.187163489963862958e+03 7.136948771445810053e+03 2.949785281481947095e+03 2.405490178271587620e+00 2.275723238162023154e+00 7.924568779947827352e+03
1.451888521133209451e+03 3.375514416113247535e+03 1.923625894980038083e+03 2.406969615569114040e+00 1.802305034638289172e+00 4.063741361232157942e+03
4.304681378116080168e+02 2.232802801026299676e+03 1.802334663214691773e+03 2.014350562827623481e+00 9.049929832634915350e-01 2.888426338706206479e+03
3.382056838746936478e+02 2.127860149384278884e+03 1.789654465509585179e+03 1.521396350996124580e+00 1.121721953036159958e+00 2.772622601608547939e+03
3.406335719679453859e+02 2.139247671932620960e+03 1.798614099964675461e+03 1.576955317330555273e+00 1.053833790174333096e+00 2.801479287700244186e+03
3.384038666288747095e+02 2.130260407556607788e+03 1.791856540927733022e+03 1.366794242024752970e+00 1.260492762868676397e+00 2.808922140597412181e+03
3.427064946631012958e+02 2.142720627213486296e+03 1.800014132550385057e+03 1.247393864522328366e+00 8.335481103041662010e-01 2.803336764304498047e+03
3.407878620401405669e+02 2.142765874546815212e+03 1.801978012506674531e+03 1.379634516541417666e+00 9.771256538664315761e-01 2.823106335537254381e+03
3.409332342418954340e+02 2.144237813437372097e+03 1.803304579195476663e+03 1.170355197368191824e+00 8.191776621225250743e-01 2.865310664279036246e+03
3.386441834236939599e+02 2.133226596728471577e+03 1.794582413304777674e+03 1.283368670828494373e+00 1.399125555930059717e+00 2.790731800905035470e+03
3.398532188815960353e+02 2.128724879703745501e+03 1.788871660822149352e+03 1.080556815686788408e+00 1.221146887626060940e+00 2.776647006025708379e+03
3.812900140459940985e+02 2.181757868667460116e+03 1.800467854621465904e+03 1.512613160538292201e+00 1.260105917375747842e+00 2.893681843725921681e+03
5.316214106959582750e+02 2.338462859407741689e+03 1.806841448711783414e+03 1.826686657178291151e+00 1.215833665246486506e+00 3.006688706464802635e+03
1.268534293699013460e+03 3.151854138772486749e+03 1.883319845073473289e+03 2.277900366118203568e+00 1.353968897068127175e+00 3.877564854467781515e+03
2.644906359819450245e+03 4.825478171836201000e+03 2.180571812016750755e+03 2.593248960719215290e+00 2.422300279305150017e+00 5.641081549739168622e+03
5.201161519084181236e+03 8.887902819090664707e+03 3.686741300006483470e+03 2.483495192912278604e+00 3.075564199565574253e+00 9.762535767146622675e+03
6.466527127853531965e+03 1.224991427752580239e+04 5.783387149672270425e+03 2.439101221963838384e+00 -3.178412548021926298e+00 1.298772119522900175e+04
6.875914132594306466e+03 1.436161026098058028e+04 7.485696128386273813e+03 2.393258843119705936e+00 -9.497854738419332365e-01 1.514479480870322914e+04
6.909953154778404496e+03 1.473173867516458995e+04 7.821785520386185453e+03 2.496237607632282529e+00 -1.552948796291238054e+00 1.547297373760263145e+04
