5.252208199347892332e+02 3.036641919088313443e+04 2.984119837094834656e+04 2.441227741052912403e+00 -1.421070699303954932e+01 3.149137764029438040e+04
5.251060965586714246e+02 3.036597189456045817e+04 2.984086579800178515e+04 2.569838892748840919e+00 1.445498828045580497e+00 3.147797087611708776e+04
5.251928498559531135e+02 3.037011918835045799e+04 2.984492633849450431e+04 2.412515241415661205e+00 7.999047974058269839e-01 3.160227726317498673e+04
5.251618288176360920e+02 3.036621901390880885e+04 2.984105718509117287e+04 2.583791888731724828e+00 -2.114115706328667077e+00 3.148537775754765244e+04
5.251086790797463664e+02 3.037005398846442768e+04 2.984494530938468233e+04 2.586809030349929373e+00 -1.480043108482209435e+00 3.160032303410237728e+04
5.252005626988162703e+02 3.036911301728160834e+04 2.984391245458279082e+04 2.494166604496569573e+00 -1.480043108482153258e+00 3.157211942763774277e+04
5.251944869490663450e+02 3.036785051670810208e+04 2.984265602975903676e+04 2.536766696658744102e+00 -2.114115706328661304e+00 3.153428051932736707e+04
5.251422004548758196e+02 3.036841594922747754e+04 2.984327374877260081e+04 2.556922907358703423e+00 -1.480043108482123060e+00 3.155127112448975458e+04
5.251489197434269727e+02 3.036783124848454827e+04 2.984268232874112073e+04 2.537766769851302673e+00 7.999047974058212107e-01 3.153413947190731778e+04
5.252016034929389434e+02 3.036322809952311945e+04 2.983802649603017926e+04 2.533436062610862294e+00 -2.914098275031689411e+01 3.140351110469284686e+04
6.903639533321963427e+03 1.794803514157739119e+04 1.104439560825542867e+04 2.534820119839930719e+00 1.418040330520626613e+00 1.889104435568694680e+04
4.076344483530746857e+03 6.950576469813783660e+03 2.874231986283036804e+03 2.517007885316717264e+00 2.290724484467818289e+00 7.696251021635592224e+03
1.450874006729828352e+03 3.375690842197515394e+03 1.924816835467687042e+03 2.219289402090196095e+00 1.402235825567232252e+00 4.037660228612665833e+03
3.952762142535144676e+02 2.191641179815353553e+03 1.796364965561839199e+03 1.950572256028728191e+00 1.270434280106584213e+00 2.859375972413652562e+03
3.907106067042913082e+02 2.189155256530771112e+03 1.798444649826479690e+03 1.791412292569450448e+00 1.351414113820884610e+00 2.886587130450375753e+03
3.400002652706690469e+02 2.139198007063232581e+03 1.799197741792563647e+03 1.228808164170722028e+00 1.196546394522846946e+00 2.842176466374035499e+03
3.393981330989089997e+02 2.138556278045550243e+03 1.799158144946641187e+03 1.197660332028388952e+00 1.473555104471136135e+00 2.848984167198166233e+03
3.365193924411765920e+02 2.127765984282140380e+03 1.791246591840963902e+03 1.834655629397130339e+00 1.247363368104236869e+00 2.801188257735224397e+03
3.401669830028816932e+02 2.133940737138746954e+03 1.793773754135865147e+03 1.437501123134228509e+00 1.124362856707040725e+00 2.798534910060770017e+03
3.376820585311792797e+02 2.128393778691915941e+03 1.790711720160736604e+03 1.426189818032997936e+00 1.262828350001112154e+00 2.798462938304406634e+03
3.391157166099741289e+02 2.134380820899945775e+03 1.795265104289971532e+03 1.216951461783274402e+00 1.418249815709998529e+00 2.838772480919328700e+03
3.389138586245005058e+02 2.127744224946666691e+03 1.788830366322166128e+03 1.232153728156767158e+00 1.064691400258215070e+00 2.781235683385953507e+03
3.645567704612402053e+02 2.172844853159383092e+03 1.808288082698142944e+03 1.254648188021153521e+00 1.145973518466887997e+00 2.878159286965531919e+03
5.730391979067550210e+02 2.384537234931563034e+03 1.811498037024808127e+03 2.005934984119129183e+00 1.297330773832174877e+00 3.101402936410668644e+03
1.181505694419472093e+03 3.055024464739921768e+03 1.873518770320449676e+03 2.148865270466890021e+00 1.586258676534116008e+00 3.835588104695482343e+03
3.237122361673046726e+03 5.633422169496318020e+03 2.396299807823271294e+03 2.405681362193822892e+00 2.551537101655610318e+00 6.498635552387841017e+03
5.175594039475487079e+03 8.826130544549236220e+03 3.650536505073749140e+03 2.342010565398441102e+00 3.101481503576760002e+00 9.671672204740852976e+03
6.449288907825238311e+03 1.218668293378963244e+04 5.737394025964394132e+03 2.558400894151915850e+00 -2.058660051460982299e+00 1.295105228069827899e+04
6.846772777206819228e+03 1.414145606187168596e+04 7.294683284664866733e+03 2.535784461316171079e+00 -1.129405679425534492e+00 1.481135166751855650e+04
6.891636226310718484e+03 1.449322530756096785e+04 7.601589081250249365e+03 2.446017460683540978e+00 -5.770555137524771006e-01 1.527370961425366841e+04
