5.251815884994224461e+02 3.036350177924002128e+04 2.983832019074060008e+04 2.711594648252021234e+00 -1.468521675688832184e+00 3.140393437746096970e+04
5.251119384734067808e+02 3.036854679144296824e+04 2.984343485296955987e+04 2.380104040829876144e+00 -2.114115706328661304e+00 3.155514798116706152e+04
5.251810544199652213e+02 3.036747487547218770e+04 2.984229382105222248e+04 2.614317272883464494e+00 -2.114115706328665301e+00 3.152301956000876817e+04
5.252484474701486761e+02 3.036743333667593834e+04 2.984218488920578966e+04 2.444221971482569700e+00 -2.114115706328674182e+00 3.152177452217273822e+04
5.252045028113009266e+02 3.036828784889848248e+04 2.984308334608717996e+04 2.520707736198691595e+00 -4.427776508184680893e+01 3.154738672439915172e+04
5.252024026317396874e+02 3.036372316694759138e+04 2.983852076431585010e+04 2.582053870036561616e+00 -2.114115706328661304e+00 3.141057002796001689e+04
5.251653587549257054e+02 3.036243497460703657e+04 2.983726961585211029e+04 2.472273151640378419e+00 -4.452143719112515896e+01 3.137196107537627176e+04
5.251215251286153034e+02 3.037187018077054745e+04 2.984674865564193169e+04 2.538697285485562727e+00 -2.114115706328673294e+00 3.165480426442727548e+04
5.251970813895816264e+02 3.036720192704055080e+04 2.984200484565096849e+04 2.650151085516122773e+00 -2.114115706328656419e+00 3.151528234652655374e+04
5.251014408857923854e+02 3.036763082877840134e+04 2.984252938789260952e+04 2.413585991197981340e+00 -2.652803830563053467e+00 3.153602350364537051e+04
6.956160989175606119e+03 1.742685311286460274e+04 1.047069212368899753e+04 2.438348379198699956e+00 2.230213963168733216e+00 1.834869699814986961e+04
4.194805426881923268e+03 7.141229184420142701e+03 2.946423757538219434e+03 2.401563940577789769e+00 2.349976619415818035e+00 7.938081788176034934e+03
1.278089828187326248e+03 3.174854728790429817e+03 1.896764900603103570e+03 2.469919106358942962e+00 1.659467349168951777e+00 3.845894155516898991e+03
4.451519728561888769e+02 2.247414437438817458e+03 1.802262464582628581e+03 2.015223167468049414e+00 1.297455828330104310e+00 2.942838146713412698e+03
3.388829465228249660e+02 2.127537736244112693e+03 1.788654789721287671e+03 1.234280330028719730e+00 1.451447642184104270e+00 2.785367923994392186e+03
3.432708887770360775e+02 2.146939285291356100e+03 1.803668396514319966e+03 1.525407480484240352e+00 8.575468186455686981e-01 2.840287991755016265e+03
3.372241600399461845e+02 2.135319079356426300e+03 1.798094919316480173e+03 1.109486437411324689e+00 1.026276633113653247e+00 2.813989722858291316e+03
3.384687089286032347e+02 2.134914166754753751e+03 1.796445457826150459e+03 1.232812059894677681e+00 1.131253724926383208e+00 2.814783185920135566e+03
3.412987672592286685e+02 2.144495517629879487e+03 1.803196750370650761e+03 1.344237525776971864e+00 9.124715623001792286e-01 2.829972164746317048e+03
3.391628948519292521e+02 2.131772616505948008e+03 1.792609721654018813e+03 1.136537879967557840e+00 1.355267199941353695e+00 2.822475182462953853e+03
3.378998237699782976e+02 2.126192454948072282e+03 1.788292631178093870e+03 1.348380807669841142e+00 1.569691916108638674e+00 2.758206255390645310e+03
3.391436712158858313e+02 2.132705375386487958e+03 1.793561704170602070e+03 1.286428613658444853e+00 1.398360149033973876e+00 2.797712658016027035e+03
4.027358608870548551e+02 2.194968935025473911e+03 1.792233074138418942e+03 1.529811482942008638e+00 1.261887518677174969e+00 2.862894204204423204e+03
5.588394273313418807e+02 2.367287764696385693e+03 1.808448337365043699e+03 1.936243205605234552e+00 1.511075556211111559e+00 3.069304266405268663e+03
1.253124674622451494e+03 3.125173781016142129e+03 1.872049106393690636e+03 2.118898329607045383e+00 1.916525967929270990e+00 3.877359366233430137e+03
2.595764884874612562e+03 4.750866198766495472e+03 2.155101313891882910e+03 2.341406389289794276e+00 2.403786793355971341e+00 5.583764347780331263e+03
5.217295262234708389e+03 8.937510566325889158e+03 3.720215304091180769e+03 2.367280635822501811e+00 2.870452567771925256e+00 9.855190281667866657e+03
6.508892753461663233e+03 1.240076871325679167e+04 5.891875959795128438e+03 2.511140603675094951e+00 -1.854907803062648242e+00 1.321478552947659773e+04
6.774647338672040860e+03 1.373520013183146693e+04 6.960552793159426074e+03 2.489630029612083906e+00 -1.320961195855512083e+00 1.452881908808351363e+04
6.928466582893950545e+03 1.492184795454000596e+04 7.993381371646055413e+03 2.415754774282719008e+00 -1.258026819856993717e+00 1.558982871467731820e+04
