5.251635129774048210e+02 3.036660469337505128e+04 2.984144118039764726e+04 2.539929738925990055e+00 -1.480043108482256065e+00 3.149693768636917230e+04
5.251753298312440847e+02 3.036198303871080861e+04 2.983680770887956533e+04 2.508926294069300678e+00 -1.480043108482174796e+00 3.135841333226183269e+04
5.251896501731373519e+02 3.036420944086566305e+04 2.983901979069252411e+04 2.677680721578755918e+00 -1.480043108482156811e+00 3.142514504262829723e+04
5.251943082134371252e+02 3.036678712779874695e+04 2.984159281958530846e+04 2.532779134529279386e+00 -1.468521675688831296e+00 3.150240577356754875e+04
5.251412397176318336e+02 3.036721171662542474e+04 2.984207047690779291e+04 2.482657390560555566e+00 -1.468521675688834405e+00 3.151513192846635138e+04
5.252178966956764725e+02 3.037002609554641822e+04 2.984480819885074015e+04 2.531627295032442770e+00 -2.114115706328663524e+00 3.159948702349609084e+04
5.251735406426942063e+02 3.036669763352268637e+04 2.984152409287999035e+04 2.524699656141638382e+00 -1.480043108482171688e+00 3.149972527769538283e+04
5.251770247452130889e+02 3.036737220945997251e+04 2.984219518471476113e+04 2.676499773603573828e+00 -1.480043108482191228e+00 3.151998727641160076e+04
5.251891450001650128e+02 3.036235376957303015e+04 2.983716462457286616e+04 2.612230389893245519e+00 -1.480043108482181013e+00 3.136996427682137437e+04
5.251941025321260668e+02 3.036546576418026234e+04 2.984027166164813752e+04 2.427325055806366372e+00 -4.604089704552345808e+01 3.147100956864314503e+04
6.852703430557726278e+03 1.840849572295201142e+04 1.155579229239428605e+04 2.423108281610542036e+00 2.111130385557028699e+00 1.933643941871723291e+04
4.179407391199648373e+03 7.107474981037149519e+03 2.928067589837501146e+03 2.364442936261273776e+00 2.297038586411817018e+00 7.866538853951966303e+03
1.379869619730477325e+03 3.310755314278327205e+03 1.930885694547849880e+03 2.229129127417847300e+00 1.256485648928613807e+00 4.059303360504592547e+03
4.311915322614289607e+02 2.238707774869326840e+03 1.807516242607897766e+03 2.203803808638979955e+00 9.722331268511309466e-01 2.913868506129535945e+03
3.807287848094435958e+02 2.191197595984769123e+03 1.810468811175325527e+03 2.015767529742874320e+00 7.389140584857726290e-01 2.885126212058455167e+03
3.376776337557193415e+02 2.126229500163768080e+03 1.788551866408048681e+03 1.491120817149848676e+00 1.420067816609674516e+00 2.763203154055204777e+03
3.413547504438590749e+02 2.140728470266067234e+03 1.799373719822208159e+03 1.409938152456045479e+00 1.062282906687841200e+00 2.820930393194766566e+03
3.390844809242616975e+02 2.126641833061949910e+03 1.787557352137688213e+03 1.462332052293505269e+00 1.400128038328155355e+00 2.772314214853585327e+03
3.386848922873498395e+02 2.133265016984441445e+03 1.794580124697091605e+03 1.261066358931365761e+00 1.106958184173868931e+00 2.804198581290195762e+03
3.369049632066994491e+02 2.126975048731709194e+03 1.790070085525009745e+03 1.185469929540260425e+00 1.221515576385354462e+00 2.761954027161026261e+03
3.395608331963740056e+02 2.138523839116545332e+03 1.798963005920171327e+03 1.350014091183475706e+00 8.987673924092461908e-01 2.813535409399267792e+03
3.413215187423118095e+02 2.142591798416308848e+03 1.801270279673997038e+03 1.192147920671963401e+00 1.230666469163127497e+00 2.815550770205595654e+03
4.062284123552836945e+02 2.206329359220998867e+03 1.800100946865715287e+03 1.609333591463212310e+00 1.112441872127368114e+00 2.881229858378696917e+03
5.181454239513077482e+02 2.322470262614802323e+03 1.804324838663494575e+03 1.892390428621226972e+00 1.400515491420033953e+00 3.022504180795554930e+03
1.144539017097723672e+03 3.011372867163462161e+03 1.866833850065738488e+03 2.116082776862601822e+00 1.578825322843564249e+00 3.814255961476058019e+03
3.103478374148979583e+03 5.433189871735315137e+03 2.329711497586335554e+03 2.234636746024016407e+00 2.728722880251481797e+00 6.271018361592073234e+03
4.923305428644511267e+03 8.341510709776412114e+03 3.418205281131900847e+03 2.311417665329394744e+00 2.958234200519658685e+00 9.244052537168439812e+03
6.562398825423738344e+03 1.264103236541494152e+04 6.078633539991203179e+03 2.461008961681577567e+00 -3.097525190529867078e+00 1.346882917221541720e+04
6.797548046812164102e+03 1.381521466168075858e+04 7.017666614868594479e+03 2.315412370305165002e+00 -2.396710044081540314e+00 1.458463841218721791e+04
6.906652102685414320e+03 1.471128695820739813e+04 7.804634855521983809e+03 2.597373345857966864e+00 -6.178741723704158639e-01 1.544453539528206784e+04
