5.251407811750037808e+02 3.037120817857913789e+04 2.984606739740413468e+04 2.530432631957571399e+00 7.999047974058179911e-01 3.163491744921646387e+04
5.251971157013178981e+02 3.036568790833289313e+04 2.984049079263157546e+04 2.548866450380831594e+00 -1.480043108482179237e+00 3.146945898770849453e+04
5.251711938320713671e+02 3.036556678516807733e+04 2.984039559133600414e+04 2.502244818271135873e+00 -1.480043108482163250e+00 3.146582857622564188e+04
5.251785275421549386e+02 3.036480327237567326e+04 2.983962474483351980e+04 2.495201318121705203e+00 -2.114115706328673294e+00 3.144294389008594226e+04
5.251175696712874696e+02 3.036519683806109970e+04 2.984007926838981075e+04 2.425323348699611525e+00 -1.480043108482195224e+00 3.145474019173869237e+04
5.251941354306951553e+02 3.036348040377379948e+04 2.983828626834310489e+04 2.478184364965039688e+00 -2.913763152876225604e+01 3.140329371407862345e+04
5.251616132322500334e+02 3.036470605076592983e+04 2.983954443753368105e+04 2.514329727941399639e+00 -2.114115706328664412e+00 3.144003179616775378e+04
5.251990498496419377e+02 3.036985739662091510e+04 2.984465834677127350e+04 2.501196670132126432e+00 -2.114115706328673294e+00 3.159447612209435829e+04
5.251914713880451018e+02 3.036488439620409554e+04 2.983969292481605225e+04 2.564659893675475644e+00 -3.012363813242917843e+01 3.144581681426657451e+04
5.252081754018863649e+02 3.036248078898954554e+04 2.983727261358765827e+04 2.523469737651514500e+00 -4.452143719112513764e+01 3.138126639698918734e+04
6.877486261011446913e+03 1.814737754756541108e+04 1.126989128655396416e+04 2.538743077119006486e+00 9.665075543829523275e-01 1.910733564113958346e+04
4.365729889491316499e+03 7.428397127343528155e+03 3.062667237852211656e+03 2.506983579676926865e+00 2.540153642142857215e+00 8.170647404769212699e+03
1.233603654066561830e+03 3.119265528553797594e+03 1.885661874487235764e+03 2.247728422503431744e+00 1.692205749982130358e+00 3.829445524136382119e+03
4.052217847779437534e+02 2.213014553926506323e+03 1.807792769148562456e+03 1.606993047818621401e+00 1.229916550560356425e+00 2.909509476299371727e+03
3.824786242802802008e+02 2.193126515370155630e+03 1.810647891089875429e+03 1.930209289876930301e+00 1.103418899625583149e+00 2.899135477053892828e+03
3.386726503661687957e+02 2.142799258293450293e+03 1.804126607927281384e+03 1.389221419680647829e+00 1.360791655881313345e+00 2.861149952171335826e+03
3.404710791084398807e+02 2.130274051167332800e+03 1.789802972058892919e+03 1.609804729635023079e+00 1.257077650570841865e+00 2.775728924974219353e+03
3.410088243696692984e+02 2.149757975321509093e+03 1.808749150951839738e+03 1.324862624889551199e+00 1.038211364982960516e+00 2.895235940969864714e+03
3.382597790208047854e+02 2.135954396421675938e+03 1.797694617400871266e+03 1.285334434355065003e+00 1.127555530962968122e+00 2.800306768798039229e+03
3.366435639889923550e+02 2.135978524583291801e+03 1.799334960594299446e+03 1.265521824156932373e+00 1.097042706804116863e+00 2.822767383843010975e+03
3.357685078444219471e+02 2.124982833605101405e+03 1.789214325760679458e+03 1.164985837860417650e+00 1.444364456467933655e+00 2.757577023465151342e+03
3.378302842204639660e+02 2.135838341795951237e+03 1.798008057575487328e+03 1.231549993406080956e+00 1.099984565326301400e+00 2.793979043837700829e+03
3.395860250402473639e+02 2.136501666417170327e+03 1.796915641376922849e+03 1.269611468637788620e+00 1.364992702439273176e+00 2.815364109456501865e+03
4.326585062043637890e+02 2.239252779780666515e+03 1.806594273576302840e+03 1.997285302655429584e+00 1.207596803306592470e+00 2.937377302162750766e+03
1.144037925955505671e+03 3.013580520653752501e+03 1.869542594698246830e+03 2.219187039445995602e+00 1.540199985087603807e+00 3.742455097361867502e+03
2.917216043560805701e+03 5.179515766677456668e+03 2.262299723116650966e+03 2.565050340597869294e+00 2.473594995826393639e+00 5.996705716890984149e+03
5.097431459703515429e+03 8.675164486649880928e+03 3.577733026946365499e+03 2.307632299443516999e+00 2.920454543817772919e+00 9.512637371721080854e+03
6.495737979465292483e+03 1.235909489592088721e+04 5.863356916455594728e+03 2.455090963478737454e+00 -1.086528970340884470e+00 1.316253981384796134e+04
6.809530727732096238e+03 1.402178343613472498e+04 7.212252708402628741e+03 2.550929405709397191e+00 -2.063272335910078414e+00 1.470155517622672050e+04
6.969158055640598832e+03 1.559764198037118331e+04 8.628483924730584476e+03 2.418814664337627818e+00 -1.132818730840274624e+00 1.639941880830250739e+04
