5.250758293748685901e+02 3.036832431668267600e+04 2.984324848730780650e+04 2.569019019103127466e+00 -3.239184191603478258e+00 3.154847976930198638e+04
5.251890733521828452e+02 3.036408559483808131e+04 2.983889652148589812e+04 2.458278856340871510e+00 1.445498828045650663e+00 3.142143301907607747e+04
5.251568567357103348e+02 3.036481558047928047e+04 2.983965872374357059e+04 2.592826494467523002e+00 -2.489138534753587262e+00 3.144331279954445199e+04
5.250409938967394510e+02 3.036219450311451510e+04 2.983715350921777645e+04 2.402666677127388350e+00 -1.480043108482118619e+00 3.136475153190385390e+04
5.252385998018721693e+02 3.036800187002249731e+04 2.984276327022062469e+04 2.523077926800582294e+00 -2.902500831584349328e+01 3.153881511055846204e+04
5.251164349187520202e+02 3.036702965928099002e+04 2.984191322436223709e+04 2.790749052745758352e+00 7.999047974057997834e-01 3.150967516418333253e+04
5.252132776272688943e+02 3.036289316038875040e+04 2.983767988276148026e+04 2.615192408557489134e+00 -2.652803830563005061e+00 3.138569423640942841e+04
5.252092150753497890e+02 3.036562155405113663e+04 2.984041233897578786e+04 2.442669970113661382e+00 -1.480043108482187009e+00 3.146751522649547405e+04
5.251403122955437084e+02 3.036207898191941422e+04 2.983693866962386892e+04 2.478857687646600194e+00 -2.114115706328661304e+00 3.136172534036453726e+04
5.251026284201075214e+02 3.036775800153740420e+04 2.984265537311729713e+04 2.686571390140935822e+00 -1.480043108482133052e+00 3.153955147294389462e+04
6.907644070527949225e+03 1.792280618768409840e+04 1.101516211715614918e+04 2.369646801336946940e+00 1.736128798252051908e+00 1.883901993860474249e+04
4.195237912520140526e+03 7.133313511183089759e+03 2.938075598662949233e+03 2.477956504291529694e+00 2.438213332135509059e+00 7.849085669272748419e+03
1.425066877118136290e+03 3.341244312819402239e+03 1.916177435701265949e+03 2.206403549803410247e+00 1.795809011594713622e+00 4.003820782037590561e+03
4.831680772968820747e+02 2.296116289470453466e+03 1.812948212173571392e+03 2.023001944258563611e+00 1.324462142212056159e+00 2.986424144534087645e+03
3.633616709982364910e+02 2.159405470523553959e+03 1.796043799525317354e+03 1.461766299120909940e+00 1.305786678489744945e+00 2.833992501567048748e+03
3.403123231028318969e+02 2.140164391549153606e+03 1.799852068446321709e+03 1.298350686811718724e+00 1.139418051146138922e+00 2.830493394978737797e+03
3.391627158235583011e+02 2.133067951869218632e+03 1.793905236045660331e+03 1.058902244076463939e+00 1.277760715522819224e+00 2.787091973027136191e+03
3.421378595621748104e+02 2.144602356834031070e+03 1.802464497271856317e+03 1.150225324843032082e+00 1.167263665575167586e+00 2.844400445905740980e+03
3.411424026742283786e+02 2.146043386272323460e+03 1.804900983598095081e+03 1.292690492016894011e+00 7.113233361403229482e-01 2.807623280974195495e+03
3.396254499007082472e+02 2.140695014886413901e+03 1.801069564985705711e+03 1.109556966991882554e+00 9.145862655498598892e-01 2.812856038788656861e+03
3.406576765614204305e+02 2.146817868636280764e+03 1.806160192074860333e+03 1.193753324132157845e+00 8.276692130473235487e-01 2.841717098695958157e+03
3.510577883795447747e+02 2.143553223135177632e+03 1.792495434755632914e+03 1.276985668293581400e+00 1.157075980281581318e+00 2.781670861719436289e+03
3.895329737367574694e+02 2.187860376963943509e+03 1.798327403227186096e+03 1.525516316241908088e+00 1.432165715479409629e+00 2.895473574964650197e+03
5.487025412447109147e+02 2.353301784727919767e+03 1.804599243483208738e+03 1.854008841393605778e+00 1.201520979295513714e+00 3.036610671423866279e+03
1.302013599497542373e+03 3.197472445354318097e+03 1.895458845856775724e+03 2.242524404386867953e+00 2.127672794574551940e+00 4.011544467348331636e+03
3.208143993032832896e+03 5.588657536447441998e+03 2.380513543414609103e+03 2.411102957628080024e+00 2.528169468816052312e+00 6.500931756711037451e+03
5.273788515075912073e+03 9.037070398006913820e+03 3.763281882931001746e+03 2.479651133093720983e+00 3.080730856573790533e+00 9.961990898139803903e+03
6.409507736817827208e+03 1.204471447654952317e+04 5.635206739731695961e+03 2.562627239710830729e+00 -5.243254585601744289e-01 1.292651024891637280e+04
6.866175680583781286e+03 1.430547791232399868e+04 7.439302231740217394e+03 2.595063824301163891e+00 -9.668842298647462030e-01 1.508883537199991952e+04
6.973194403792036610e+03 1.544517443123053818e+04 8.471980027438501565e+03 2.748050454558788047e+00 -1.135879381650317654e+00 1.616798226235054062e+04
