5.251407784593385486e+02 3.037149712574993828e+04 2.984635634729059893e+04 2.650530365056691817e+00 -2.114115706328673294e+00 3.164357803143696583e+04
5.252285349510419792e+02 3.036487014162142805e+04 2.983964160667038595e+04 2.489962663633217055e+00 -1.468521675688845951e+00 3.144494815473894050e+04
5.250198842247934863e+02 3.036796843881930181e+04 2.984294855459450991e+04 2.551866261493136445e+00 -1.480043108482198777e+00 3.153781308069236184e+04
5.252066072217174906e+02 3.036654869892448551e+04 2.984134209170276881e+04 2.459474694899554947e+00 1.445498828045606921e+00 3.149525937077175695e+04
5.251190522024377287e+02 3.036643526997843583e+04 2.984131621777599867e+04 2.621242343574524458e+00 -2.066423469522649992e+00 3.149185957731157396e+04
5.251372401134075290e+02 3.036575707054591476e+04 2.984061983043250802e+04 2.429316962943813163e+00 -1.480043108482156811e+00 3.147153200010541696e+04
5.251633189746721655e+02 3.036820077682582996e+04 2.984303745785115825e+04 2.531877179867693339e+00 -1.480043108482181013e+00 3.154477881746319326e+04
5.252211724674816651e+02 3.036850350615159186e+04 2.984328233368411020e+04 2.576214971902893058e+00 -4.587509722257802736e+01 3.155389561596120984e+04
5.251875809746268260e+02 3.036567903967398161e+04 2.984049145869935455e+04 2.503193747307311146e+00 -4.555793006180841331e+01 3.146963548498187083e+04
5.251060855829410912e+02 3.036527046886796597e+04 2.984016438328502409e+04 2.518655444728263859e+00 7.999047974058104415e-01 3.146466961499230456e+04
6.911050368211452223e+03 1.795812954635586721e+04 1.104707917814441498e+04 2.569135428401450927e+00 1.915250358689713162e+00 1.886963329402855743e+04
4.005335767772503004e+03 6.843313986095346991e+03 2.837978218322843986e+03 2.588061305748228236e+00 2.065435470279590735e+00 7.641100681422278285e+03
1.398803696280770282e+03 3.308882046353572605e+03 1.910078350072802323e+03 2.220821088867747317e+00 1.739676788779525474e+00 3.992178469567907541e+03
4.309657961842365239e+02 2.238937857784429980e+03 1.807972061600193456e+03 2.074368004487385786e+00 9.476014278165484361e-01 2.911219777417253226e+03
3.398337171141308772e+02 2.132259671682661974e+03 1.792425954568531097e+03 1.126211582936233357e+00 1.211594474121810983e+00 2.812142614241623960e+03
3.386134958933581629e+02 2.135340494555260648e+03 1.796726998661902599e+03 1.312297089855521515e+00 1.115761754998694899e+00 2.829695773585727238e+03
3.409132754490706247e+02 2.136067130577019270e+03 1.795153855127948646e+03 1.240448909339492589e+00 1.278943754879956929e+00 2.813634899131505790e+03
3.374230557385635052e+02 2.130501856001702436e+03 1.793078800263138874e+03 9.533393411655413097e-01 1.412776708024996886e+00 2.803601231705917144e+03
3.396824468648953257e+02 2.137826532129236057e+03 1.798144085264340674e+03 1.030517066139488458e+00 1.555267864307435133e+00 2.845556132051242002e+03
3.358417095081499042e+02 2.119562733176516304e+03 1.783721023668366342e+03 1.164056658528810351e+00 1.301412346543750154e+00 2.746163071236818269e+03
3.384915789708737179e+02 2.142449017894141889e+03 1.803957438923268228e+03 1.189249809147479020e+00 9.609085779657018378e-01 2.842983122815868683e+03
3.364530917608682330e+02 2.124203964151799937e+03 1.787750872390931818e+03 1.145135753524250122e+00 1.222916296181763673e+00 2.778680028097520790e+03
3.385279430237910105e+02 2.137760267883855704e+03 1.799232324860064637e+03 1.599004909277604858e+00 1.108681460072322045e+00 2.829860710069139714e+03
6.271251756449930781e+02 2.440465813976680238e+03 1.813340638331687160e+03 2.092631440048474900e+00 1.450217944531510872e+00 3.154587218742371078e+03
1.218309617292840358e+03 3.095735135009645546e+03 1.877425517716805189e+03 2.232322734877744352e+00 1.679297712302398438e+00 3.869831988442456350e+03
2.847811112054749174e+03 5.093063960170676182e+03 2.245252848115927009e+03 2.486388174862631306e+00 2.399916563148646542e+00 5.909493573541201840e+03
4.961625848421898809e+03 8.423050571835226947e+03 3.461424723413328138e+03 2.528326218798232716e+00 2.996584984952937347e+00 9.299870573710904864e+03
6.329434556020270975e+03 1.176279351306637000e+04 5.433358957046099022e+03 2.683094812966389409e+00 -6.023994693938897749e-01 1.256009112294648003e+04
6.882685833042960439e+03 1.441920311077852421e+04 7.536517277735563766e+03 2.490142812937433892e+00 -1.991289371261037333e+00 1.512219035154463018e+04
6.943352486476806007e+03 1.507277576735933508e+04 8.129423280882529070e+03 2.431202458304561720e+00 -7.278918167830820130e-01 1.581623687589836845e+04
