5.251566699053498724e+02 3.036985240092251479e+04 2.984469573101716378e+04 2.405760306569696638e+00 -4.452143719112515896e+01 3.159428087252693877e+04
5.252012806523819108e+02 3.036311188930640492e+04 2.983791060865402324e+04 2.534061030809414472e+00 -4.442010179549512117e+01 3.139224824875524064e+04
5.251700631666107029e+02 3.036527977320200080e+04 2.984010971003539089e+04 2.625171873833358926e+00 -1.480043108482138825e+00 3.145722599768581858e+04
5.251573520565608533e+02 3.036894230286118545e+04 2.984378495080462380e+04 2.391249159076922925e+00 -2.114115706328649313e+00 3.156700260202047866e+04
5.252356155602857370e+02 3.036528467754871235e+04 2.984004906198842582e+04 2.517451006542928749e+00 -1.480043108482181013e+00 3.145737299517685096e+04
5.251237239416138891e+02 3.036375835615056349e+04 2.983863463220894846e+04 2.567404514341213417e+00 -1.480043108482174796e+00 3.141162475009463014e+04
5.251418649930851643e+02 3.036556256149006367e+04 2.984042069649697805e+04 2.613663369171362216e+00 -1.480043108482179237e+00 3.146570388283353896e+04
5.251379611776901584e+02 3.036243925555467649e+04 2.983730129437698633e+04 2.602766121535024624e+00 -1.480043108482173020e+00 3.137213207174846684e+04
5.251108740057783280e+02 3.035836724847329242e+04 2.983325637446751352e+04 2.522161503037541053e+00 -1.480043108482171688e+00 3.125047434979864920e+04
5.251790318764944914e+02 3.036574350748480356e+04 2.984056447560830929e+04 2.468941321043367054e+00 7.999047974058096644e-01 3.147986558450734810e+04
6.959931850394224966e+03 1.754265753947539270e+04 1.058272568908116773e+04 2.404871192642215494e+00 2.069165245978854983e+00 1.841245947612007512e+04
4.200712957345828727e+03 7.147392013321960803e+03 2.946679055976132076e+03 2.484510079144655936e+00 2.501348160726081904e+00 7.942652071335523942e+03
1.463574492249108289e+03 3.403558058274626092e+03 1.939983566025517803e+03 2.247614604542536920e+00 1.226125266033549766e+00 4.117825421829531479e+03
4.072185367606908244e+02 2.218357916356954320e+03 1.811139379596263552e+03 1.890213766915829652e+00 7.800847303486398987e-01 2.895067284562585883e+03
3.546496378567364332e+02 2.152880075808649053e+03 1.798230437951912563e+03 1.722654575467511107e+00 1.396010942702445412e+00 2.822449792473439175e+03
3.421729836330482613e+02 2.142883790851314188e+03 1.800710807218265927e+03 1.024959406997278055e+00 9.871789184347319335e-01 2.813426320026338090e+03
3.413195188163467151e+02 2.141754627586414244e+03 1.800435108770067473e+03 1.305371550519466517e+00 1.164344484535993596e+00 2.834305095805662859e+03
3.410046562009123932e+02 2.153946676087799005e+03 1.812942019886886555e+03 1.207445355626575401e+00 7.609255614062407913e-01 2.857798808753194407e+03
3.400096134648877637e+02 2.139862384104962075e+03 1.799852770640074368e+03 1.155230940472775636e+00 9.688567931886066242e-01 2.803959301416294238e+03
3.396859262446369030e+02 2.140541910517565611e+03 1.800855984272928708e+03 1.098984201425288409e+00 8.378389383730154849e-01 2.791291987016937583e+03
3.354357025944535735e+02 2.121017540281512083e+03 1.785581837687058396e+03 1.456379887639867698e+00 1.103660268693903879e+00 2.759587873310472787e+03
3.339731784991341215e+02 2.124302929571521872e+03 1.790329751072387808e+03 1.198297059708420820e+00 1.084050602975161981e+00 2.753386517513963099e+03
3.660609956310424309e+02 2.168887221257542933e+03 1.802826225626500445e+03 1.804493553959874985e+00 1.315139281846047226e+00 2.844410895549020552e+03
4.956451993419510700e+02 2.301067158640163143e+03 1.805421959298212187e+03 1.577759772668806626e+00 1.293879561280773194e+00 3.008982102857450172e+03
1.191642044804458237e+03 3.056613487817208807e+03 1.864971443012750569e+03 2.027200138587090805e+00 1.891733025594287243e+00 3.806275474735319676e+03
2.707785697842490208e+03 4.918762565623274895e+03 2.210976867780784687e+03 2.342132267774613030e+00 2.483304522285385563e+00 5.790472448055941641e+03
5.273399409636718701e+03 9.068928737451082270e+03 3.795529327814363569e+03 2.630491456915376336e+00 3.039003974682490394e+00 9.998333705135139098e+03
6.113742198131826626e+03 1.110245475223829089e+04 4.988712554106464268e+03 2.324158585754686257e+00 -2.611796397265521708e-01 1.191173694995150981e+04
6.817639581204911337e+03 1.388869342145305563e+04 7.071053840248144297e+03 2.443073357385308952e+00 -1.908239698465684642e+00 1.462226203571757833e+04
6.917628658243957943e+03 1.470857396840350884e+04 7.790945310159550900e+03 2.580912225633632762e+00 -1.665706068913117122e+00 1.552180570353281109e+04
