5.251910725436904386e+02 3.036723657572155571e+04 2.984204550317786561e+04 2.614697300007825298e+00 -2.066423469522583378e+00 3.151587702742376860e+04
5.251693790840737393e+02 3.036319377410019661e+04 2.983802439501612389e+04 2.584963553047225915e+00 -1.714353705056973209e-01 3.139470257280286023e+04
5.251909824006390863e+02 3.036405216588532858e+04 2.983886118348468881e+04 2.580553896016725357e+00 -2.114115706328677735e+00 3.142043105669982106e+04
5.252401802431288615e+02 3.036658089632548581e+04 2.984134071608235536e+04 2.427992838001280962e+00 4.703181825363653701e-01 3.149622441998231079e+04
5.250999807843172675e+02 3.036744968249701924e+04 2.984234970171270106e+04 2.520802650547682600e+00 -2.114115706328667077e+00 3.152226445373283059e+04
5.251128762459674135e+02 3.036487916443098584e+04 2.983976628818501922e+04 2.694980900443393779e+00 -1.480043108482198777e+00 3.144521861504293338e+04
5.251876674507464031e+02 3.037007552663054594e+04 2.984488785917979840e+04 2.455011606088770115e+00 -2.114115706328661304e+00 3.160097050706995651e+04
5.251853669774936861e+02 3.036706845596769563e+04 2.984188308899020194e+04 2.572970255539333895e+00 -1.480043108482181013e+00 3.151088307849421471e+04
5.251630562416727344e+02 3.036358716545017160e+04 2.983842410920849943e+04 2.404066030881355953e+00 -1.669792406254164874e+01 3.140693351830279789e+04
5.251822248279396490e+02 3.036185370152513133e+04 2.983667147669719270e+04 2.502890600205589511e+00 1.445498828045632678e+00 3.136276951982960236e+04
6.905623771646895875e+03 1.792639920539331069e+04 1.102077543374641391e+04 2.452296636956444953e+00 1.274267296819997730e+00 1.877297129252409286e+04
4.177573578729599831e+03 7.109430108657640631e+03 2.931856529928040800e+03 2.323531291453999614e+00 2.351393750008579087e+00 7.778922204455785504e+03
1.236011639526130239e+03 3.128399841251508860e+03 1.892388201725378622e+03 2.312479146218374471e+00 1.390888853042033135e+00 3.820321445175203280e+03
4.859899422326716376e+02 2.295430788306379782e+03 1.809440846073708144e+03 2.032185162504025921e+00 8.559909239469437603e-01 2.993746494293504384e+03
3.406973071227039895e+02 2.136901803580157775e+03 1.796204496457453843e+03 1.456205424147356320e+00 1.303176870087869643e+00 2.824685764928578465e+03
3.411105205868041139e+02 2.140693503732997669e+03 1.799582983146193556e+03 1.354516511238936127e+00 1.060878608068128059e+00 2.824536642457744165e+03
3.382698357732425052e+02 2.130268954512169330e+03 1.791999118738926882e+03 1.176983500716351383e+00 1.338664836832329064e+00 2.777583545360818789e+03
3.416012927497919236e+02 2.139468333248072213e+03 1.797867040498280403e+03 1.039505703538704529e+00 1.317390186203572178e+00 2.839348680107022574e+03
3.358586860278763879e+02 2.122846226532862602e+03 1.786987540504986100e+03 1.533908062623225765e+00 1.507579862613114940e+00 2.770380665288483669e+03
3.423303675011154041e+02 2.145066593530353202e+03 1.802736226029237741e+03 1.155835600437372213e+00 8.959382989923737606e-01 2.827652929900251820e+03
3.371688000482590155e+02 2.126567137862439267e+03 1.789398337814180195e+03 1.114970468174351970e+00 1.291328798062582051e+00 2.766977344038738465e+03
3.396521898456550730e+02 2.129656819234702652e+03 1.790004629389047523e+03 1.078208272069725915e+00 1.177534798880431666e+00 2.771332313912524114e+03
3.364929285103841607e+02 2.131160369017121866e+03 1.794667440506737648e+03 1.044738700523383690e+00 1.469309388521773174e+00 2.780998602848299470e+03
4.541241480054849831e+02 2.251735639424510282e+03 1.797611491419025242e+03 2.024882837669968350e+00 1.246882062952909598e+00 2.950677669288237666e+03
1.292303143204484968e+03 3.181941968674411328e+03 1.889638825469926360e+03 2.156344890880108167e+00 1.616306353325512868e+00 3.949202148149428012e+03
2.908754362413204944e+03 5.183614665769597195e+03 2.274860303356392251e+03 2.260432876724685070e+00 2.535052159242779712e+00 6.078256633167929067e+03
5.083260858884277695e+03 8.647343617062353587e+03 3.564082758178075892e+03 2.518162077250468034e+00 2.973565515594448261e+00 9.531567858754537156e+03
6.554931796309670062e+03 1.254900574090423834e+04 5.994073944594568275e+03 2.478466022783562650e+00 -1.498036606530851911e+00 1.335327479968046100e+04
6.900176084323574287e+03 1.453211622703634930e+04 7.631940142712775014e+03 2.514769169667628645e+00 -1.342895419107115629e+00 1.524428580968572896e+04
6.934441573530540154e+03 1.493477566072387890e+04 8.000334087193338746e+03 2.530815954156920622e+00 -1.469574797694185087e+00 1.564810896833573133e+04
