5.251457408449801960e+02 3.036658569120336324e+04 2.984143995035838452e+04 2.471135923812059598e+00 -2.114115706328663524e+00 3.149636813633526253e+04
5.250777760802922103e+02 3.036228196511312854e+04 2.983720418903283644e+04 2.469105297692699263e+00 -1.480043108482156811e+00 3.136737302090311641e+04
5.251878665578685741e+02 3.036615805880891639e+04 2.984097019225104668e+04 2.591368042224420076e+00 -2.114115706328663524e+00 3.148355075694772677e+04
5.251728675550414209e+02 3.036730499625943776e+04 2.984213212870439747e+04 2.534378787109606623e+00 -2.114115706328679511e+00 3.151792778878310855e+04
5.251981595343033860e+02 3.036904128176445374e+04 2.984384312223015149e+04 2.534913824257049253e+00 -2.114115706328673294e+00 3.156996928599313469e+04
5.252345600317454455e+02 3.036692625306504488e+04 2.984169169303329909e+04 2.588011642598154971e+00 -4.423193057393016403e+01 3.150657578072731849e+04
5.251426640637723722e+02 3.036705977674665337e+04 2.984191711268288054e+04 2.491512632497313806e+00 1.445498828045673756e+00 3.151057977180388116e+04
5.251633404323040395e+02 3.036833733699471122e+04 2.984317399656240741e+04 2.630648570835043998e+00 -2.652803830563054355e+00 3.154891513496463813e+04
5.251285106053394429e+02 3.036401034293764678e+04 2.983888183233230666e+04 2.601228513820187160e+00 -1.480043108482152370e+00 3.141961896589304160e+04
5.251613952232784186e+02 3.036592012329566569e+04 2.984075872807238557e+04 2.595886344662228229e+00 -1.480043108482184122e+00 3.148477589866418566e+04
6.924416169729109242e+03 1.781560343428699707e+04 1.089118726455788783e+04 2.552668506159626816e+00 1.824411266853169122e+00 1.879890199791707710e+04
3.992836743652961104e+03 6.816792376508004963e+03 2.823955632855043859e+03 2.418246795077367395e+00 2.491461854929628128e+00 7.597909493356693929e+03
1.318905463600613984e+03 3.226448666133215283e+03 1.907543202532601299e+03 2.333417403232791898e+00 1.642660525470163835e+00 3.952403340529631805e+03
4.586384126692537961e+02 2.264255594825397111e+03 1.805617182156143372e+03 2.106072593825698558e+00 1.036595489737879072e+00 2.948416291123045994e+03
3.932444046323523708e+02 2.204496219776450744e+03 1.811251815144098373e+03 2.021256710088252806e+00 8.737649503381454963e-01 2.891532078751918561e+03
3.408883292278718500e+02 2.149575574739476906e+03 1.808687245511604942e+03 1.370665945004081676e+00 8.443898915942824601e-01 2.835489950839908943e+03
3.383765749421293094e+02 2.137738971316295647e+03 1.799362396374166337e+03 1.179260046451000798e+00 1.336423824890635936e+00 2.830161926155646142e+03
3.376484009484925082e+02 2.131898340477356669e+03 1.794249939528864161e+03 1.087943406161068438e+00 1.290975382821167861e+00 2.799860148925722569e+03
3.417783973383915850e+02 2.141807029970775602e+03 1.800028632632383960e+03 1.266657773734710002e+00 7.297082029656275504e-01 2.798714927890351191e+03
3.380800399085777030e+02 2.134563390612799594e+03 1.796483350704221948e+03 1.224862944062227399e+00 1.207818746969857138e+00 2.812216788922583874e+03
3.455918311735475186e+02 2.154056280876130586e+03 1.808464449702583124e+03 1.226101579193439983e+00 7.477900215392740968e-01 2.821950900448599896e+03
3.405955663157865274e+02 2.142013805636184316e+03 1.801418239320397788e+03 1.283414369265735155e+00 1.190425713091916915e+00 2.816834815221941881e+03
3.507657406942576017e+02 2.148737216380611244e+03 1.797971475686353642e+03 1.285109675559509945e+00 1.171215401066764805e+00 2.823099119372227960e+03
4.842920450198910771e+02 2.290708483331761272e+03 1.806416438311870252e+03 1.698496858437190449e+00 1.176618467811164193e+00 2.979802320780891932e+03
1.267011651706585781e+03 3.137063344195723857e+03 1.870051692489138077e+03 2.455458939799836315e+00 1.909983212732306201e+00 3.864382475857140435e+03
2.921989986571146801e+03 5.190330945637686455e+03 2.268340959066539654e+03 2.349602855173285931e+00 2.565159517926236088e+00 6.080354893889972118e+03
5.238428202015977149e+03 8.978857920205522532e+03 3.740429718189545383e+03 2.389820580895824165e+00 3.093475368568837425e+00 9.848854296152347160e+03
6.411233794096592646e+03 1.201299512783318823e+04 5.601761333736595589e+03 2.538903375288530384e+00 -1.359866684332889930e-01 1.269422480295042988e+04
6.849660526874516108e+03 1.417737632472097903e+04 7.327715797846462920e+03 2.514073838327055999e+00 -1.593541561040312970e+00 1.493479815220829551e+04
6.970102001895407739e+03 1.547394987809754821e+04 8.503847876202140469e+03 2.786153860007201555e+00 -1.043133194391948404e+00 1.618253678524691895e+04
