5.252102726256457572e+02 3.036644878679509202e+04 2.984123851416944672e+04 2.616381023869213784e+00 -2.114115706328651090e+00 3.149226471535144083e+04
5.250660077954686358e+02 3.036135865597577867e+04 2.983629264818031152e+04 2.512178145138576735e+00 7.999047974058145494e-01 3.133969877624549554e+04
5.251546504993779081e+02 3.036878646778990151e+04 2.984363181729052303e+04 2.539300242930836671e+00 -2.114115706328673294e+00 3.156233177432692173e+04
5.251901284385106692e+02 3.036787062908682856e+04 2.984268050064831914e+04 2.550638229776966082e+00 -1.480043108482206771e+00 3.153488144018774983e+04
5.250893635400174162e+02 3.036765866570627986e+04 2.984256930216626279e+04 2.486966141827409604e+00 -2.114115706328663524e+00 3.152852828480284734e+04
5.251891688197482608e+02 3.036376245629068217e+04 2.983857328747093561e+04 2.567881586173747621e+00 -1.480043108482198777e+00 3.141174764330097969e+04
5.251728852132675911e+02 3.036371428887625370e+04 2.983854140366298452e+04 2.691985260461736029e+00 -4.628057827424644444e+01 3.141030580511666631e+04
5.251913187246008192e+02 3.036705197491778381e+04 2.984186065619318470e+04 2.445771859708905538e+00 -3.239184191603454277e+00 3.151038905687780061e+04
5.251668485161776516e+02 3.036615039576005074e+04 2.984098354724387173e+04 2.482041376878985517e+00 -1.480043108482191228e+00 3.148376180810290316e+04
5.251946946214711716e+02 3.036505614401792627e+04 2.983986144939645601e+04 2.489305907337145740e+00 -1.480043108482198777e+00 3.145865531266753533e+04
6.931493750618776176e+03 1.770830227026240391e+04 1.077680851964362773e+04 2.424110301624780917e+00 1.653183667230800902e+00 1.865721801387934465e+04
4.342690250893786470e+03 7.394604761822617547e+03 3.051914510928831078e+03 2.378818057402737107e+00 2.477526429937815688e+00 8.170008931733725149e+03
1.367062029438841364e+03 3.276854538793736538e+03 1.909792509354895174e+03 2.264075370911812879e+00 1.617859284580334567e+00 3.984587300375557334e+03
4.994999285952458195e+02 2.310670473796746592e+03 1.811170545201500772e+03 2.053307088388160118e+00 9.733373092490295031e-01 3.015199689117554499e+03
3.501759238793239888e+02 2.137308872494802017e+03 1.787132948615477972e+03 1.736527780024048617e+00 1.476491931099003452e+00 2.797364453142082311e+03
3.381433548583744937e+02 2.125370805125516654e+03 1.787227450267142103e+03 1.125909456727111513e+00 1.216131080246849239e+00 2.765574607739993553e+03
3.388104503456141856e+02 2.135425159800809979e+03 1.796614709455195680e+03 1.123898612835640520e+00 1.333229239615913109e+00 2.817007976044423685e+03
3.399730708689314156e+02 2.147096217813667408e+03 1.807123146944735936e+03 1.217179164965952465e+00 1.116144401313920120e+00 2.863228873754972028e+03
3.369266149177105376e+02 2.123988449001960362e+03 1.787061834084249767e+03 1.172980141576068558e+00 1.364070704315836879e+00 2.758313449044920617e+03
3.409892248143190159e+02 2.140584201953442061e+03 1.799594977139123102e+03 1.407852971240616924e+00 9.978341795983808327e-01 2.807524187092121792e+03
3.378347709379061712e+02 2.129481982607065220e+03 1.791647211669159105e+03 1.193550620865186040e+00 9.727316759932129742e-01 2.723882676496000840e+03
3.558880609583803789e+02 2.150901594190692776e+03 1.795013533232312511e+03 1.267087540585595251e+00 1.000103424445114575e+00 2.809645056142258909e+03
3.393686851623010057e+02 2.132302191075504197e+03 1.792933505913203135e+03 1.341791755433044075e+00 1.271982205169685853e+00 2.811615912114316416e+03
5.489150152336827659e+02 2.360349711394316728e+03 1.811434696160633848e+03 1.999742767726990111e+00 1.187629723559639361e+00 3.091764599704052216e+03
1.142581362772031753e+03 3.005449505368027985e+03 1.862868142595996233e+03 2.192665723828618685e+00 1.898755125445082514e+00 3.759704404818889543e+03
2.826749429202763622e+03 5.052737827287091022e+03 2.225988398084327400e+03 2.283816302744930749e+00 2.617044624550363796e+00 5.840107966783888514e+03
4.943468603571951462e+03 8.390627393736349404e+03 3.447158790164397942e+03 2.351449777357959459e+00 2.765440347001154375e+00 9.258882759905403873e+03
6.373796393409858865e+03 1.193973155667490209e+04 5.565935163265043229e+03 2.543312274127481842e+00 -9.412837351912184403e-01 1.274129174631623937e+04
6.818312501307686034e+03 1.396255519012065088e+04 7.144242688812964843e+03 2.640180208651466298e+00 -1.510570819344467353e+00 1.466602755452372367e+04
6.964463972405268578e+03 1.524326602170078513e+04 8.278802049295516554e+03 2.454443734083020967e+00 -4.296362732529468431e-01 1.596432965049752238e+04
