5.251255781471440969e+02 3.036300284164767072e+04 2.983787726350052617e+04 2.500977041971395476e+00 -4.452143719112513764e+01 3.138897977510442070e+04
5.251422653208303473e+02 3.036837520829819914e+04 2.984323294297736720e+04 2.686978069693855886e+00 -1.683719685902126839e+00 3.155000513817436877e+04
5.251793662451199225e+02 3.036807765145154190e+04 2.984289828520642186e+04 2.583965932915100350e+00 -3.239184191603442287e+00 3.154108649907697327e+04
5.251967688938528909e+02 3.036522781642857080e+04 2.984003104753471780e+04 2.614820088873594628e+00 -1.480043108482182790e+00 3.145566870295002445e+04
5.250824012315799791e+02 3.036799462561745895e+04 2.984291222438588011e+04 2.652074230465005567e+00 -1.480043108482179237e+00 3.153859797479494591e+04
5.251991577265361002e+02 3.037029417041844135e+04 2.984509501269190514e+04 2.470297007146656565e+00 -2.114115706328673294e+00 3.160752200270571120e+04
5.251744875565742632e+02 3.036622964457476701e+04 2.984105515701819240e+04 2.460247025435942980e+00 -2.114115706328666633e+00 3.148569830270686725e+04
5.251846267512039503e+02 3.036826495012797750e+04 2.984308032337677287e+04 2.536771977321838012e+00 -1.468521675688837957e+00 3.154674513774466323e+04
5.251141470224031309e+02 3.036727562392877735e+04 2.984216147690637445e+04 2.607817033141829555e+00 -2.114115706328661304e+00 3.151748503060744042e+04
5.251364156648606922e+02 3.036855897546273991e+04 2.984342255979788024e+04 2.535854219137326115e+00 -1.683719685902121954e+00 3.156369191150465122e+04
6.888364596419205554e+03 1.802261258450459354e+04 1.113424798808538799e+04 2.593420966144036388e+00 1.330338120815326208e+00 1.898080277076638959e+04
4.353833929710320263e+03 7.412302873830174576e+03 3.058468944119854314e+03 2.302929969962683732e+00 2.221778328155293636e+00 8.171183369345087158e+03
1.523034994480436580e+03 3.464121114924217181e+03 1.941086120443780601e+03 2.155952517779253341e+00 1.396622457034406795e+00 4.127676592426965726e+03
4.459158639650670466e+02 2.253436240162236118e+03 1.807520376197169071e+03 2.016217380076516630e+00 9.918690584183043057e-01 2.937380138667997016e+03
3.533775998792216342e+02 2.144658114032716639e+03 1.791280514153495005e+03 1.110341312196648778e+00 1.416882630819894295e+00 2.814449309516769972e+03
3.402177567847040791e+02 2.134948163961076261e+03 1.794730407176372182e+03 1.089091335573449282e+00 9.502868128237710321e-01 2.790469785917704485e+03
3.419627216600372890e+02 2.145015653387417387e+03 1.803052931727380155e+03 1.290990134351644336e+00 8.398284357797970445e-01 2.831908006171031957e+03
3.410282836368861581e+02 2.141696872345702559e+03 1.800668588708816515e+03 1.222105364946316941e+00 1.008422935202852200e+00 2.847467526055016151e+03
3.402660727868938011e+02 2.146816831627624197e+03 1.806550758840730396e+03 1.186192118665743811e+00 9.404680171897977781e-01 2.817431717882474004e+03
3.385809405637628515e+02 2.130293424268509170e+03 1.791712483704746319e+03 1.325941494107074625e+00 1.148895843140299355e+00 2.798232460167732825e+03
3.379771075758736174e+02 2.139120609792334108e+03 1.801143502216460547e+03 1.001556887273947760e+00 1.282657312255191639e+00 2.822080460845010293e+03
3.380429165517408023e+02 2.130201258182165475e+03 1.792158341630424729e+03 1.202276919746116057e+00 1.180513752970693941e+00 2.773078399526757039e+03
3.658061696429455765e+02 2.159303179136530161e+03 1.793497009493584528e+03 1.214824893140380446e+00 1.397347011068826417e+00 2.846317368138255915e+03
4.976670371098863939e+02 2.310963974904480438e+03 1.813296937794593987e+03 1.995568405907406584e+00 1.000560962020142552e+00 3.022955929384146202e+03
1.280292221986893765e+03 3.162656189347749205e+03 1.882363967360855440e+03 2.275646344534316246e+00 1.950632690791017865e+00 3.933246187427343557e+03
2.869846006971938550e+03 5.110906532693164991e+03 2.241060525721226441e+03 2.323844507211675126e+00 2.643247237343282041e+00 5.980485829920154174e+03
5.233229371091058056e+03 8.967781924127479215e+03 3.734552553036421159e+03 2.516953053730217160e+00 3.223904759803783548e+00 9.841447360146819847e+03
6.460837902709277841e+03 1.223100142285450784e+04 5.770163520145229995e+03 2.435410012154340276e+00 -2.205772149437935425e+00 1.302452581793388708e+04
6.843495185474550453e+03 1.410527583053426315e+04 7.261780645059712697e+03 2.840325248344129250e+00 -9.571657923673967394e-01 1.484408299421336233e+04
6.968272833384045953e+03 1.553165442885325137e+04 8.563381595469205422e+03 2.460934408157422926e+00 -8.680349370430393563e-01 1.621365370584901029e+04
