5.251889774881743733e+02 3.036784505957493093e+04 2.984265608208675621e+04 2.354407533622934423e+00 -3.015081532403505093e+01 3.153411504797977250e+04
5.251537058198953218e+02 3.036500855000536467e+04 2.983985484418546912e+04 2.554553420515671913e+00 -1.714353705057030941e-01 3.144909665422478429e+04
5.251409927858666151e+02 3.036569991873056279e+04 2.984055892594469697e+04 2.518089076898751610e+00 -1.480043108482208547e+00 3.146981897405795098e+04
5.252327009618339844e+02 3.036800484605758902e+04 2.984277214509575424e+04 2.511852815716869358e+00 -1.468521675688853945e+00 3.153890431089790218e+04
5.251833450599214075e+02 3.036570469047424922e+04 2.984052134541432679e+04 2.667599317348606558e+00 -2.114115706328673294e+00 3.146996199705290564e+04
5.251817214649647667e+02 3.036809199649689617e+04 2.984291027503193254e+04 2.697445069614589297e+00 -2.114115706328661304e+00 3.154151648232966181e+04
5.251463023417963996e+02 3.036934546232621869e+04 2.984419915998442229e+04 2.619986002981063766e+00 -1.480043108482187231e+00 3.157908838092633596e+04
5.251603419518820601e+02 3.036850500731654392e+04 2.984334466536466061e+04 2.471217951819130842e+00 -1.142775538417182490e+00 3.155394058125688753e+04
5.251819080117473959e+02 3.036585864939972817e+04 2.984067674138798247e+04 2.570091558441993218e+00 -3.150775638712550020e+01 3.147501521702484024e+04
5.251451089670947567e+02 3.036615286112241665e+04 2.984100775215532121e+04 2.545483074890966702e+00 7.999047974058269839e-01 3.149186313261643954e+04
6.858894358463164281e+03 1.835149200515111806e+04 1.149259764668795469e+04 2.601376728757214263e+00 5.424290209565174603e-01 1.929254826709829285e+04
4.107140024056187031e+03 6.993833493213162910e+03 2.886693469156975880e+03 2.343446870310673447e+00 2.210042934927267666e+00 7.700521359824551837e+03
1.377727696861230015e+03 3.292954128555635634e+03 1.915226431694405619e+03 2.288396221377955175e+00 1.408695573790638811e+00 3.989899297863120410e+03
4.031356957497962981e+02 2.198468526567531171e+03 1.795332830817734930e+03 1.857352998484544493e+00 1.335573014873983277e+00 2.825155227729610033e+03
3.654197035903395658e+02 2.159316933952163708e+03 1.793897230361824086e+03 1.805529666805934852e+00 1.299505528794455023e+00 2.862600186922450575e+03
3.420483196260767613e+02 2.142628385686454294e+03 1.800580066060377476e+03 1.298970187500107398e+00 1.101255095702192044e+00 2.859978136300805090e+03
3.408200481161067046e+02 2.141441645321686337e+03 1.800621597205579747e+03 9.874870505752945116e-01 7.969207743971534752e-01 2.791792702949302566e+03
3.383868670416685518e+02 2.135471423978762232e+03 1.797084556937093566e+03 1.139801416518783084e+00 1.046106870194607907e+00 2.816676963961031106e+03
3.379547851525335886e+02 2.135259138716447978e+03 1.797304353563914447e+03 1.031206700370463691e+00 1.247054913368067952e+00 2.838811665888633797e+03
3.394084221497796534e+02 2.142106941456484037e+03 1.802698519306704384e+03 1.279694093266104504e+00 1.160687175872608501e+00 2.832576178195767170e+03
3.372288390924074974e+02 2.137065038315469337e+03 1.799836199223061840e+03 1.491756042773136004e+00 1.127749356455986174e+00 2.829137221267696987e+03
3.538902138363233121e+02 2.152947067093260102e+03 1.799056853256936847e+03 1.238949597474948261e+00 1.439147756642124909e+00 2.882386075997717398e+03
3.536809137881119796e+02 2.155321026780046850e+03 1.801640112991934984e+03 1.445000873346439008e+00 1.066162200738040911e+00 2.849956571512690971e+03
5.608315940837106837e+02 2.363689696106708197e+03 1.802858102022997628e+03 1.931811303479620046e+00 1.611555439998474393e+00 3.059044543957748374e+03
1.535066974304117821e+03 3.468232041865864176e+03 1.933165067561746355e+03 2.188604734657882744e+00 1.791932786368581221e+00 4.273938193513766237e+03
2.633402691027464698e+03 4.809918933849411587e+03 2.176516242821946889e+03 2.338641227397859179e+00 2.665612689522586454e+00 5.628407130245707776e+03
5.354560199059950719e+03 9.209920786826285621e+03 3.855360587766334902e+03 2.395573681227510576e+00 2.835479532394698410e+00 1.003881409245992472e+04
6.439823582739449193e+03 1.213560448204964450e+04 5.695780899310195309e+03 2.665867544249210130e+00 -6.299849501876587654e-01 1.305261114432246541e+04
6.820103859313291650e+03 1.397146535096185835e+04 7.151361491648566698e+03 2.594075548524583663e+00 -1.413855015345083288e+00 1.474668203922725115e+04
6.948363875746186750e+03 1.524498030075790848e+04 8.296616425011721731e+03 2.379757403667682070e+00 -1.564494532048147812e+00 1.611707078738541531e+04
