5.251340040512473024e+02 3.037103153891344118e+04 2.984589753486219342e+04 2.455932336215592926e+00 -2.114115706328661304e+00 3.162962304767136447e+04
5.250877747273958676e+02 3.036862243944142392e+04 2.984353466471402862e+04 2.495425086215883326e+00 -2.114115706328661748e+00 3.155741537042337222e+04
5.250922065811146240e+02 3.036888873369787689e+04 2.984379652711676317e+04 2.593678360099416658e+00 -2.066423469522620682e+00 3.156539697929660906e+04
5.251917953601097224e+02 3.036677133030811092e+04 2.984157953494799949e+04 2.468832825021944455e+00 7.999047974058038912e-01 3.150193227709508574e+04
5.251521234641016918e+02 3.036580611221803338e+04 2.984065398875393294e+04 2.440267163670243544e+00 -3.239184191603457830e+00 3.147300189998025598e+04
5.252031384376588221e+02 3.036892520215045442e+04 2.984372206371279390e+04 2.505241965651315628e+00 -2.652803830563050358e+00 3.156649006514055873e+04
5.251450549731700903e+02 3.036644939436730056e+04 2.984130433939412978e+04 2.533746205196800716e+00 -1.480043108482140823e+00 3.149228482856391201e+04
5.251864535767329016e+02 3.036811277616294683e+04 2.984292632258621234e+04 2.530815875860934927e+00 7.999047974058063337e-01 3.154218436568277684e+04
5.252208389958851740e+02 3.036976968784999917e+04 2.984454884885411229e+04 2.510873589306525044e+00 -1.480043108482125058e+00 3.159224844746492818e+04
5.251180255605569300e+02 3.036923020898932373e+04 2.984411218342876600e+04 2.682752327137561732e+00 -1.480043108482129055e+00 3.158385206672679487e+04
6.933249616334895109e+03 1.773365813981581960e+04 1.080040852348092449e+04 2.452346094296002921e+00 1.954744245940182923e+00 1.855137073063546632e+04
4.459219601254641930e+03 7.596477182764130703e+03 3.137257581509488773e+03 2.403121835831952158e+00 2.539975673398585432e+00 8.374586276239380823e+03
1.390705264088512195e+03 3.302669244974551930e+03 1.911963980886039735e+03 2.480280697464578576e+00 1.773505625272447261e+00 3.996038361676614841e+03
4.072692200052072167e+02 2.213248197040923060e+03 1.805978977035715843e+03 2.332078752929373167e+00 1.340905431994354524e+00 2.926514771130630834e+03
3.534220513622825024e+02 2.149435851893197196e+03 1.796013800530914750e+03 1.467440099055886238e+00 1.379691799552537290e+00 2.837017411383468698e+03
3.407675295487835569e+02 2.133814101156332526e+03 1.793046571607548913e+03 1.001831152829210758e+00 1.493352820447021445e+00 2.813880602189236924e+03
3.409875875459347299e+02 2.142724992401075724e+03 1.801737404855140994e+03 1.410592333838559087e+00 1.063373979020739490e+00 2.831099766499799898e+03
3.393352532012505662e+02 2.141089702648745515e+03 1.801754449447495062e+03 1.404098907901911275e+00 1.003485060898782866e+00 2.828748490625955128e+03
3.375533471060783199e+02 2.134301475530292919e+03 1.796748128424214656e+03 1.198620053154532128e+00 1.031701908506703846e+00 2.790855579654621124e+03
3.361120827975486236e+02 2.125404336042833165e+03 1.789292253245284428e+03 1.165028084796642993e+00 1.089385996829888015e+00 2.762725409537041742e+03
3.377769198537920943e+02 2.132278568458187692e+03 1.794501648604395541e+03 1.152423727083628613e+00 1.170401698918219102e+00 2.772374275980719176e+03
3.537020684010407194e+02 2.161555503379567654e+03 1.807853434978526820e+03 9.692193730372551386e-01 8.926663723835659425e-01 2.890747121040360071e+03
3.408804634026372469e+02 2.148456047993938682e+03 1.807575584591301322e+03 1.036261436367045707e+00 8.614096775325353894e-01 2.808409610140443874e+03
5.353506567201754933e+02 2.342426658926151049e+03 1.807076002205975556e+03 2.300469926210484406e+00 1.364438569838999804e+00 3.038532068484396859e+03
1.281072791249873035e+03 3.176090945629905946e+03 1.895018154380032911e+03 2.247471762880409063e+00 1.475513244379400346e+00 3.952692422226668441e+03
3.176998745765801232e+03 5.538353519435395356e+03 2.361354773669594124e+03 2.293588500966897037e+00 2.755656384059789854e+00 6.453940627133905764e+03
4.923357639785734136e+03 8.333662143382734939e+03 3.410304503597000803e+03 2.440475810074552054e+00 3.075393302563205200e+00 9.160303066397220391e+03
6.495489906122945285e+03 1.237588296416276899e+04 5.880393058039823700e+03 2.428264444564343982e+00 -1.458639841873341281e+00 1.325139065769896297e+04
6.842037369767882410e+03 1.411564299765995747e+04 7.273605627892075063e+03 2.349363659486500833e+00 -1.469034838071575422e+00 1.496036054206611698e+04
6.948820583544297733e+03 1.509308378650715349e+04 8.144263202962855758e+03 2.418824305550271170e+00 -1.131695470291937733e+00 1.588360341324984984e+04
