5.251454536474630004e+02 3.036531825548374400e+04 2.984017280183628100e+04 2.509088607206897859e+00 1.445498828045648665e+00 3.145837942294617824e+04
5.252102425291660666e+02 3.036624361092709296e+04 2.984103336839792610e+04 2.426835756042890591e+00 7.999047974057922339e-01 3.148611500130873537e+04
5.251942564280850547e+02 3.036616449190660569e+04 2.984097023547852223e+04 2.650749588142795599e+00 -1.468521675688835737e+00 3.148374357548572152e+04
5.250900606499635614e+02 3.037273634529701667e+04 2.984764628464705311e+04 2.536122831801630451e+00 -2.114115706328672406e+00 3.168072102454943888e+04
5.251823913464794487e+02 3.036836578816041219e+04 2.984318339681393263e+04 2.508456130170444442e+00 -1.480043108482156811e+00 3.154972278944556092e+04
5.251772569282675249e+02 3.036636458514755213e+04 2.984118732821928279e+04 2.638883181079219042e+00 -1.480043108482133052e+00 3.148974096970710889e+04
5.252048161104646624e+02 3.036859340525568041e+04 2.984338858914521552e+04 2.531837418705753517e+00 -1.480043108482214764e+00 3.155654705000387548e+04
5.252539822848995072e+02 3.036660266438110921e+04 2.984134868209620981e+04 2.627034346526741615e+00 7.999047974057532651e-01 3.149692193238882828e+04
5.252044411423639758e+02 3.036789757030349574e+04 2.984269312916113267e+04 2.564721317425785241e+00 -1.480043108482187009e+00 3.153613068911393566e+04
5.252157002871153963e+02 3.036412679307754661e+04 2.983891109279043303e+04 2.467494314511118336e+00 -4.452143719112515896e+01 3.143064803234941792e+04
6.911941109483228502e+03 1.793473985076108147e+04 1.102279874127785297e+04 2.452406876042132478e+00 1.858495032413650661e+00 1.887808196524317464e+04
4.391398353582245363e+03 7.481115153781572189e+03 3.089716800199326826e+03 2.353463449326663959e+00 2.404654361662545536e+00 8.256466787003968420e+03
1.366500659368131664e+03 3.285781519336985184e+03 1.919280859968853520e+03 2.304906867879950916e+00 1.195067401080927461e+00 4.000452691642166883e+03
3.927241090230009490e+02 2.182005604544236121e+03 1.789281495521235229e+03 1.986133716963729867e+00 1.332888339310896342e+00 2.861057224073887028e+03
3.615512380194211914e+02 2.148108472356354469e+03 1.786557234336933334e+03 1.902631251055023176e+00 1.542536994947361739e+00 2.796207919880885584e+03
3.394129764686372255e+02 2.140390152381575263e+03 1.800977175912938037e+03 1.070153980363182100e+00 1.167541406776372970e+00 2.821326745023973217e+03
3.395746218831123997e+02 2.142046878701575224e+03 1.802472256818462938e+03 9.903726240578455409e-01 1.132939604707510428e+00 2.838564178843438640e+03
3.397846955676252492e+02 2.143516659112976868e+03 1.803731963545351618e+03 1.145936829274164737e+00 1.051252861396765104e+00 2.835876816482761114e+03
3.370112614037339540e+02 2.125282582306829227e+03 1.788271320903095329e+03 1.360893618170303965e+00 9.123171160446479355e-01 2.759117097085782461e+03
3.385805106286097725e+02 2.140881417411660550e+03 1.802300906783050777e+03 1.250408993675656388e+00 1.034899218046073655e+00 2.839727038313200865e+03
3.387209956956046994e+02 2.142854192536560731e+03 1.804133196840956089e+03 1.126169053806264531e+00 1.086000739196811837e+00 2.835746878267268130e+03
3.536586165653015996e+02 2.153908677719508887e+03 1.800250061154207287e+03 1.130156352750717685e+00 7.321916106475456765e-01 2.792641992421962186e+03
3.392728316931976451e+02 2.132765040261775539e+03 1.793492208568578008e+03 1.131891547604199078e+00 8.746199693960092780e-01 2.772901400707336961e+03
5.332575524451217461e+02 2.341958681699401495e+03 1.808701129254279749e+03 1.823667378543279538e+00 1.308011063765720960e+00 3.033985030724169064e+03
1.135186767376269700e+03 3.005717978642206617e+03 1.870531211265936918e+03 2.428716337080261578e+00 1.530297952475215384e+00 3.756104138847229933e+03
3.065139066840356008e+03 5.389292547400475996e+03 2.324153480560119988e+03 2.558071309302932139e+00 2.587284163434782069e+00 6.284273397289050081e+03
5.058257144865019654e+03 8.608261167651444339e+03 3.550004022786424684e+03 2.297082805057037103e+00 2.861853765580300024e+00 9.431275920014679286e+03
6.460142044004457603e+03 1.220921138134686225e+04 5.749069337342404651e+03 2.574088436306755767e+00 -1.641294975252767019e+00 1.296622687886735184e+04
6.799779444244935803e+03 1.382664571157816135e+04 7.026866267333225551e+03 2.417753073803403652e+00 -1.444603550081616561e+00 1.465726360418920012e+04
6.885222969512709824e+03 1.442124307390680042e+04 7.536020104394090595e+03 2.420603325893182056e+00 -6.864987096923732546e-01 1.513119693157181428e+04
