5.251310778565463124e+02 3.036730843904132780e+04 2.984217736118478206e+04 2.537113817359425649e+00 -4.410975091340093712e+01 3.151803097891522339e+04
5.251754744331617530e+02 3.036768047036262578e+04 2.984250499592946289e+04 2.580488611411997812e+00 -2.652803830563029486e+00 3.152918183336672155e+04
5.250987075601985907e+02 3.036662835602671475e+04 2.984152964846651594e+04 2.504895590805713557e+00 -4.469136219256747466e+01 3.149764692446083063e+04
5.251863600448344869e+02 3.036324108982610414e+04 2.983805472978127000e+04 2.621633255433997611e+00 -4.447076949331013651e+01 3.139612076192357199e+04
5.250584203542082378e+02 3.037022862323012669e+04 2.984517020287591731e+04 2.523411111520808436e+00 -2.114115706328673294e+00 3.160555734299611140e+04
5.251503049848405453e+02 3.036776355763396350e+04 2.984261325264912375e+04 2.500903382930068641e+00 -2.114115706328671074e+00 3.153167222017362292e+04
5.251371967769869116e+02 3.036563784808143464e+04 2.984050065130444636e+04 2.433543539734143391e+00 -1.480043108482159253e+00 3.146796046755475618e+04
5.251881718326941382e+02 3.036595129153655580e+04 2.984076311970386087e+04 2.621178312999908222e+00 -1.468521675688841732e+00 3.147739799725634657e+04
5.251310310514588764e+02 3.036729401762069028e+04 2.984216298656923027e+04 2.543251159418727259e+00 -4.452143719112515186e+01 3.151804042267061595e+04
5.251735475234665955e+02 3.036729923787774169e+04 2.984212569035427441e+04 2.480462233990234910e+00 -3.239184191603475593e+00 3.152607738135246836e+04
6.958182778446333941e+03 1.724684486694861698e+04 1.028866208850228213e+04 2.341127658831490432e+00 2.023165204943374373e+00 1.825094415469883461e+04
4.140947458542364984e+03 7.046451184792439562e+03 2.905503726250074578e+03 2.449387278768232701e+00 2.378651222843802593e+00 7.770817802849158397e+03
1.292695911613743874e+03 3.189883617556962236e+03 1.897187705943218361e+03 2.263169337837748873e+00 1.348617467425388128e+00 3.863829193931142072e+03
4.521028427129549527e+02 2.246673133783991489e+03 1.794570291071036536e+03 1.911341045877748890e+00 1.813051289275308564e+00 2.902360143002415043e+03
3.404819520478523600e+02 2.139818393526254567e+03 1.799336441478402321e+03 1.062126814244418904e+00 1.162131370266806574e+00 2.838665268839468808e+03
3.398216674067846839e+02 2.148234017949642748e+03 1.808412350542858121e+03 1.345243325007617452e+00 1.104594248277155799e+00 2.892848221872695376e+03
3.391111224835054259e+02 2.144411752262655682e+03 1.805300629779150313e+03 1.403007996113309952e+00 1.188628835869917078e+00 2.851000063733647039e+03
3.382758305163469004e+02 2.139392911931330218e+03 1.801117081414983204e+03 1.080591622968898990e+00 1.063312827110464376e+00 2.832460410833715287e+03
3.393898869183732927e+02 2.134165525797482587e+03 1.794775638879109238e+03 1.204923638577709566e+00 1.071067517093475807e+00 2.779490276878906116e+03
3.367759912254188066e+02 2.129463758046000748e+03 1.792687766820582056e+03 1.146236933581258111e+00 1.064099938085802721e+00 2.755222682352135507e+03
3.429361967389739334e+02 2.144865727104683629e+03 1.801929530365709752e+03 1.164695453251808788e+00 9.528052843369616554e-01 2.843937403855324646e+03
3.431304182072897220e+02 2.147004328795757829e+03 1.803873910588468107e+03 1.022761624551073778e+00 1.079376409642365031e+00 2.857524357507947116e+03
3.494503428249013837e+02 2.144041890180900737e+03 1.794591547355999410e+03 1.448121680235976649e+00 1.265143582424229196e+00 2.797614492704268741e+03
5.245128196490920800e+02 2.345045461720451385e+03 1.820532642071359305e+03 2.090506237283281887e+00 1.109642867571477565e+00 3.110083019522448922e+03
1.252213099034698871e+03 3.130312439235837701e+03 1.878099340201138830e+03 2.326370988475408907e+00 1.886402027368290879e+00 3.886227495685068334e+03
2.558791035228615328e+03 4.709867309236097753e+03 2.151076274007482425e+03 2.305119549979056881e+00 2.443093948136899840e+00 5.494405511190544530e+03
5.031381618609414545e+03 8.550300494128154241e+03 3.518918875518739696e+03 2.321644789241698703e+00 2.867607584339037174e+00 9.419785159602683052e+03
6.416576094160053799e+03 1.205885543028117354e+04 5.642279336121119741e+03 2.501898371584725833e+00 -8.019866367164792953e-01 1.287832201688438727e+04
6.844504148785601501e+03 1.423795431179230218e+04 7.393450163006700677e+03 2.606438371248528618e+00 -7.906103079372139852e-01 1.499748638908114663e+04
6.906183827267866945e+03 1.462522110526432698e+04 7.719037277996460034e+03 2.491063468473000864e+00 -1.314753199526799587e+00 1.539514129245076401e+04
