5.251821411141700082e+02 3.036638031045839307e+04 2.984119816934422124e+04 2.464985210758828149e+00 -4.469136219256746045e+01 3.149021228153688571e+04
5.251779218655096884e+02 3.036827267730278618e+04 2.984309475543727604e+04 2.512032560652649682e+00 7.999047974057997834e-01 3.154693198776831559e+04
5.251233945506370446e+02 3.036048238927499551e+04 2.983535899472435995e+04 2.590820840598874852e+00 -1.480043108482179237e+00 3.131343452944041201e+04
5.251369910721067527e+02 3.036591062370752115e+04 2.984077363263541338e+04 2.593088214197495578e+00 -2.114115706328671074e+00 3.147613441148248603e+04
5.251509721660270316e+02 3.036748821498067628e+04 2.984233724281465038e+04 2.512606412375438580e+00 -2.114115706328663524e+00 3.152341938368744377e+04
5.251672890338270463e+02 3.036235298152254472e+04 2.983718569248871790e+04 2.604328879146009523e+00 -4.452143719112513764e+01 3.136950160889449762e+04
5.251769370170391085e+02 3.036039543831811534e+04 2.983521850130107487e+04 2.642635805741969435e+00 -1.480043108482174796e+00 3.131083025136392098e+04
5.251062069820882243e+02 3.036973462726042999e+04 2.984462842027834267e+04 2.665878516014016597e+00 -2.114115706328656419e+00 3.159079586919838766e+04
5.251358092819357353e+02 3.036741788798731795e+04 2.984228207870538245e+04 2.574190527373455772e+00 -2.114115706328659527e+00 3.152175248892795935e+04
5.251772167811249119e+02 3.036486330332675061e+04 2.983968608654562559e+04 2.568932165968144776e+00 -1.480043108482156811e+00 3.145273258648791671e+04
6.957293458312065013e+03 1.726494103883280332e+04 1.030764758052073739e+04 2.565251123224012719e+00 2.647821054847317779e+00 1.833027799542998764e+04
3.876453078470955461e+03 6.630053010725657259e+03 2.753599932254701798e+03 2.586008712421646205e+00 2.477203277175603180e+00 7.435845655674075715e+03
1.414998490752126827e+03 3.335877273959290960e+03 1.920878783207164133e+03 2.243087035677887808e+00 1.663507628752761924e+00 4.052302631280862897e+03
4.065423770148262292e+02 2.216045773928494782e+03 1.809503396913668439e+03 1.815908734644018585e+00 1.116125156134279983e+00 2.938149528575127988e+03
3.780085045655473550e+02 2.175096849131655745e+03 1.797088344566108390e+03 1.731251682648221824e+00 1.147401618646956445e+00 2.848786548518096879e+03
3.391362198851907692e+02 2.134889117638688276e+03 1.795752897753497564e+03 1.187057552363180557e+00 1.191426012195007322e+00 2.808162528039861627e+03
3.401864640083460358e+02 2.136971803380467463e+03 1.796785339372121371e+03 1.018521211214082456e+00 1.202473854397859698e+00 2.799407323503499811e+03
3.387608671808347935e+02 2.135016341859948625e+03 1.796255474679113831e+03 1.210724835701668001e+00 9.967506467069444653e-01 2.795554290910038162e+03
3.391559555269633961e+02 2.137254864160570833e+03 1.798098908633607380e+03 1.455850026445240752e+00 1.342568205979103313e+00 2.810015447035442776e+03
3.397570629405399814e+02 2.134753545224725713e+03 1.794996482284185731e+03 1.300071051152801083e+00 9.548901425430470491e-01 2.799441010819823987e+03
3.402490985823096139e+02 2.135656016998188079e+03 1.795406918415878408e+03 9.379339500605969882e-01 1.251312661327446563e+00 2.839030914505519831e+03
3.392808163813592728e+02 2.141748014534168760e+03 1.802467198152809488e+03 1.218844145024707171e+00 1.290120044600675753e+00 2.852943771463132634e+03
3.808040786728598732e+02 2.196864195118330827e+03 1.816060116445471067e+03 1.216062392910267853e+00 7.681899580609060640e-01 2.926086508083428726e+03
4.723609428735247775e+02 2.282456290873243688e+03 1.810095347999718797e+03 1.592200220424415891e+00 1.249680569340004377e+00 2.996749200133412614e+03
1.276501028465191439e+03 3.167380245620885489e+03 1.890879217155694050e+03 2.166995141334992159e+00 1.826770400097730507e+00 3.935934505821378934e+03
2.748884673310293238e+03 4.964534008050623925e+03 2.215649334740330687e+03 2.306348505273895011e+00 2.620002945536671124e+00 5.813003691438076203e+03
5.153364055923409978e+03 8.791185809534861619e+03 3.637821753611451641e+03 2.534741457492051708e+00 3.101393291916188399e+00 9.664435385050965124e+03
6.379199257906692765e+03 1.192246459212274931e+04 5.543265334216056544e+03 2.397127464507116557e+00 -7.745050669974785640e-01 1.278419860626809714e+04
6.810828659543240974e+03 1.397098496737827008e+04 7.160156307835029111e+03 2.598587291993238235e+00 -1.174900313882060399e+00 1.472048057957259880e+04
6.903163372376248844e+03 1.475307338020509451e+04 7.849910007828845664e+03 2.418720209570999202e+00 -1.996748079774837592e+00 1.553973121232185986e+04
