5.251782914428490585e+02 3.036474226780122262e+04 2.983956397635837493e+04 2.499305983901141115e+00 4.741586601340935236e-01 3.144111540659322782e+04
5.251588803133832926e+02 3.036936357475239492e+04 2.984420469443901311e+04 2.388806271801907410e+00 -2.114115706328661304e+00 3.157962933873847942e+04
5.251739580419513231e+02 3.036795243930448851e+04 2.984277848126253593e+04 2.608978631014053473e+00 -1.480043108482165692e+00 3.153733352896861106e+04
5.251745823010490994e+02 3.036683632676043999e+04 2.984166174445939032e+04 2.604160558690480354e+00 -4.622991057643142909e+01 3.150388040871025441e+04
5.251338491981289280e+02 3.036364216986742031e+04 2.983850832066929070e+04 2.411546729088807073e+00 -2.114115706328660860e+00 3.140814229054978568e+04
5.250190413919985986e+02 3.036342162136188563e+04 2.983840257996988657e+04 2.492559784557425662e+00 1.445498828045652884e+00 3.140153183502452885e+04
5.251434094657923879e+02 3.036801148972566443e+04 2.984286808025987193e+04 2.602500293381837970e+00 7.999047974058486332e-01 3.153910536192063591e+04
5.252211164188937573e+02 3.036509229225488161e+04 2.983987117583598956e+04 2.711666382763272765e+00 -1.480043108482165026e+00 3.145165179190705021e+04
5.252055389715497995e+02 3.037227963831005400e+04 2.984707409933850431e+04 2.474876023103116385e+00 -2.114115706328669297e+00 3.166747499663011695e+04
5.252190202277336084e+02 3.036416805201643001e+04 2.983894903178869572e+04 2.508706966286872397e+00 -1.480043108482208103e+00 3.143165953249443555e+04
6.922395436895661987e+03 1.772059123724428719e+04 1.079819580034862520e+04 2.509509852653227124e+00 1.691454070150088640e+00 1.864259718460708245e+04
3.966637613258611054e+03 6.766346233851819306e+03 2.799708620593208252e+03 2.333799794509737957e+00 2.308463022349099170e+00 7.521207268195474171e+03
1.474985094683135003e+03 3.405357182216604087e+03 1.930372087533469085e+03 2.258910442265195329e+00 1.606370780072742477e+00 4.099037619869323862e+03
3.965116341430663738e+02 2.199647573915322482e+03 1.803135939772256052e+03 1.632193611472927186e+00 1.327357837448881250e+00 2.894942867431062496e+03
3.413608166037788010e+02 2.141222727272355769e+03 1.799861910668576911e+03 9.828808060507450151e-01 1.122340267815918002e+00 2.839950919361500837e+03
3.405088659552604327e+02 2.146296941401942149e+03 1.805788075446681660e+03 1.135391586957309684e+00 1.052105968018348880e+00 2.841527997429147490e+03
3.377953364812177028e+02 2.137160752454313752e+03 1.799365415973096106e+03 1.126555128477373380e+00 1.395693592505410363e+00 2.840887938281920924e+03
3.406666954020130902e+02 2.133132898731234945e+03 1.792466203329221798e+03 1.173215675685161274e+00 1.164979396613757823e+00 2.792026100762797796e+03
3.393848459174006393e+02 2.134447127339626604e+03 1.795062281422226079e+03 1.230658308457294847e+00 1.069215079933763635e+00 2.808686670423413943e+03
3.365389245372695655e+02 2.131391271226888875e+03 1.794852346689619253e+03 1.065615949444557176e+00 1.165727017187085934e+00 2.802085277945328471e+03
3.399604120279120139e+02 2.135384181572148464e+03 1.795423769544236393e+03 1.095490894396153214e+00 1.141749788754630401e+00 2.794483485712905349e+03
3.367275625471243075e+02 2.140402218874450682e+03 1.803674656327326375e+03 1.070259356003083306e+00 1.002425537054027371e+00 2.821061382029462038e+03
3.524666533747447943e+02 2.151853201670207454e+03 1.799386548295462717e+03 1.420885657391362189e+00 1.081485561547503860e+00 2.849873095648497383e+03
5.342503855280073140e+02 2.338782349250816424e+03 1.804531963722808996e+03 1.838962132212395462e+00 1.184966662500720469e+00 3.030056679848318709e+03
9.922769159987193461e+02 2.838669866041788737e+03 1.846392950043069504e+03 2.184897554394057639e+00 1.721157111310701815e+00 3.595888734041514908e+03
2.825444765841306435e+03 5.054296734022436794e+03 2.228851968181130360e+03 2.324394949231923135e+00 2.589580968963805407e+00 5.886032540132840950e+03
5.230729182877204948e+03 8.961502555265355113e+03 3.730773372388150165e+03 2.604151744584231487e+00 3.000517651589332147e+00 9.823422381449234308e+03
6.447507432245895870e+03 1.216813120057687229e+04 5.720623768330976418e+03 2.436682320571099680e+00 1.028072220548265775e-01 1.302276546814721769e+04
6.921236377097869990e+03 1.482059454317536256e+04 7.899358166077492569e+03 2.468599310169455219e+00 -9.275530660300673746e-01 1.559957635119079896e+04
6.982212675019171002e+03 1.545736874453882592e+04 8.475156069519654920e+03 2.488623190096849402e+00 -1.034973279311004690e+00 1.626387553939717327e+04
