5.251235766557014131e+02 3.036522174431180611e+04 2.984009816765610594e+04 2.467273649011302084e+00 -1.480043108482198777e+00 3.145548670405352095e+04
5.251879214281046870e+02 3.036434985438437070e+04 2.983916193295626726e+04 2.455714642295536709e+00 -1.480043108482166803e+00 3.142935364180154647e+04
5.251383007499997575e+02 3.036346212404466132e+04 2.983832382329466054e+04 2.674705718035587321e+00 -1.480043108482174796e+00 3.140274579658783477e+04
5.252011874442962380e+02 3.036692867378710434e+04 2.984172748634280651e+04 2.463023973920571041e+00 -1.468521675688838179e+00 3.150664831612946000e+04
5.251706179273080579e+02 3.036888163544372946e+04 2.984371101751641982e+04 2.641471116469942704e+00 7.999047974058038912e-01 3.156518422413337248e+04
5.251103642756995669e+02 3.036748972149210385e+04 2.984237935721640315e+04 2.502830497551894684e+00 -4.628057827424644444e+01 3.152346455915176921e+04
5.252204715060024682e+02 3.036305239681964667e+04 2.983783192531364330e+04 2.592451930163444995e+00 -2.114115706328650202e+00 3.139046700525821871e+04
5.251212538070276423e+02 3.037138413360671620e+04 2.984626287979968765e+04 2.486823805360157902e+00 -2.114115706328661304e+00 3.164023613663205106e+04
5.251053407822511190e+02 3.036573584377966108e+04 2.984063050299741008e+04 2.464134349417787195e+00 7.999047974058428601e-01 3.147133801992337249e+04
5.252030084732576825e+02 3.036598995137378006e+04 2.984078694290052226e+04 2.549623197318762635e+00 -1.468521675688846839e+00 3.148658628084358497e+04
6.933821533678067681e+03 1.758601789214718156e+04 1.065219635846911478e+04 2.404283620538604449e+00 1.439889642359673871e+00 1.850028922472352497e+04
4.202242341515902808e+03 7.167587847617470288e+03 2.965345506101567480e+03 2.374249074260838643e+00 2.258023962919739613e+00 7.977790392055872871e+03
1.367299935861106405e+03 3.291223344098971666e+03 1.923923408237865260e+03 2.279663101685846183e+00 1.298818321872804438e+00 4.046342478834496887e+03
4.069965851833783859e+02 2.206645528189797915e+03 1.799648943006419586e+03 2.283948958124809803e+00 1.006308018226806933e+00 2.858969217455343369e+03
3.646297364788125037e+02 2.157006877284342863e+03 1.792377140805530416e+03 2.033360544362136757e+00 1.396409730262880622e+00 2.821228975450369489e+03
3.389436432159759534e+02 2.135067854196855023e+03 1.796124210980879070e+03 1.488717789003339620e+00 1.330730819395569142e+00 2.823423918242086529e+03
3.405429735557879667e+02 2.142296568962156471e+03 1.801753595406368504e+03 1.621464666530769039e+00 8.607624893058991589e-01 2.836051582293477622e+03
3.389960400849107600e+02 2.135846582647080595e+03 1.796850542562169721e+03 1.005896196446046220e+00 1.201602452353839334e+00 2.828495994471415997e+03
3.376679794597348518e+02 2.134239579612674333e+03 1.796571600152939482e+03 1.491641086614862388e+00 1.251373269377763942e+00 2.824110175648137556e+03
3.424687128746170970e+02 2.150018684491582462e+03 1.807549971616965422e+03 1.270553352010674653e+00 7.048125614980422782e-01 2.822857786290755485e+03
3.412930731238947146e+02 2.147406209671351917e+03 1.806113136547457088e+03 9.700476810441384101e-01 1.168665914273849582e+00 2.892488517546601543e+03
3.369116633659185140e+02 2.136353640644385450e+03 1.799441977278466993e+03 1.516576518811520335e+00 1.212952981415684972e+00 2.837314441853428434e+03
3.336782162998775902e+02 2.130862307756448445e+03 1.797184091456570968e+03 1.568313609862374447e+00 1.208283971912356813e+00 2.807443582416079153e+03
4.821793388363425379e+02 2.298998908599697643e+03 1.816819569763355048e+03 1.835267784326258811e+00 1.133239262297920158e+00 3.043394371271285308e+03
1.193154437604578561e+03 3.057555816044388393e+03 1.864401378439809832e+03 2.284250127323987467e+00 1.856654859459494489e+00 3.781858653404702636e+03
2.676622180243847197e+03 4.863314826370236915e+03 2.186692646126389718e+03 2.360142110107494418e+00 2.379896510305827828e+00 5.650016795803472633e+03
4.918782284360067024e+03 8.337776928382889309e+03 3.418994644022822285e+03 2.549466233186116870e+00 3.077697945337590113e+00 9.128194261844373614e+03
6.436237176364799780e+03 1.209779310036839161e+04 5.661555924003591826e+03 2.520779640726478199e+00 -8.472807040065327699e-01 1.287963628154232538e+04
6.854987410677435037e+03 1.424935749668533572e+04 7.394370086007900682e+03 2.417371314786358028e+00 -1.487492485636965123e+00 1.493184225202430389e+04
6.977611352953227652e+03 1.548218671453408206e+04 8.504575361580853496e+03 2.584245500373036908e+00 -8.407912097343088753e-01 1.617906636415009962e+04
