5.251697623686382030e+02 3.036194933479620158e+04 2.983677957242756383e+04 2.604397061738401131e+00 -1.480043108482181013e+00 3.135740312848184112e+04
5.251394003498432994e+02 3.036635029332912745e+04 2.984121089297928484e+04 2.458424202945745929e+00 -4.594922802969017539e+01 3.148931258137711484e+04
5.251381147596727033e+02 3.036728273473602894e+04 2.984214461997635590e+04 2.565459854402259321e+00 -1.480043108482156811e+00 3.151726054655897678e+04
5.251908408315226779e+02 3.036319129826154312e+04 2.983800045743002192e+04 2.627068654981902895e+00 -4.469136219256747466e+01 3.139462836475890799e+04
5.251835823204022518e+02 3.036990507600442288e+04 2.984472149368402097e+04 2.363943433917549353e+00 -3.178627700981878590e+01 3.159585969708224366e+04
5.251874383117819889e+02 3.036494378677146597e+04 2.983975634845968307e+04 2.473745365739088431e+00 -1.142775538417200698e+00 3.144715553349370384e+04
5.251847710617375924e+02 3.036875297904320905e+04 2.984356820798147237e+04 2.549796821142510161e+00 -2.114115706328660860e+00 3.156132992664495032e+04
5.252242952156043430e+02 3.036798286307976377e+04 2.984275856786415898e+04 2.436272322463743922e+00 -4.628057827424644444e+01 3.153829038980647965e+04
5.251798824559607510e+02 3.036545864113748394e+04 2.984027875868152478e+04 2.571245273341920434e+00 -2.114115706328648869e+00 3.146302634511767974e+04
5.252018380151217798e+02 3.036716944794109804e+04 2.984196760992597774e+04 2.583824981609784466e+00 -4.423193057393014982e+01 3.152185458284492051e+04
6.905050889933041617e+03 1.798581074811441067e+04 1.108075985818136905e+04 2.385015628312404434e+00 1.388941338934154501e+00 1.896022987438365817e+04
4.378742009081171091e+03 7.458875701747232597e+03 3.080133692666061506e+03 2.426267680175195007e+00 2.472898831528814956e+00 8.225306882641059929e+03
1.546978392635150612e+03 3.490985399342146593e+03 1.944007006706995980e+03 2.342436051366513450e+00 1.713976035929884345e+00 4.167858613170984427e+03
4.739299664992999510e+02 2.291967582422482337e+03 1.818037615923182329e+03 2.099932781803112380e+00 1.034432184573201630e+00 2.998060695379330355e+03
3.372395953418807153e+02 2.123241196676502568e+03 1.786001601334621910e+03 1.149609734278899120e+00 1.418743677884387822e+00 2.751165569971016794e+03
3.394369290674644049e+02 2.131686689688870501e+03 1.792249760621406040e+03 1.250242545003747097e+00 1.084237360219182156e+00 2.782755164671566945e+03
3.362306304654369455e+02 2.122543981844429709e+03 1.786313351378992820e+03 1.151302062412103089e+00 1.354120877807454493e+00 2.777411273271279697e+03
3.390779123720234907e+02 2.140834654408214647e+03 1.801756742036191099e+03 1.147575155715377049e+00 1.004125756672122671e+00 2.814129306423923026e+03
3.378656726810954183e+02 2.139546866795667029e+03 1.801681194114571554e+03 1.190570749543977902e+00 1.206149134361397257e+00 2.821124430189582654e+03
3.378177878494602737e+02 2.145447843529962029e+03 1.807630055680501755e+03 1.195683689786918968e+00 9.050266955092393095e-01 2.810937105977761803e+03
3.365714707188218995e+02 2.129898899526431251e+03 1.793327428807609294e+03 1.197434092059856292e+00 1.383914679049777163e+00 2.839254066251100539e+03
3.417750342664043615e+02 2.135916759192298741e+03 1.794141724925894323e+03 1.446215074573940162e+00 9.798334128515643338e-01 2.808541428447842463e+03
3.940189288478435969e+02 2.204420819099135770e+03 1.810401890251292116e+03 1.255433229060562539e+00 7.643869413163223436e-01 2.866665806243860061e+03
5.225590724758199030e+02 2.327502030265908616e+03 1.804942957790088712e+03 1.941506774823181347e+00 1.223897725302627082e+00 3.015108562541894571e+03
1.271048032093707889e+03 3.168145749285426518e+03 1.897097717191718630e+03 2.217070855874559321e+00 1.453742116282382035e+00 3.975136144429908654e+03
2.787409411485389228e+03 5.009967854509922290e+03 2.222558443024533062e+03 2.509206122465085453e+00 2.654066521984147276e+00 5.899031714879051833e+03
5.258070141508757843e+03 9.010369910001121752e+03 3.752299768492363910e+03 2.530233077569890021e+00 2.936695745620068632e+00 9.825585021717417476e+03
6.370861993612973492e+03 1.189701566346481923e+04 5.526153669851845734e+03 2.505223839364076444e+00 -2.778721094408390102e-01 1.273034675738709484e+04
6.858134146610777861e+03 1.422763562233794073e+04 7.369501475727162870e+03 2.500270164068541856e+00 -1.756333150893676587e+00 1.484651049530245473e+04
6.925868186390642222e+03 1.482732961286914178e+04 7.901461426478499561e+03 2.434853398372633482e+00 -1.266975141113123149e+00 1.567268776708243422e+04
