5.252118730646963058e+02 3.037020549951239809e+04 2.984499362644770008e+04 2.613459354116800082e+00 -2.114115706328659972e+00 3.160486425827673520e+04
5.251636391516169624e+02 3.036251302064215633e+04 2.983734938149053778e+04 2.518812348082564156e+00 -1.480043108482165026e+00 3.137429842322324475e+04
5.251127182025487627e+02 3.036646207805741869e+04 2.984134935985487027e+04 2.517594505075547495e+00 -1.480043108482198333e+00 3.149266309291835205e+04
5.251405085977010003e+02 3.036698855535393523e+04 2.984184804675623309e+04 2.427931922383821828e+00 7.999047974057763577e-01 3.150844313983814573e+04
5.250810400603564858e+02 3.036988889914793981e+04 2.984480785908758480e+04 2.431147320381092047e+00 7.999047974057980070e-01 3.159537482991835350e+04
5.251759739778370886e+02 3.036339296782397287e+04 2.983821699384613748e+04 2.546150687657199096e+00 -1.480043108482174796e+00 3.140067300526591862e+04
5.251663272078120599e+02 3.036944252540605157e+04 2.984427619819824031e+04 2.431269581882721909e+00 -1.468521675688827299e+00 3.158199762691290380e+04
5.251770026428907840e+02 3.036222451750248001e+04 2.983704751485959059e+04 2.536018815067955678e+00 -1.480043108482173464e+00 3.136569658285704645e+04
5.251639822904973016e+02 3.036835194900132046e+04 2.984318796671082237e+04 2.447752636194488129e+00 -1.480043108482122172e+00 3.154975116848103789e+04
5.252034838062413655e+02 3.036447471263033367e+04 2.983927122882409094e+04 2.703818933295123461e+00 -1.480043108482177017e+00 3.144102174813936654e+04
6.908455998124530197e+03 1.794574102652194051e+04 1.103728502839741122e+04 2.493834542511846664e+00 1.753572509430895154e+00 1.885642352170346203e+04
4.252927436251681684e+03 7.224591022404507385e+03 2.971663586152825701e+03 2.352795449360163715e+00 2.542996218967589872e+00 7.953427429913245760e+03
1.341071790848125829e+03 3.251335820622440679e+03 1.910264029774314849e+03 2.189218499796109274e+00 1.380283262285216805e+00 3.914312512642492038e+03
3.961097396991447681e+02 2.204182128972170631e+03 1.808072389273025919e+03 1.822136171311079522e+00 8.554063394544355603e-01 2.922811839433957630e+03
3.533138036264242601e+02 2.151422229984502337e+03 1.798108426358078077e+03 1.440562885828338580e+00 9.480979493532263325e-01 2.819340150195202114e+03
3.404875668735841145e+02 2.141408703072827393e+03 1.800921136199243392e+03 1.244200811090683034e+00 9.821288557784652040e-01 2.823754790400982074e+03
3.386099138654191165e+02 2.133886795378279203e+03 1.795276881512860200e+03 1.107085315606911147e+00 1.194100553599647840e+00 2.810692072056514917e+03
3.390771894157481370e+02 2.141083267453416283e+03 1.802006078037668203e+03 1.192154708978726108e+00 1.027830633920427728e+00 2.818455307566463034e+03
3.399016703426369759e+02 2.142290672034659110e+03 1.802389001692022248e+03 1.246826832213008274e+00 9.866053391158106090e-01 2.821521611332334487e+03
3.423915106010188083e+02 2.137956189002007250e+03 1.795564678400988441e+03 1.441345220566620400e+00 1.223347818727622771e+00 2.810472518665175812e+03
3.409525739135339109e+02 2.131906882822963780e+03 1.790954308909429983e+03 1.263063731101033760e+00 1.179416102027501356e+00 2.799628412396911699e+03
3.417299369686817272e+02 2.147017378001189627e+03 1.805287441032508013e+03 1.361154223923713547e+00 1.041287527607805741e+00 2.846523881452727892e+03
3.921656423173715211e+02 2.189641082579695649e+03 1.797475440262324128e+03 1.385610768094224676e+00 1.195541955052316752e+00 2.861205288957892208e+03
5.515498368907524309e+02 2.357607135911854130e+03 1.806057299021101699e+03 1.722328604289276699e+00 1.273972755971368498e+00 3.047928888486108917e+03
1.364150828342703335e+03 3.258430954526179903e+03 1.894280126183476568e+03 2.246677162567163322e+00 1.894285699571618631e+00 4.036238989387267338e+03
2.780564241646854043e+03 4.993275703108803100e+03 2.212711461461949057e+03 2.476188014062767451e+00 2.806384710293466256e+00 5.785768000497642788e+03
5.349583965385065312e+03 9.200737429997947402e+03 3.851153464612882090e+03 2.300298708301077966e+00 3.041551736324653366e+00 1.008726799838906118e+04
6.515841676557001847e+03 1.242356413740885728e+04 5.907722460851855431e+03 2.427443016248919339e+00 -1.473402089989280128e+00 1.322652810045789556e+04
6.835517607909473554e+03 1.411036615502384484e+04 7.274848547114371286e+03 2.565387724246869894e+00 -1.039737499068611903e+00 1.486242165438806842e+04
6.905791361889377185e+03 1.465995043750166587e+04 7.754159075612288689e+03 2.440507316208503585e+00 -1.191139712443430865e+00 1.547557112463639714e+04
