5.251958124594069659e+02 3.036486211230927074e+04 2.983966629984986503e+04 2.625243583944877557e+00 -1.898917696115397957e+00 3.144470749303777484e+04
5.251728741196975534e+02 3.036686623613796473e+04 2.984169336201826809e+04 2.524218241774209837e+00 -2.114115706328657307e+00 3.150477687924216661e+04
5.251989880859034656e+02 3.036635629852120110e+04 2.984115731043529740e+04 2.537539159133824551e+00 1.445498828045636008e+00 3.148949257434617175e+04
5.251687291769494550e+02 3.036578840107896031e+04 2.984061967190201176e+04 2.404364948586675599e+00 -1.480043108482181013e+00 3.147247104589242372e+04
5.252010834524395477e+02 3.036645986143196569e+04 2.984125877797952489e+04 2.519392282416830664e+00 -1.480043108482204772e+00 3.149259665428158769e+04
5.251577081637243509e+02 3.036819136498522857e+04 2.984303365682150252e+04 2.683748676865729266e+00 -2.114115706328661748e+00 3.154449484317387760e+04
5.251530419864142232e+02 3.037079560117121946e+04 2.984564255918480558e+04 2.594336897096456873e+00 -2.114115706328675515e+00 3.162255321414650825e+04
5.252579026065458265e+02 3.036560737258275913e+04 2.984034946997621228e+04 2.525081622562774797e+00 -7.162199955884291924e-01 3.146709006305486400e+04
5.251297956912717382e+02 3.036384181098163026e+04 2.983871201529035898e+04 2.541536448272075699e+00 -3.239184191603449392e+00 3.141456828541299183e+04
5.251741826730650473e+02 3.036340873778280002e+04 2.983823455510973508e+04 2.446805332318503279e+00 -1.480043108482159253e+00 3.140951635291744242e+04
6.916663438979927378e+03 1.783647710194913816e+04 1.091981366296921078e+04 2.401936044343654597e+00 1.749775028736988203e+00 1.879655071155525002e+04
4.362242884688773302e+03 7.418618501287850449e+03 3.056375616599077148e+03 2.345865409054667783e+00 2.516186953381450930e+00 8.110748533105614115e+03
1.562001490351085749e+03 3.515526787384334511e+03 1.953525297033248762e+03 2.051529545911157104e+00 1.368007830585260542e+00 4.241388193511133068e+03
4.461296350485229709e+02 2.248908069272632474e+03 1.802778434224109560e+03 2.218300056345707816e+00 1.201728561234333581e+00 2.903899929383237122e+03
3.544520837724290345e+02 2.155246285021832591e+03 1.800794201249403613e+03 1.871518771082438137e+00 1.035688175633263874e+00 2.844439821029214272e+03
3.358300986209947609e+02 2.126366457126302976e+03 1.790536358505308272e+03 1.152656213254131368e+00 1.081420902706041076e+00 2.749966806827498203e+03
3.389120631458469006e+02 2.135790981747181377e+03 1.796878918601334590e+03 1.071798527004557355e+00 1.092179246332690035e+00 2.813581167808854843e+03
3.358139775756043264e+02 2.129273113597622341e+03 1.793459136022017901e+03 1.265332296390720090e+00 1.114554103466245616e+00 2.802923205401542418e+03
3.412421537728102408e+02 2.143736590502042873e+03 1.802494436729232575e+03 1.168321745979050030e+00 8.457865754586008089e-01 2.824461859418165659e+03
3.368372294402973353e+02 2.129318044304775412e+03 1.792480814864478134e+03 1.063314414330646995e+00 1.100125022026936517e+00 2.778299367111221727e+03
3.388258907462936236e+02 2.141979690705636131e+03 1.803153799959342450e+03 1.155020550843352867e+00 8.993779696931087919e-01 2.808612188420720031e+03
3.441021185421718087e+02 2.150376164684637843e+03 1.806274046142465977e+03 1.123221155260600179e+00 1.205726016162503855e+00 2.864562162565985545e+03
3.779652415337189950e+02 2.180020910033743803e+03 1.802055668500024694e+03 1.421966766085535072e+00 1.128534737650950914e+00 2.877511828756860268e+03
4.965696407378017057e+02 2.304351351815036651e+03 1.807781711077234831e+03 1.879998115816693849e+00 1.104097572645943659e+00 2.992859089738818057e+03
1.194184338430860635e+03 3.071149165200375137e+03 1.876964826769514502e+03 2.249983284978406939e+00 1.713904207106405009e+00 3.829602432170187058e+03
2.973515027078582534e+03 5.263422812065632570e+03 2.289907784987050036e+03 2.264156483272639075e+00 2.338582524889750047e+00 6.112112530725881697e+03
5.096353610179970929e+03 8.676291760777348827e+03 3.579938150597377899e+03 2.731543737055129650e+00 3.126374325752085070e+00 9.486712296996980513e+03
6.382774849811024978e+03 1.193991754124949148e+04 5.557142691438466500e+03 2.426761218150262689e+00 -2.146993907905366539e-01 1.272740022361000229e+04
6.815819524441496469e+03 1.390974601000226176e+04 7.093926485560765286e+03 2.497446517867915272e+00 -1.445957065276394005e+00 1.466150564589346868e+04
6.959760944159102110e+03 1.531026724746237960e+04 8.350506303303278401e+03 2.519329030519009915e+00 -5.190710285870882013e-01 1.607978729806991214e+04
