5.251865813827733973e+02 3.036967031685720940e+04 2.984448373547443771e+04 2.553614680633548684e+00 -2.114115706328673294e+00 3.158882328658243932e+04
5.251795249852664256e+02 3.036839332369922340e+04 2.984321379871395766e+04 2.509731021741181678e+00 -1.518204716095104345e+01 3.155054810912788889e+04
5.251467454340651102e+02 3.036587436547628749e+04 2.984072762004222386e+04 2.604158246875021288e+00 -2.114115706328662636e+00 3.147504764744985732e+04
5.251570555236166911e+02 3.036458171224961916e+04 2.983942465672600156e+04 2.442974082037280947e+00 -1.480043108482174796e+00 3.143630309245546232e+04
5.252112803011416418e+02 3.036823142457259382e+04 2.984302014427145332e+04 2.427664197133703627e+00 -1.480043108482166581e+00 3.154569552419634783e+04
5.251301041732517660e+02 3.036459236103170042e+04 2.983946225685844911e+04 2.574574192033576736e+00 -2.114115706328652866e+00 3.143662228836522991e+04
5.251547630733711003e+02 3.036686207603414005e+04 2.984170731296077065e+04 2.496236926648917720e+00 -5.048624629728737379e-01 3.150465409024335531e+04
5.252480432333826457e+02 3.036735747820910547e+04 2.984210943497572225e+04 2.593575596453580712e+00 -1.480043108482185232e+00 3.151954569869518673e+04
5.251714521092276300e+02 3.036212568295344317e+04 2.983695423084421418e+04 2.617376220352012783e+00 -1.480043108482135272e+00 3.136312992196872074e+04
5.251462702458300100e+02 3.036079520696362670e+04 2.983564893671779646e+04 2.710816923827184866e+00 -4.452143719112515896e+01 3.133104107649312937e+04
6.861266581735202635e+03 1.834944564472564161e+04 1.148817906299043898e+04 2.408585724151095953e+00 1.354823912626095250e+00 1.936180735589421602e+04
4.412414126566982304e+03 7.502659256973346601e+03 3.090245130406364297e+03 2.313387303692024499e+00 2.328620258715011992e+00 8.185739663293950798e+03
1.583829382862893681e+03 3.538420729112357549e+03 1.954591346249463868e+03 2.369983878250747633e+00 1.671831657248072256e+00 4.301393826841834198e+03
4.930346300808055844e+02 2.284301335187935365e+03 1.791266705107129837e+03 2.031825077032030968e+00 1.528209456832393398e+00 2.949564608457277245e+03
3.631852725315174553e+02 2.163859798313064857e+03 1.800674525781547345e+03 1.946338414657080351e+00 1.156846521811201844e+00 2.813760430593983074e+03
3.381615482085781537e+02 2.130276557137040072e+03 1.792115008928461975e+03 1.337835836143926871e+00 9.645457341683979502e-01 2.766578035919573722e+03
3.382010046446926026e+02 2.135182466647413548e+03 1.796981462002720946e+03 1.071193718195651234e+00 1.240523462305800573e+00 2.809544604480799080e+03
3.394556258857022044e+02 2.116231921348087781e+03 1.776776295462385633e+03 1.606565142759124099e+00 1.644134837655216730e+00 2.763855874348813813e+03
3.378759697451523039e+02 2.135630963025145320e+03 1.797754993279992959e+03 1.579568503557334358e+00 1.355228392698991202e+00 2.837371030546731163e+03
3.359154246692165771e+02 2.128398762020237427e+03 1.792483337351020964e+03 1.945040330041097887e+00 1.087078702338656111e+00 2.769342518472212760e+03
3.392593335311851774e+02 2.140908457769516644e+03 1.801649124238331524e+03 1.168780561304250565e+00 1.147186367504144044e+00 2.822943289623889996e+03
3.391448656232529402e+02 2.131042205637749703e+03 1.791897340014496876e+03 1.195803274843724617e+00 1.278285483963256919e+00 2.796112328176462597e+03
3.780155113391473947e+02 2.168833520295634116e+03 1.790818008956486665e+03 1.452849127100180660e+00 1.211421437180643101e+00 2.815638168512495213e+03
5.504750086747631030e+02 2.360224011888652512e+03 1.809749003213889409e+03 1.834172023067970558e+00 1.085763441791220307e+00 3.091891167848952136e+03
1.218994232347599336e+03 3.094403717652281102e+03 1.875409485304681766e+03 2.288297234161907223e+00 1.626831404844182538e+00 3.848664744188211898e+03
2.993808889709994219e+03 5.296946992492622485e+03 2.303138102782628266e+03 2.335119420628408715e+00 2.341281379100025095e+00 6.164938116015327978e+03
5.029355840953656298e+03 8.553195423043191113e+03 3.523839582089534815e+03 2.418158123711508622e+00 3.149826541003555747e+00 9.442629438173940798e+03
6.346211760409719318e+03 1.177990311162086618e+04 5.433691351211146866e+03 2.337780598083838868e+00 -1.146139891130652400e+00 1.253686118465684376e+04
6.822855335751059101e+03 1.399687412443358335e+04 7.174018788682524246e+03 2.332761181356509894e+00 -1.406956475744956636e+00 1.464664595796583671e+04
6.958868126661714086e+03 1.528112121626006228e+04 8.322253089598347287e+03 2.538506802583386790e+00 -8.808557255652725848e-01 1.600780378282666243e+04
