5.252113265460568527e+02 3.036664280904846964e+04 2.984143148250241211e+04 2.374958438651257442e+00 -1.714353705057030941e-01 3.149808012331528516e+04
5.250366007502121874e+02 3.036384619573353120e+04 2.983880959498331868e+04 2.619385607919989312e+00 -4.469136219256746045e+01 3.141425753567259017e+04
5.252327239973407131e+02 3.036691764106405390e+04 2.984168491706671193e+04 2.451391375258616723e+00 -4.432359958976343961e+01 3.150631763351419067e+04
5.251365102517365813e+02 3.036849801317325182e+04 2.984336150292151433e+04 2.399232679513081390e+00 -4.622991057643142909e+01 3.155368595537892179e+04
5.251890021397272221e+02 3.036802035583529141e+04 2.984283135369556476e+04 2.502414341851343149e+00 -4.452143719112515186e+01 3.153936918382370277e+04
5.251722805251298496e+02 3.036719811847537130e+04 2.984202583795024111e+04 2.475441340865366158e+00 -1.142775538417204029e+00 3.151472437337512383e+04
5.251862915805538705e+02 3.036583700653953929e+04 2.984065071495898519e+04 2.741112030962700175e+00 -2.114115706328677291e+00 3.147392977074057490e+04
5.251613464632565638e+02 3.036070501666550626e+04 2.983554367020224890e+04 2.582202031343462156e+00 -1.480043108482181013e+00 3.132015240142423499e+04
5.252399897608303263e+02 3.036857396356319441e+04 2.984333397380236420e+04 2.428627138574432465e+00 -2.114115706328661304e+00 3.155640438329021345e+04
5.252001627613026358e+02 3.036758705353420373e+04 2.984238689077290110e+04 2.506954391677611582e+00 -4.486414544288725637e+01 3.153443886281161031e+04
6.911458348917173680e+03 1.780695588229276473e+04 1.089549753337559014e+04 2.654141434986333703e+00 1.951587291759527387e+00 1.881385409599804552e+04
4.054461582827821985e+03 6.903261872025392222e+03 2.848800289197570237e+03 2.320900511247537157e+00 2.329067685290989953e+00 7.635977505075551562e+03
1.231361201982708053e+03 3.131220436652639819e+03 1.899859234669931766e+03 2.236652768870200703e+00 1.377068375364931541e+00 3.854535801749726943e+03
5.376209110745591033e+02 2.355352094652670985e+03 1.817731183578111995e+03 1.942410850333204708e+00 9.962057824428617314e-01 3.044832294625680788e+03
4.012891947861574522e+02 2.197398602460089933e+03 1.796109407673932537e+03 2.585810822907792517e+00 1.165798228359568478e+00 2.834535845684314154e+03
3.389668420635551342e+02 2.138357337972939604e+03 1.799390495909384526e+03 1.309853276680744250e+00 1.101873933502590219e+00 2.824697196582457309e+03
3.389964581947972988e+02 2.145316039907952472e+03 1.806319581713155230e+03 1.294719466465904079e+00 9.923694198933376009e-01 2.842485524608970536e+03
3.399163125575993831e+02 2.138730861109029775e+03 1.798814548551430335e+03 1.071737140044727754e+00 9.817310839723081273e-01 2.826237881590820052e+03
3.394824492384350378e+02 2.133145061341416749e+03 1.793662612102981711e+03 9.592971857295951033e-01 1.031170903821451157e+00 2.795689289395570540e+03
3.405536186467383004e+02 2.141092377910946198e+03 1.800538759264207783e+03 1.242784484349088281e+00 1.226034966368520829e+00 2.844433658912115789e+03
3.337840292521671586e+02 2.123963347335381059e+03 1.790179318083213957e+03 1.263163325902393552e+00 1.302587206380513285e+00 2.767490906088106385e+03
3.550870684930361563e+02 2.154103445552256744e+03 1.799016377059220531e+03 1.277885250434564579e+00 1.268434278399098503e+00 2.855327279040894155e+03
3.669270872201852285e+02 2.171581907360611694e+03 1.804654820140426409e+03 1.721815975301167478e+00 1.146742168194388789e+00 2.871373617051754991e+03
6.000835982037457370e+02 2.398796355655006664e+03 1.798712757451261041e+03 2.062147052831817984e+00 1.626022068925805142e+00 3.087565771747394137e+03
1.044753949780129915e+03 2.911517522799931157e+03 1.866763573019801242e+03 2.341607431899261460e+00 1.341470985391336024e+00 3.693131937941077013e+03
2.994052571012806311e+03 5.277340549227030351e+03 2.283287978214224040e+03 2.226336000287925998e+00 2.528883606164873843e+00 6.067575076701949911e+03
5.140787437109178427e+03 8.777215077676339206e+03 3.636427640567160779e+03 2.589227883589724666e+00 3.046932232260029849e+00 9.642139211235440598e+03
6.389821221943167984e+03 1.199271596016902367e+04 5.602894738225855690e+03 2.399080893937850512e+00 -8.220141650261368893e-01 1.276761754636957085e+04
6.763636991952761491e+03 1.362933987574492312e+04 6.865702883792161629e+03 2.411670546459400821e+00 -1.605353480893388918e+00 1.446037770764522611e+04
6.965077524880531200e+03 1.531837272786469111e+04 8.353295202984159914e+03 2.500783696144353030e+00 -1.045637724556706116e+00 1.606563712774425767e+04
