5.251608532113377805e+02 3.036417227744774573e+04 2.983901142423640704e+04 2.588966470952215548e+00 -4.427776508184681603e+01 3.142403114753545742e+04
5.252042715087626448e+02 3.036506516132495744e+04 2.983986088981619469e+04 2.599832369140822497e+00 -1.480043108482177017e+00 3.145079345916941020e+04
5.251055680616407244e+02 3.037188250129050357e+04 2.984677693322886262e+04 2.533050478643944725e+00 -1.683719685902126173e+00 3.165512885072506833e+04
5.251830394364590120e+02 3.036756781559072988e+04 2.984238477615427109e+04 2.370049477711388963e+00 -1.468521675688831296e+00 3.152580524410359430e+04
5.251354964383846209e+02 3.037003261640112760e+04 2.984489711996274127e+04 2.525391723155034018e+00 -1.673976768990293706e+01 3.159968245156343983e+04
5.251862190760950853e+02 3.036400432286872092e+04 2.983881810379262606e+04 2.531123884371520916e+00 -1.480043108482174796e+00 3.141899708382663084e+04
5.251439508430463547e+02 3.036498700234203716e+04 2.983984305149899228e+04 2.529410926603149701e+00 -4.452143719112515186e+01 3.144845270338813498e+04
5.251681331243415798e+02 3.036779430660909202e+04 2.984262617348475032e+04 2.497307596015521103e+00 -2.114115706328663524e+00 3.153263868764408835e+04
5.252138402694794195e+02 3.036150999815139585e+04 2.983629615788191586e+04 2.507230955414516682e+00 -1.480043108482192338e+00 3.134467557147542902e+04
5.251467664837861093e+02 3.036842096503299399e+04 2.984327419854920663e+04 2.615552912770287008e+00 -1.468521675688830852e+00 3.155942107463300999e+04
6.950626838222592596e+03 1.752352069500826110e+04 1.057289385678566759e+04 2.540611285857875767e+00 2.179648477347416957e+00 1.846291426761591356e+04
4.364663752173906687e+03 7.418437674538835381e+03 3.053773922364928694e+03 2.593194585501095606e+00 2.345702624727608931e+00 8.161775716855704559e+03
1.547460212300550438e+03 3.487414941867351899e+03 1.939954729566801461e+03 2.247227688593932626e+00 1.719796886516345324e+00 4.161259079546738576e+03
5.594234252233655980e+02 2.363279712885622303e+03 1.803856287662256818e+03 2.078851106002354676e+00 1.385373721319961504e+00 3.008228992107555769e+03
3.504074303340383949e+02 2.141105338027995913e+03 1.790697907693957404e+03 1.445070968027002856e+00 1.280411608295571435e+00 2.810389789363719956e+03
3.437198854531433199e+02 2.145640970480772921e+03 1.801921085027629488e+03 1.221446842045012859e+00 1.012021386723541916e+00 2.830915752526347660e+03
3.398667628261499090e+02 2.132664471527669320e+03 1.792797708701519468e+03 1.158000450306545526e+00 1.240848778561483456e+00 2.809844222852572784e+03
3.387662618674548867e+02 2.136304747756061715e+03 1.797538485888606829e+03 1.410549885125591318e+00 1.045973580255291857e+00 2.804053072195066761e+03
3.361350843083105246e+02 2.129277312539634750e+03 1.793142228231324225e+03 1.279821857927794682e+00 1.030229774302488188e+00 2.824181022383632353e+03
3.418071568256933119e+02 2.139326070492316376e+03 1.797518913666623121e+03 1.357377309665884324e+00 1.087370395805553835e+00 2.806393215639078790e+03
3.388577698958150108e+02 2.131583010918582204e+03 1.792725241022767250e+03 1.793966296104727354e+00 1.097349962484180486e+00 2.789999308842032406e+03
3.355893226722236022e+02 2.126664562504734931e+03 1.791075239832511215e+03 1.288317710238662483e+00 1.464401511831351810e+00 2.780509334683698398e+03
3.674688808814300387e+02 2.158376432395554730e+03 1.790907551514124634e+03 2.058084058789963589e+00 1.176012017074963723e+00 2.825926108913316511e+03
5.746766180521327669e+02 2.390765096600327524e+03 1.816088478548194871e+03 2.047005265531038010e+00 1.320146963217236236e+00 3.108999075495828038e+03
1.180928613551892568e+03 3.050821952690525904e+03 1.869893339138633337e+03 2.187150496193696725e+00 1.735229549043479702e+00 3.799015865919712269e+03
3.415174414262624396e+03 5.876437359507740439e+03 2.461262945245116043e+03 2.400254423643634727e+00 2.708689361484141855e+00 6.778015037177603517e+03
5.260098632646877377e+03 9.013952024076097587e+03 3.753853391429220210e+03 2.388501805075165851e+00 3.098706713655125622e+00 9.854737487537688139e+03
6.609102335266090449e+03 1.279790497463178690e+04 6.188802639365696450e+03 2.480291568939264835e+00 -9.381890324371554568e-01 1.351933675981614579e+04
6.912660290030318720e+03 1.472201516926827207e+04 7.809354879237953355e+03 2.439605391748397079e+00 -7.431477859955455401e-01 1.552294692972612756e+04
6.938019195288430637e+03 1.494586641208914261e+04 8.007847216800711976e+03 2.508155612329023398e+00 -7.826663476731793301e-01 1.568124313040586640e+04
