5.251481073732855975e+02 3.036623820954188704e+04 2.984109010216860042e+04 2.516769835448856352e+00 -2.114115706328654198e+00 3.148595310617640644e+04
5.251387722283251378e+02 3.036823543580952173e+04 2.984309666358119648e+04 2.597392271578434997e+00 -2.066423469522588263e+00 3.154581575252667244e+04
5.251397126827552029e+02 3.036839895285113016e+04 2.984325924016837598e+04 2.631350192467768689e+00 1.230300817832347571e+00 3.155071683108711295e+04
5.251914327785963224e+02 3.036476041221796550e+04 2.983956897943936929e+04 2.510645668346452641e+00 7.999047974057806876e-01 3.144165924722919226e+04
5.251670792488729376e+02 3.036501410786606721e+04 2.983984702861719416e+04 2.550527213366221346e+00 -3.145708868931049196e+01 3.144926323942158706e+04
5.252888347457709415e+02 3.036703904590717866e+04 2.984175021116140852e+04 2.602572589745629106e+00 -2.114115706328671518e+00 3.150995650864303025e+04
5.251763174355180581e+02 3.036655772827397595e+04 2.984138141083845767e+04 2.497759417023865058e+00 -5.048624629729033808e-01 3.149553190189138331e+04
5.251636485984049614e+02 3.036625872164989778e+04 2.984109507305149236e+04 2.452867879171629628e+00 -1.480043108482181013e+00 3.148661277278693524e+04
5.251839363148296798e+02 3.037017013244871850e+04 2.984498619613389019e+04 2.497061526843722845e+00 -1.480043108482181013e+00 3.160424859593539077e+04
5.251458007212016810e+02 3.036882440390791453e+04 2.984367860318671228e+04 2.560137454232288334e+00 7.999047974057938992e-01 3.157149935869270485e+04
6.875748465042596763e+03 1.816549492252562413e+04 1.128974645748302646e+04 2.309431736766108134e+00 1.899779692125032282e+00 1.909080036275646853e+04
4.452680493317526270e+03 7.576224811388165108e+03 3.123544318070638838e+03 2.363490082633620926e+00 2.417316251260569704e+00 8.243586075410632475e+03
1.477357986855239460e+03 3.413249758305246814e+03 1.935891771450007354e+03 2.098368668141818105e+00 1.724649170150257760e+00 4.146090174813110025e+03
4.706874641019926457e+02 2.274894340722009474e+03 1.804206876620016828e+03 1.907367670959215999e+00 1.268973402979138632e+00 2.954281490903999838e+03
3.814780641481638668e+02 2.183053949174941408e+03 1.801575885026777541e+03 1.730701566312357054e+00 1.318335943851487668e+00 2.865942022874742634e+03
3.393808767609106667e+02 2.146515075876745414e+03 1.807134199115834690e+03 1.349218777468733199e+00 8.601926603034483199e-01 2.821337480814694572e+03
3.395601370371012422e+02 2.131234831780909644e+03 1.791674694743808459e+03 1.093496674650591194e+00 1.325473019621797865e+00 2.786891397059411247e+03
3.398760578539824451e+02 2.135794372998393555e+03 1.795918315144411054e+03 1.348111572214874210e+00 1.111511787344775515e+00 2.798098015337311153e+03
3.399648168427598875e+02 2.132710833556885973e+03 1.792746016714126199e+03 1.107416767152707537e+00 1.407486252308658869e+00 2.820296222597618453e+03
3.377873520185846701e+02 2.131385362459247972e+03 1.793598010440663302e+03 8.997590439507167082e-01 1.370559972517183089e+00 2.823497477349106703e+03
3.359979383691465387e+02 2.124605094206785907e+03 1.788607155837639311e+03 1.085411790447698310e+00 1.460530467607997984e+00 2.772874103573408775e+03
3.526171811415741786e+02 2.152643003932047577e+03 1.800025822790473285e+03 1.099213943444933506e+00 1.087383798159939019e+00 2.825484589394744035e+03
3.786980351655456616e+02 2.173626076418788216e+03 1.794928041253242554e+03 1.251983109470476974e+00 1.065492833910722581e+00 2.813675914381975417e+03
5.095293601354204043e+02 2.319001106078479552e+03 1.809471745943059204e+03 1.915843208730698910e+00 1.258737585871893438e+00 3.041863947420073600e+03
1.093184520744743850e+03 2.956435110856572464e+03 1.863250590111828615e+03 2.030481223493643572e+00 1.606010457758044296e+00 3.738677755701202841e+03
3.166116308838512396e+03 5.531876678605340203e+03 2.365760369766827807e+03 2.260997273806578889e+00 2.497256451089573392e+00 6.368239281785497042e+03
5.001284428390741596e+03 8.488600489290520272e+03 3.487316060899778677e+03 2.367434945911703892e+00 3.036800096990110998e+00 9.371711706929922002e+03
6.543167987350936528e+03 1.249540801376730997e+04 5.952240026416373439e+03 2.379309348564541793e+00 -7.289941028164403924e-01 1.330313712673966256e+04
6.832829830276351458e+03 1.405292527953884201e+04 7.220095449262490547e+03 2.450364327257345654e+00 -1.776053037312513183e+00 1.480941881694669974e+04
6.974820363710943639e+03 1.546155176795588523e+04 8.486731404244941587e+03 2.465648079695654360e+00 -1.241759931968065667e+00 1.625867060279104226e+04
