5.251751598164512416e+02 3.036899748703897421e+04 2.984382232722252229e+04 2.497709879111290832e+00 -4.452143719112515186e+01 3.156865663139797471e+04
5.252356262068385604e+02 3.036578315848543571e+04 2.984054753227859692e+04 2.604647900342649702e+00 -1.480043108482150593e+00 3.147231391020372394e+04
5.251387248004773483e+02 3.036471218493804554e+04 2.983957346013756978e+04 2.487207605024941426e+00 -1.480043108482150815e+00 3.144021373619848600e+04
5.251748295969423452e+02 3.036706851854251727e+04 2.984189368894557629e+04 2.652818235496140709e+00 -1.468521675688836625e+00 3.151083986782030843e+04
5.251488216031477805e+02 3.036458971726555319e+04 2.983944089566240655e+04 2.727088160732721978e+00 -1.480043108482189451e+00 3.143654302596890193e+04
5.251334180018475308e+02 3.036507488895244751e+04 2.983994147095060180e+04 2.465213379993532516e+00 7.999047974058269839e-01 3.145108504510869170e+04
5.251549575067978139e+02 3.036705412867654741e+04 2.984189917116974902e+04 2.650119332281847484e+00 -2.114115706328669297e+00 3.151041049779348759e+04
5.251594976617168413e+02 3.036494253663187192e+04 2.983978303897015576e+04 2.485673821039495746e+00 -1.480043108482173908e+00 3.144716313190208530e+04
5.251477153884347899e+02 3.036202368883907548e+04 2.983687597345064205e+04 2.604918328662010563e+00 -4.447076949331012230e+01 3.136007370403340610e+04
5.251207189938450028e+02 3.036766711308566300e+04 2.984254639409181982e+04 2.673811719061969683e+00 7.999047974058055566e-01 3.153711145328641214e+04
6.923780041524694752e+03 1.779386634258910635e+04 1.087008630106441160e+04 2.755188220716678682e+00 1.752688032471881874e+00 1.871649756459054333e+04
4.199699853633348539e+03 7.156580669724450672e+03 2.956880816091102133e+03 2.520194900419284512e+00 2.355917444309838960e+00 7.900750532016650141e+03
1.267326882598638804e+03 3.167311346353838871e+03 1.899984463755200068e+03 2.260648108808635204e+00 1.407662073834934136e+00 3.867687014337423989e+03
5.246531272341319436e+02 2.340591336273236266e+03 1.815938209039104322e+03 2.054751728911859754e+00 1.060292667716969062e+00 3.001830623929120065e+03
3.520731847836614747e+02 2.150972122716334979e+03 1.798898937932673562e+03 1.865842725606545072e+00 1.124166136772527302e+00 2.822309552790388352e+03
3.420875979364607247e+02 2.148288350272851858e+03 1.806200752336391133e+03 1.439967763190400207e+00 1.122598874305163585e+00 2.850917743836821501e+03
3.429859643198413437e+02 2.138456861956021839e+03 1.795470897636180553e+03 1.380091791452591643e+00 1.247925172497265311e+00 2.845719045266172088e+03
3.382526466001278322e+02 2.135645402015361924e+03 1.797392755415234205e+03 1.230621835016916243e+00 1.306629852596956409e+00 2.822782428814447485e+03
3.389838390267897239e+02 2.138063040717302556e+03 1.799079201690512946e+03 1.124977540746802118e+00 1.303124962926962338e+00 2.848376150341937773e+03
3.384268109631779566e+02 2.130999507283002458e+03 1.792572696319824445e+03 1.224780760795694867e+00 1.566757966165763349e+00 2.819535148881869645e+03
3.426757799390904324e+02 2.148001782821652796e+03 1.805326002882562307e+03 1.367219244850939042e+00 8.733677371847230475e-01 2.832312471098416609e+03
3.384258735585730165e+02 2.148165922711526946e+03 1.809740049152953816e+03 1.429799262635109924e+00 1.028243651758676824e+00 2.880192871325923079e+03
3.654083110479144807e+02 2.162597467342834989e+03 1.797189156294920394e+03 1.120113033450081064e+00 1.431499080456397621e+00 2.865137586955159350e+03
4.675216694310975072e+02 2.268540933478413535e+03 1.801019264047316028e+03 1.773580174361620188e+00 1.227373016728505517e+00 2.930506588622637992e+03
1.156553451057124221e+03 3.031883633996295885e+03 1.875330182939171664e+03 2.075529954674702804e+00 1.550981357965637075e+00 3.820532246187374767e+03
2.844914763871228843e+03 5.092798972416162542e+03 2.247884208544933699e+03 2.237928107650513976e+00 2.576632823734598787e+00 5.949340521535783409e+03
5.030592736563925428e+03 8.557266799500404886e+03 3.526674062936479459e+03 2.274265186275711503e+00 2.988850248326315295e+00 9.463682278020491140e+03
6.631567501328090657e+03 1.293845709956047358e+04 6.306889598232382923e+03 2.389016162066104343e+00 -1.348980676835594528e+00 1.371882209522242920e+04
6.775079657741028313e+03 1.374143452881137819e+04 6.966354871070349873e+03 2.453198937698033877e+00 -1.052002537509314939e+00 1.446706595900721368e+04
6.968141850002540195e+03 1.544992693369381595e+04 8.481785083691276668e+03 2.615999561595152567e+00 -1.183574101856321503e+00 1.616043909122652622e+04
