5.251404878562711929e+02 3.036581245648022377e+04 2.984067196862395213e+04 2.585089886059184217e+00 1.445498828045657547e+00 3.147319205582331415e+04
5.252142063572482584e+02 3.036130961719178595e+04 2.983609541083453951e+04 2.634672228977767094e+00 -1.480043108482181013e+00 3.133822894209230071e+04
5.251859502846799614e+02 3.036751332485478270e+04 2.984232737457010444e+04 2.591457523119000239e+00 -4.488400727050986916e+01 3.152417199918652477e+04
5.251537290021753961e+02 3.036163642553562386e+04 2.983648269653344687e+04 2.682213971548103704e+00 -5.010219853751289865e-01 3.134802433314525479e+04
5.251700545952500079e+02 3.036558125099791505e+04 2.984041119640266334e+04 2.655777969482976175e+00 -1.425654150095618888e+01 3.146626215901194519e+04
5.251426515273968789e+02 3.037263878452261633e+04 2.984749613299522025e+04 2.480911408025550102e+00 -1.480043108482181013e+00 3.167779686710403621e+04
5.252189496065662979e+02 3.036506494289811963e+04 2.983984599329155390e+04 2.443702631743386533e+00 -1.468521675688839734e+00 3.145078881475424350e+04
5.252210376103226963e+02 3.036497692133580495e+04 2.983975588372548373e+04 2.466151629864702599e+00 -1.142775538417190262e+00 3.144819386613115785e+04
5.251912282752988403e+02 3.036764511453869272e+04 2.984245388626339263e+04 2.620797372054651575e+00 7.999047974058113297e-01 3.152856363542003601e+04
5.251692503626836697e+02 3.036878628009649037e+04 2.984361702973380670e+04 2.543695353928380420e+00 -1.480043108482185232e+00 3.157033671444785432e+04
6.898875229315630349e+03 1.794249803996572155e+04 1.104362281065009120e+04 2.415533503687233630e+00 1.943158213117776256e+00 1.885670017589378403e+04
4.276511357557954398e+03 7.279683613452675672e+03 3.003172255894721275e+03 2.390712827574151600e+00 2.349609712140663831e+00 8.006707109151312579e+03
1.450559231740982796e+03 3.385544836685143764e+03 1.934985604944160968e+03 2.228313193838409756e+00 1.470461555778081575e+00 4.094366610867635245e+03
4.704346477906225346e+02 2.275666541863225575e+03 1.805231894072603154e+03 1.910164492791511570e+00 1.262570397907876174e+00 2.932243318303227625e+03
3.648344933037793112e+02 2.167251473404530770e+03 1.802416980100751516e+03 1.822146247394203611e+00 9.035447346255111034e-01 2.848540161637414712e+03
3.403577886570091664e+02 2.142973568067502129e+03 1.802615779410492905e+03 1.130494732642890687e+00 1.086942874391861880e+00 2.824192560582881015e+03
3.429827240730754738e+02 2.143060012980778538e+03 1.800077288907702950e+03 1.076409248058925572e+00 1.079012792774512342e+00 2.804529912055941622e+03
3.371116023712640981e+02 2.129094756496353057e+03 1.791983154125088959e+03 1.649928140905719376e+00 1.257637531130270103e+00 2.806305614969045564e+03
3.386474778109396766e+02 2.135654216252233709e+03 1.797006738441294146e+03 1.117575727301148847e+00 1.403845241418581580e+00 2.801834393489646573e+03
3.408618415221258715e+02 2.140316778210467874e+03 1.799454936688342059e+03 1.154863700579665586e+00 1.009213152495242349e+00 2.820196617607338794e+03
3.395936273109258536e+02 2.135152439206606687e+03 1.795558811895680719e+03 9.316815410322748514e-01 1.509405839907085323e+00 2.815263208117588420e+03
3.405055633968477196e+02 2.134013121106683229e+03 1.793507557709835510e+03 1.328547319848310204e+00 1.011912043457173338e+00 2.800513272002011490e+03
3.642231070187635851e+02 2.155792060638286785e+03 1.791568953619523199e+03 1.387429265997432326e+00 1.271101988921136128e+00 2.785411724441788920e+03
4.927005518284700543e+02 2.289461053097060358e+03 1.796760501268590360e+03 2.001173185033651603e+00 1.350192278610870877e+00 2.958647435121010858e+03
1.196290506296899366e+03 3.079289996205912757e+03 1.882999489909013391e+03 2.088560890252271651e+00 1.387342737364974044e+00 3.835301294191780471e+03
2.844768212727770333e+03 5.090623172567366964e+03 2.245854959839596631e+03 2.416905394705754606e+00 2.744250462209048447e+00 5.932172782646035557e+03
5.240008720678716600e+03 8.971644915816557841e+03 3.731636195137841241e+03 2.381191559090276133e+00 3.051307569910111539e+00 9.811794283149276453e+03
6.333421194430567084e+03 1.175790098004228275e+04 5.424479785611715670e+03 2.405302146239339578e+00 -1.002970752050178938e+00 1.252358477481529553e+04
6.830278435224723580e+03 1.408898892165265170e+04 7.258710486427928117e+03 2.365861935196034160e+00 -1.239415899947354349e+00 1.479928869971982567e+04
6.966501185305178296e+03 1.535851368653720419e+04 8.392012501232025897e+03 2.450774943723473154e+00 -5.368896454978613342e-01 1.602407293281203783e+04
