5.251830729009553806e+02 3.036941875923380940e+04 2.984423568633285322e+04 2.482513617861981992e+00 -1.480043108482145486e+00 3.158128337721122080e+04
5.251809440327355105e+02 3.036586565826118022e+04 2.984068471422844596e+04 2.544302416843640113e+00 -2.114115706328673294e+00 3.147478666703452473e+04
5.252649752278813367e+02 3.036761593644170716e+04 2.984235096121382594e+04 2.418814039555871265e+00 -1.480043108482206771e+00 3.152724756515231275e+04
5.252290048188975788e+02 3.036933836223322578e+04 2.984410935741432695e+04 2.417937788959891865e+00 -1.142775538417202474e+00 3.157887364663144399e+04
5.251742779844346387e+02 3.036550002991096335e+04 2.984032575192652803e+04 2.525771915313586025e+00 7.999047974058169919e-01 3.146382772817665318e+04
5.251874201493997134e+02 3.036935272797622019e+04 2.984416530782682094e+04 2.492255206960532377e+00 -1.468521675688845285e+00 3.157930425041402850e+04
5.251748026576290158e+02 3.036942732776824050e+04 2.984425252511061262e+04 2.553446672428437481e+00 -4.469136219256746045e+01 3.158154210401502132e+04
5.251284992925012602e+02 3.036989815786922554e+04 2.984476965857672258e+04 2.440462058890489505e+00 -3.239184191603457830e+00 3.159569717071114428e+04
5.251476631844624308e+02 3.036753078537928377e+04 2.984238312219482032e+04 2.466436969421117009e+00 7.999047974058038912e-01 3.152513264315568085e+04
5.251453984090861695e+02 3.036691080645276088e+04 2.984176540804367323e+04 2.609404190967338888e+00 -4.452143719112516607e+01 3.151466723901909427e+04
6.839592933346114478e+03 1.845726123941550395e+04 1.161766830606939038e+04 2.418065993612962927e+00 1.635997827009209260e+00 1.928508460439259579e+04
4.095160780571707619e+03 6.990833360506346253e+03 2.895672579934638634e+03 2.207679121067585459e+00 2.245074832181676694e+00 7.723608756456963420e+03
1.581710225930727574e+03 3.524852228563334847e+03 1.943142002632607273e+03 2.506959926544684247e+00 1.495807955990231086e+00 4.201277812918795462e+03
4.502606833588246786e+02 2.265701818501822345e+03 1.815441135142997609e+03 2.043947306486181503e+00 1.077548668878305582e+00 2.993747756697086515e+03
3.368085943098334951e+02 2.139578533665838677e+03 1.802769939356005125e+03 1.916650989317597586e+00 1.140915609169829370e+00 2.825338187542883588e+03
3.400710137476216914e+02 2.140824359091466704e+03 1.800753345343845012e+03 1.103618347307317338e+00 1.102057398272072719e+00 2.853590079541082559e+03
3.374170359280103071e+02 2.129692135641415916e+03 1.792275099713405552e+03 1.028063375111642364e+00 1.016546524218264080e+00 2.763573688159630819e+03
3.428690865868843503e+02 2.144037054365216591e+03 1.801167967778332240e+03 1.606766126331040878e+00 9.822081316385373739e-01 2.828752926048282461e+03
3.408458202983035221e+02 2.134663148295005612e+03 1.793817327996702033e+03 1.173028482651418125e+00 1.099297805287126284e+00 2.770574968070266095e+03
3.417332443496572409e+02 2.141605951083247419e+03 1.799872706733590121e+03 1.270384670554444595e+00 9.759308979857844735e-01 2.829744849429202986e+03
3.404688401793085859e+02 2.135865413125913619e+03 1.795396572946604920e+03 1.145229661078071004e+00 1.145908436735368019e+00 2.816363181080253071e+03
3.381622918300345759e+02 2.128152843081248193e+03 1.789990551251213674e+03 1.816299651613224819e+00 1.303074013931564634e+00 2.796846066460396287e+03
3.524992899926153314e+02 2.147813029911430021e+03 1.795313739918814690e+03 1.563529684319182378e+00 1.375201343523644759e+00 2.823088398054419486e+03
5.253200516197218803e+02 2.341572247705239079e+03 1.816252196085517198e+03 1.813192780604435228e+00 1.152282330461210869e+00 3.063482521674146938e+03
1.246760197357733205e+03 3.132346553399829190e+03 1.885586356042095986e+03 2.183417792331730833e+00 1.331731533638834675e+00 3.927357279985194964e+03
2.980078307077857971e+03 5.270155097078789368e+03 2.290076790000931396e+03 2.443523131517386648e+00 2.548520184821740031e+00 6.066880915969933085e+03
5.063117699914407240e+03 8.599412753562462967e+03 3.536295053648055728e+03 2.641506434799215874e+00 3.052107089070279500e+00 9.455112790874274651e+03
6.291523763128219798e+03 1.163805994502818430e+04 5.346536181899964504e+03 2.631335135579642159e+00 -7.857264638426816328e-01 1.248227463423778136e+04
6.896833213115145554e+03 1.451170043558504040e+04 7.614867222469894841e+03 2.579294399339053800e+00 -1.538056344119255847e+00 1.531044706294985554e+04
6.920037525276080487e+03 1.473356482087904624e+04 7.813527295602965751e+03 2.550131531397057838e+00 -1.202227193612799283e+00 1.548367354542699104e+04
