5.250809265349076895e+02 3.036155861717187145e+04 2.983647769063696251e+04 2.442596169803329165e+00 -1.480043108482217873e+00 3.134569219149496348e+04
5.251644124866496668e+02 3.036595962423850506e+04 2.984079521175185437e+04 2.492721344487067725e+00 -4.463472052542002189e+01 3.147760309908499403e+04
5.251415570505600954e+02 3.036316669488565094e+04 2.983802513783509130e+04 2.496428523081749784e+00 -4.442010179549509985e+01 3.139389093043906905e+04
5.251040399280094562e+02 3.036436967452069075e+04 2.983926563459268073e+04 2.368930957041038621e+00 -1.468521675688840178e+00 3.142994770859936034e+04
5.252067701181648545e+02 3.036335672490353318e+04 2.983814995478536730e+04 2.474762053732155298e+00 7.999047974058122179e-01 3.139958667960206003e+04
5.250905087011348087e+02 3.036762094899979274e+04 2.984253044029865850e+04 2.578379675138823490e+00 -1.480043108482171688e+00 3.152739782675090464e+04
5.250956797970832213e+02 3.036646179307393322e+04 2.984136611327685023e+04 2.494931713216673952e+00 -1.480043108482198777e+00 3.149265645403720919e+04
5.252032821519898107e+02 3.036622489028145719e+04 2.984102160812946750e+04 2.471237848419554961e+00 7.999047974058196564e-01 3.148559910897004738e+04
5.252128912869549140e+02 3.036676306395293068e+04 2.984155017266597497e+04 2.571187310383931557e+00 -1.480043108482134606e+00 3.150212304623880846e+04
5.251669770943127560e+02 3.037125204753781145e+04 2.984608507044349972e+04 2.581303377472623506e+00 -2.114115706328653310e+00 3.164500336350725411e+04
6.943994360772027903e+03 1.749187928101146099e+04 1.054788492023943400e+04 2.532244899316049125e+00 1.727994694611624027e+00 1.855486925373523991e+04
4.372257741806556623e+03 7.426777268578390249e+03 3.054519526771833625e+03 2.356738255351312983e+00 2.424687553386847494e+00 8.189626508404008746e+03
1.393239562570823182e+03 3.315103758533699875e+03 1.921864195962876693e+03 2.465994703172146085e+00 1.472936376742264075e+00 4.025314600956634877e+03
4.695704163008084038e+02 2.278797485593995589e+03 1.809227069293187242e+03 2.108279977652692150e+00 1.188837997171393157e+00 2.943182809784160781e+03
3.524440415732100860e+02 2.156704576382172490e+03 1.804260534808962348e+03 1.864541070980819226e+00 1.123243978003194643e+00 2.864785298864841479e+03
3.363671076718035806e+02 2.124375526986608293e+03 1.788008419314804769e+03 1.247359139210634460e+00 1.427354318827337432e+00 2.796395299025987697e+03
3.389740288894512901e+02 2.144960213545923580e+03 1.805986184656472233e+03 1.133895658576534515e+00 1.098097348973839926e+00 2.833834970937160961e+03
3.405190028931758661e+02 2.139343523256658045e+03 1.798824520363482179e+03 1.254034113114984139e+00 8.605568291717432539e-01 2.790607101144403259e+03
3.410747475210809512e+02 2.129287931410709461e+03 1.788213183889628453e+03 1.318918862560217953e+00 1.269425358871074883e+00 2.748977290071374682e+03
3.377862187914666379e+02 2.133436140518488628e+03 1.795649921727022047e+03 1.440452769271574951e+00 1.249623549332266714e+00 2.787690712256336610e+03
3.413539363001372067e+02 2.140920832636704745e+03 1.799566896336567424e+03 1.268907106716880007e+00 1.189641569805647059e+00 2.827216874958424796e+03
3.385817315812545303e+02 2.128488905337608230e+03 1.789907173756353586e+03 1.059846881297447752e+00 1.290186228011865666e+00 2.789933084302818315e+03
3.629087085768483121e+02 2.158590619546973812e+03 1.795681910970125500e+03 1.286772731564083783e+00 9.850517417736596171e-01 2.788197362825409982e+03
4.712613960923139302e+02 2.276760180948510424e+03 1.805498784856196380e+03 1.979422450617585261e+00 1.125777921852025854e+00 2.975308812262010633e+03
1.082283169738925835e+03 2.944170798579316397e+03 1.861887628840390562e+03 2.240480224849505930e+00 1.411452647518713688e+00 3.685176834333176885e+03
3.121892039410290636e+03 5.461226426967684347e+03 2.339334387557393711e+03 2.297874015400330538e+00 2.754182544680551903e+00 6.291260227191606646e+03
5.120575998031248673e+03 8.730277663490887790e+03 3.609701665459639116e+03 2.436429716443000881e+00 3.029923994254750230e+00 9.596345375002443689e+03
6.455338826570755373e+03 1.221517082149786620e+04 5.759831994927110827e+03 2.517852951763078106e+00 -1.190700416779689075e+00 1.308503752775923203e+04
6.843447424680015502e+03 1.413142521848119395e+04 7.287977793801178450e+03 2.549665728040878765e+00 -1.696204831353332887e+00 1.481640890566484813e+04
6.930444321253058661e+03 1.489141043258667560e+04 7.960966111333616936e+03 2.388586988180803061e+00 -1.236499388432124702e+00 1.564877167363322224e+04
