5.251316643793388721e+02 3.036251196628885737e+04 2.983738030190951758e+04 2.669234765695389200e+00 -1.480043108482181013e+00 3.137426682120217447e+04
5.252303888666542662e+02 3.036846399340886637e+04 2.984323360454221256e+04 2.541770659467650795e+00 -1.568882863627020186e+01 3.155266628466918337e+04
5.251653527571036193e+02 3.036345631691747622e+04 2.983829096416037282e+04 2.671028686577580746e+00 -1.480043108482168357e+00 3.140257174019629019e+04
5.251130522673344103e+02 3.036467208727472098e+04 2.983955903500738714e+04 2.487864018914290654e+00 -1.480043108482181013e+00 3.143901189328103646e+04
5.251319335085995590e+02 3.036284080817817448e+04 2.983770887466957356e+04 2.537434234020266910e+00 -1.480043108482156811e+00 3.138412316353345886e+04
5.251733562825104400e+02 3.036489428006164599e+04 2.983972092377913577e+04 2.586118329138301863e+00 7.999047974058212107e-01 3.144567167439677723e+04
5.251824954894792654e+02 3.036518360010031029e+04 2.984000110461083023e+04 2.542183566502366876e+00 -1.480043108482169911e+00 3.145434529590766761e+04
5.251793463167448408e+02 3.036704585719070747e+04 2.984186651087396240e+04 2.488543018855271516e+00 -1.480043108482181013e+00 3.151020556413959639e+04
5.251539110329988489e+02 3.037150379882251218e+04 2.984634988778951447e+04 2.505513800299343341e+00 -2.114115706328663524e+00 3.164421834802766170e+04
5.251900541326733673e+02 3.036442333832469740e+04 2.983923328419202517e+04 2.550436535445492758e+00 -4.469136219256746045e+01 3.144006555422357633e+04
6.912078077199019390e+03 1.793028129039473424e+04 1.101820321319571485e+04 2.483819277976462292e+00 1.841114478786246567e+00 1.890152058144078183e+04
4.122107642498811401e+03 7.022367358793997482e+03 2.900259716295186081e+03 2.625862040453790680e+00 2.432057461157959732e+00 7.751117287672323982e+03
1.329383848021803033e+03 3.235700136187923817e+03 1.906316288166120785e+03 2.158041872227304037e+00 1.694961829375360551e+00 3.930550804373071060e+03
4.765136286820957139e+02 2.282345652973619053e+03 1.805832024291523339e+03 2.096772211564057464e+00 1.235993858967263437e+00 2.952910416159660144e+03
3.506581355664872035e+02 2.138829369935009254e+03 1.788171234368522164e+03 1.947175802377516085e+00 1.205270798490300832e+00 2.795667050490794281e+03
3.379768593724913899e+02 2.128935787924078795e+03 1.790958928551587405e+03 1.349362352162849499e+00 1.031407408325245578e+00 2.767057796060168585e+03
3.409409162477014092e+02 2.133751476540125623e+03 1.792810560292424270e+03 1.083149125620533448e+00 1.322088020872334457e+00 2.806542111203956665e+03
3.411443794778749066e+02 2.144759158778020264e+03 1.803614779300145301e+03 1.055109768382787028e+00 9.350152562620198671e-01 2.862070521066547371e+03
3.392533461032207924e+02 2.138619989826040637e+03 1.799366643722819845e+03 1.156284453450594496e+00 1.192290037727941732e+00 2.848010764662844849e+03
3.406432807792305653e+02 2.143698208921724927e+03 1.803054928142494418e+03 1.298735395765165945e+00 1.022720322537323590e+00 2.834277329120379818e+03
3.385247304515638689e+02 2.137459739288733999e+03 1.798935008837170244e+03 1.313129096735471846e+00 9.201644701062591247e-01 2.823310504034289352e+03
3.373513214643990636e+02 2.131484873427511047e+03 1.794133551963112041e+03 1.559756342514025507e+00 1.167299107566965644e+00 2.790585538612140226e+03
3.520324805827041246e+02 2.156945954153119601e+03 1.804913473570415590e+03 1.153959857322089055e+00 6.901721073200949297e-01 2.842065911039394450e+03
4.808266543394787504e+02 2.284402500620906267e+03 1.803575846281427403e+03 1.772308865772885156e+00 1.435943981811308445e+00 2.960307589473585722e+03
1.217630894422093661e+03 3.099106996036143755e+03 1.881476101614050094e+03 2.144822628286368715e+00 1.506687923832852105e+00 3.873798326483308301e+03
3.010847995767148404e+03 5.324283519342318868e+03 2.313435523575170464e+03 2.427595243617431731e+00 2.494051424621359647e+00 6.204423776908965920e+03
4.969593596428890123e+03 8.441728480698260682e+03 3.472134884269370559e+03 2.535813667488214129e+00 2.979498916489798699e+00 9.321678668012213166e+03
6.409043121157448695e+03 1.200499255656556124e+04 5.595949435408112549e+03 2.717249510924478972e+00 -1.665287745378020157e+00 1.269404050815754999e+04
6.817351427270881686e+03 1.395002199059459599e+04 7.132670563323714305e+03 2.442551080222596926e+00 -1.461515967728520549e+00 1.469202599276464025e+04
6.942547548922106216e+03 1.503953247584774363e+04 8.096984926925637410e+03 2.516186999228252841e+00 -1.613585197318713638e+00 1.574134768981768138e+04
