5.252333981238210754e+02 3.036507000707106272e+04 2.983983660894724017e+04 2.463149978707490195e+00 -2.066423469522578937e+00 3.145093870018836969e+04
5.251758065540349207e+02 3.036470190686273781e+04 2.983952610030870346e+04 2.411328771952236494e+00 -4.469136219256745335e+01 3.143990567256196664e+04
5.251812898340427864e+02 3.036275525836869201e+04 2.983757396853464888e+04 2.603951470630295972e+00 -1.480043108482174796e+00 3.138155898832966341e+04
5.251948458266974740e+02 3.036629255324223413e+04 2.984109770741553803e+04 2.492950661068781049e+00 -1.480043108482171021e+00 3.148758194401372384e+04
5.251913968227875102e+02 3.036401821846323583e+04 2.983882682164044672e+04 2.637366248042135819e+00 -1.480043108482174796e+00 3.141941355433584613e+04
5.251947082439992300e+02 3.036496661622240208e+04 2.983977190797840376e+04 2.613810716021362168e+00 -4.447076949331013651e+01 3.144783979837260995e+04
5.251571876188925216e+02 3.036555894907660331e+04 2.984040176145770965e+04 2.408863922792407575e+00 -2.114115706328672406e+00 3.146559560475670150e+04
5.252233142746425756e+02 3.036745429032739048e+04 2.984223097605274961e+04 2.507353405284356018e+00 -1.683719685902121954e+00 3.152244764334291176e+04
5.251930433627516095e+02 3.036820384927139094e+04 2.984301080590863785e+04 2.501632479803674425e+00 -1.480043108482206771e+00 3.154531107165355934e+04
5.251404706952454262e+02 3.036450711276884977e+04 2.983936664207360445e+04 2.579347878180270115e+00 -4.475557721854826809e+01 3.144253934326830495e+04
6.915066865918444819e+03 1.781803046719725171e+04 1.090296360127880689e+04 2.340490257573919042e+00 1.620435213983755007e+00 1.871364697097611497e+04
4.457843284848835538e+03 7.576307266088756478e+03 3.118463981239920940e+03 2.421538528673304214e+00 2.482275241638081997e+00 8.351077795331719244e+03
1.366578121650371713e+03 3.284877019371002007e+03 1.918298897720630293e+03 2.151294599849254752e+00 1.351681071586991800e+00 4.008810379523919892e+03
4.139019186272358297e+02 2.209033716737076247e+03 1.795131798109840474e+03 2.043758520846169269e+00 1.526153587148217028e+00 2.851573339325955658e+03
3.561219832635256353e+02 2.160807558557515677e+03 1.804685575293990041e+03 1.350540664596728391e+00 1.086819036878447831e+00 2.871480567419646832e+03
3.383612239483702524e+02 2.127681326133364564e+03 1.789320102184994312e+03 1.288473107788977723e+00 1.283740658953354208e+00 2.766085405797354724e+03
3.420352915107944796e+02 2.146759909809057262e+03 1.804724618298262840e+03 1.159584973343442460e+00 9.140651026759032405e-01 2.817852840345552977e+03
3.412082969273972139e+02 2.137425457321950489e+03 1.796217160394553275e+03 1.179271150608548924e+00 1.130689888611384086e+00 2.807350208381947141e+03
3.419311652711833176e+02 2.147480043811931409e+03 1.805548878540748092e+03 1.122025406063576591e+00 9.326729532459059335e-01 2.866770537651047107e+03
3.403725433586550366e+02 2.134737596344870781e+03 1.794365052986215687e+03 1.223525433005149265e+00 1.226834791205532182e+00 2.792337109360672912e+03
3.386336580647605956e+02 2.139091123882742522e+03 1.800457465817981983e+03 1.083547987903992205e+00 1.009472130262652811e+00 2.830032584262805813e+03
3.382815724295163591e+02 2.147011854502509323e+03 1.808730282072992850e+03 1.360811612617944810e+00 7.054208880566440465e-01 2.836541019185143796e+03
3.913144071037863228e+02 2.191116438337388900e+03 1.799802031233602520e+03 1.036551718813427891e+00 1.254446748915745147e+00 2.892630049653003880e+03
5.205318573554385466e+02 2.327623147777004760e+03 1.807091290421566100e+03 2.327520464365105735e+00 9.928787790927376955e-01 2.992328562394965502e+03
1.230614775305103194e+03 3.109666497679390886e+03 1.879051722374287692e+03 2.066126929237604770e+00 1.783780728364764867e+00 3.883746937151990551e+03
2.919902657267363793e+03 5.195957335362612866e+03 2.276054678095249074e+03 2.378840811058023252e+00 2.400521518810845745e+00 6.015788699832435668e+03
5.164362184878332300e+03 8.831224832491998313e+03 3.666862647613666013e+03 2.457340827976618236e+00 3.165940379119001502e+00 9.750444553290955810e+03
6.406711724567001511e+03 1.198673782498291075e+04 5.580026100415909241e+03 2.368701503056414914e+00 -1.990505384741647399e+00 1.284198761249983363e+04
6.916045169669823736e+03 1.475632742328417226e+04 7.840282253614348519e+03 2.436649654129717124e+00 -9.407834526594146540e-01 1.549049973758858141e+04
6.939279312548608686e+03 1.495626733545044590e+04 8.016988022901837212e+03 2.530187510468492551e+00 -1.694511938247925897e+00 1.572594100949525455e+04
