5.252165199799165975e+02 3.036851661857960062e+04 2.984330009859968413e+04 2.526021326154757940e+00 -2.114115706328661304e+00 3.155424361320742901e+04
5.251339497931951428e+02 3.036338201886337265e+04 2.983824806907017773e+04 2.494852749885198229e+00 -1.714353705057195809e-01 3.140034481267506271e+04
5.251587148016125184e+02 3.036611549589824790e+04 2.984095678109663640e+04 2.434690710496644872e+00 -1.480043108482084646e+00 3.148227502344120876e+04
5.251480603088564294e+02 3.036864337657967553e+04 2.984349531627081888e+04 2.420046280320893750e+00 -1.480043108482187231e+00 3.155804291699935857e+04
5.251792163102004452e+02 3.036690168235400779e+04 2.984172246604380780e+04 2.537275707105056899e+00 -4.554219481976096517e+01 3.150583930486757890e+04
5.251919905239012678e+02 3.036724511328638255e+04 2.984205312276248151e+04 2.664013471079834883e+00 -3.239184191603479146e+00 3.151613294371031225e+04
5.251872360569004741e+02 3.036765932377563513e+04 2.984247208771873557e+04 2.453980342896769695e+00 1.445498828045620909e+00 3.152854990169945086e+04
5.251784857168637473e+02 3.037089315652145888e+04 2.984571467080459479e+04 2.511717253824226059e+00 -4.457807885827261174e+01 3.162552039675451306e+04
5.250798532191985259e+02 3.036521465689355318e+04 2.984013480367435477e+04 2.648403424398597661e+00 -1.480043108482181013e+00 3.145571403463556635e+04
5.251926636131425994e+02 3.036777080156988086e+04 2.984257813795673792e+04 2.498801545757548315e+00 -1.480043108482200997e+00 3.154024813713767071e+04
6.925280241088750699e+03 1.772491861835748932e+04 1.079963837726873862e+04 2.509704026143597222e+00 1.848129370206797795e+00 1.862515421898321074e+04
4.288882827984229152e+03 7.285166651365507278e+03 2.996283823381278125e+03 2.339397612097040113e+00 2.543084697973067687e+00 8.055015793134460182e+03
1.413553455692669786e+03 3.340729097652291330e+03 1.927175641959621544e+03 2.468315423118855545e+00 1.588680814074622916e+00 4.096796696658545443e+03
4.853475708183448205e+02 2.292222753018993899e+03 1.806875182200649078e+03 1.936028913394525652e+00 9.720546562286379588e-01 2.968857579353427354e+03
3.681182649868859471e+02 2.170962390327916637e+03 1.802844125341030576e+03 1.864299815572323382e+00 9.620026676247407371e-01 2.859551698906870570e+03
3.410820626619262725e+02 2.146630028613308696e+03 1.805547965951382366e+03 1.135399907120606455e+00 8.444827917814237139e-01 2.812473344613933932e+03
3.390386304877105772e+02 2.133168024501533182e+03 1.794129394013822548e+03 1.161694572978280826e+00 1.000469004396011385e+00 2.770519263346920070e+03
3.408881546147363792e+02 2.143283666266012460e+03 1.802395511651276138e+03 1.112096128814674012e+00 1.114931525927587819e+00 2.832822091280945187e+03
3.445013091131769443e+02 2.144762501423726007e+03 1.800261192310549177e+03 9.837244829150527670e-01 1.037600755090803517e+00 2.816083836808881642e+03
3.412195695048138191e+02 2.140015776822380758e+03 1.798796207317566996e+03 1.150151667072202066e+00 1.073564305494235205e+00 2.818106793282159288e+03
3.395984199342732950e+02 2.135769023081243176e+03 1.796170603146969825e+03 1.357886951498062933e+00 1.429020952390356314e+00 2.825861766711376731e+03
3.413671899235866363e+02 2.145469091978424785e+03 1.804101902054838092e+03 1.272685051318813709e+00 9.620297191033864159e-01 2.832503648820305443e+03
3.934847849796203718e+02 2.203707120075858256e+03 1.810222335096237884e+03 1.596747623866417110e+00 9.013663390092711003e-01 2.894531716229987978e+03
4.260342763939863744e+02 2.222416722239585397e+03 1.796382445845599023e+03 1.801725533715761829e+00 1.130536120034543401e+00 2.908122850763635597e+03
1.105894750984846269e+03 2.951191577565248281e+03 1.845296826580402012e+03 2.385323748792063547e+00 1.863977084703379639e+00 3.656311346383312866e+03
2.856998925607115780e+03 5.114374822319294253e+03 2.257375896712178474e+03 2.229653119710404141e+00 2.433101988819322603e+00 6.016370600801301407e+03
4.821722197850639532e+03 8.149822802195223630e+03 3.328100604344584099e+03 2.381166461432182135e+00 3.099886709226586046e+00 8.934475289046191392e+03
6.400770703944314846e+03 1.199153010651041768e+04 5.590759402566102835e+03 2.504061717677778187e+00 -4.431080567519694036e-01 1.274938067456809404e+04
6.806875872266894476e+03 1.388701380017298652e+04 7.080137927906092045e+03 2.456527679156447874e+00 -1.494947727620409061e+00 1.466539191848256814e+04
7.001804383015377425e+03 1.618117943456264220e+04 9.179375051547263865e+03 2.614529509278276986e+00 -6.459880245204696614e-01 1.691245381063529931e+04
