5.251890257573223835e+02 3.036419940664507521e+04 2.983901038088775385e+04 2.478302694661941974e+00 -1.480043108482228531e+00 3.142484428802598268e+04
5.251928864690792125e+02 3.036567508811846346e+04 2.984048220164938539e+04 2.563080745880799149e+00 7.999047974057790222e-01 3.146907472881135254e+04
5.252224060039857250e+02 3.036392021996331823e+04 2.983869781395933387e+04 2.633626317089443614e+00 -1.480043108482162806e+00 3.141647625588388109e+04
5.251845240124888505e+02 3.036450173565046498e+04 2.983931721163797556e+04 2.478029870720662498e+00 -5.048624629728933888e-01 3.143390596252056639e+04
5.252129763179092379e+02 3.036594212777238135e+04 2.984072915145447041e+04 2.567426169480103049e+00 -1.480043108482214320e+00 3.147707867944237660e+04
5.251668515714048908e+02 3.036757367184191025e+04 2.984240682027050570e+04 2.554133868835325227e+00 -2.114115706328662636e+00 3.152598079364389196e+04
5.250854462948781247e+02 3.036500304406629220e+04 2.983991759777141488e+04 2.595269773163105587e+00 -3.017430583024416890e+01 3.144893352270907053e+04
5.251120976621427872e+02 3.036753346291043636e+04 2.984242136524829402e+04 2.470923867983895850e+00 -2.114115706328665301e+00 3.152482045509100863e+04
5.251124426497691502e+02 3.037249453727716536e+04 2.984738209462739542e+04 2.401686220980176589e+00 -2.114115706328663524e+00 3.167391085842804750e+04
5.252106709142635736e+02 3.036469773341251857e+04 2.983948706249825409e+04 2.503237656400052913e+00 -1.480043108482183234e+00 3.144804128102916366e+04
6.945205111511034374e+03 1.741111920653258130e+04 1.046591409502154784e+04 2.606547822468952003e+00 2.219229486731100209e+00 1.843861684569694626e+04
4.310915757549813861e+03 7.329312038477041824e+03 3.018396280927227963e+03 2.483752374224290183e+00 2.463912425262582584e+00 8.051646814284059474e+03
1.390455383586986500e+03 3.301235005639539395e+03 1.910779622052552895e+03 2.335756082248693577e+00 1.650704367706118836e+00 4.007425722852919989e+03
4.729579982845252744e+02 2.282034654706953006e+03 1.809076656422427732e+03 1.895180589823606487e+00 1.222614079335496484e+00 2.952896733937418958e+03
3.766575272083110235e+02 2.181384476635795181e+03 1.804726949427484215e+03 1.741102315854777371e+00 1.199354803622190602e+00 2.882611825548594879e+03
3.407681378299870403e+02 2.132283425970491407e+03 1.791515288140504254e+03 1.322714664497291137e+00 1.285979624773028851e+00 2.832277145107356773e+03
3.398669149222349120e+02 2.143283228666432478e+03 1.803416313744197623e+03 1.419673539816091123e+00 9.595571432289603520e-01 2.813310523175422077e+03
3.385713646774646008e+02 2.135307705757785243e+03 1.796736341080320699e+03 1.111904404850105221e+00 1.392224111624252414e+00 2.830298913699492459e+03
3.394769186035409234e+02 2.132389266917144141e+03 1.792912348313603161e+03 1.024959232594100378e+00 1.013299427430555566e+00 2.782074647880910561e+03
3.371552800851051757e+02 2.128739186070330561e+03 1.791583905985225329e+03 1.339989502952647404e+00 1.399412628653333046e+00 2.798622348325519852e+03
3.402783594543907952e+02 2.135783009425130786e+03 1.795504649970740047e+03 1.311972523447830774e+00 1.048162026706684236e+00 2.809631828928344021e+03
3.379849082986488611e+02 2.134443542423970939e+03 1.796458634125322078e+03 1.492625732750863854e+00 1.189663932570471649e+00 2.797425751930526530e+03
3.408456666288456063e+02 2.135486969557050543e+03 1.794641302928204823e+03 1.235339023473895237e+00 1.013482282521419364e+00 2.798224516228848188e+03
4.457116755059255411e+02 2.243271222156885415e+03 1.797559546650959874e+03 1.745278178431249216e+00 1.575470107705332801e+00 2.932228626774183340e+03
1.118318628615732450e+03 2.979370049547333110e+03 1.861051420931600660e+03 2.059205159773811911e+00 1.886818754776540930e+00 3.716317478369986475e+03
2.940284061057886447e+03 5.223870904748878274e+03 2.283586843690991827e+03 2.397693389265526775e+00 2.645863941836107625e+00 6.118586652208129635e+03
4.971571532209406541e+03 8.443399990692812935e+03 3.471828458483406393e+03 2.374118793085194135e+00 2.989975985710497497e+00 9.254197872071765232e+03
6.417072747842561512e+03 1.206737362869741446e+04 5.650300880854852949e+03 2.513291899975027111e+00 -4.516137775171669699e-01 1.289443573058130642e+04
6.689451936962389482e+03 1.324721017570134973e+04 6.557758238738960245e+03 2.552754735217989346e+00 -1.034421429118639546e+00 1.397455071929874612e+04
6.946683725755535306e+03 1.519453937169323035e+04 8.247855645937695954e+03 2.499804210357833512e+00 -6.419152413965809600e-01 1.597454997752808049e+04
