5.250921693545163862e+02 3.036891875874143443e+04 2.984382658938691748e+04 2.459714465935345373e+00 7.999047974057971189e-01 3.156629691667313455e+04
5.251512707760899730e+02 3.036541823630416184e+04 2.984026696552807334e+04 2.463551850521462416e+00 -4.415558542131759623e+01 3.146137613723540926e+04
5.252125057866645648e+02 3.036715337013216413e+04 2.984194086434549899e+04 2.657829911689935987e+00 -2.114115706328661304e+00 3.151338311531541694e+04
5.251638722014976111e+02 3.036829030808850439e+04 2.984312643588700666e+04 2.453597126823527041e+00 -1.468521675688842398e+00 3.154746043339680909e+04
5.252028448128717173e+02 3.036943622762048108e+04 2.984423338280760800e+04 2.541015209564282173e+00 -2.114115706328670630e+00 3.158180695531397214e+04
5.251655510605609152e+02 3.036757261712201216e+04 2.984240706606145250e+04 2.486480451833861238e+00 -2.114115706328648425e+00 3.152594918051495551e+04
5.251937590220709353e+02 3.036274549137145368e+04 2.983755173234938411e+04 2.512079923104376888e+00 4.703181825363537683e-01 3.138126815623583752e+04
5.251215357291754344e+02 3.035835312241490828e+04 2.983323158668573160e+04 2.562279650095464767e+00 -4.457807885827258332e+01 3.124965896468526262e+04
5.251805060008915689e+02 3.036885472336871317e+04 2.984367421736782126e+04 2.667110625672036495e+00 -2.058742514327036588e+00 3.156481554399319793e+04
5.251380907487288141e+02 3.036664919903586633e+04 2.984151110828713718e+04 2.431519653259003100e+00 -1.468521675688861494e+00 3.150636075813204661e+04
6.908085554291777044e+03 1.796320487475649134e+04 1.105511932046471338e+04 2.507773725408987797e+00 1.393037366848438152e+00 1.891537924672808003e+04
4.326754212690166241e+03 7.361817022290004388e+03 3.035062809599838147e+03 2.384145406829742520e+00 2.332619482360752450e+00 8.106356552694798665e+03
1.451274775681054280e+03 3.375376006502925975e+03 1.924101230821871695e+03 2.559884008236090747e+00 1.406441107687496084e+00 4.063681136473418519e+03
4.876052797586808083e+02 2.310168202740178003e+03 1.822562922981497195e+03 1.988143443086108242e+00 1.029008482884605113e+00 3.048107418440033598e+03
3.653271964319616245e+02 2.164368625979537683e+03 1.799041429547576172e+03 1.655378098629867623e+00 9.691823108832351430e-01 2.803024855582904820e+03
3.410927917903594562e+02 2.147534974473901457e+03 1.806442182683541887e+03 1.172229591776293711e+00 1.097452790839930747e+00 2.897838606988231732e+03
3.402781949184840755e+02 2.137274149400228453e+03 1.796995954481744320e+03 1.240497802556590701e+00 1.115347481675536434e+00 2.814930358724855978e+03
3.361219733321079843e+02 2.125487869557653084e+03 1.789365896225545157e+03 1.171395174593607758e+00 1.346548467409688810e+00 2.784419562969379967e+03
3.399935719071054905e+02 2.145395836097305619e+03 1.805402264190200185e+03 1.115004475380062088e+00 1.265452492073271706e+00 2.848668885602207411e+03
3.386531308319733853e+02 2.122633429325604538e+03 1.783980298493631153e+03 1.263162024747287671e+00 1.469225528120302160e+00 2.771635784491079448e+03
3.442322162942510886e+02 2.148433254659205886e+03 1.804201038364954911e+03 1.669506229251505935e+00 8.138104947201284523e-01 2.840197414254249907e+03
3.505216544751252172e+02 2.145798630540457907e+03 1.795276976065332747e+03 1.151631718464093401e+00 1.239759655637696412e+00 2.805770351053068680e+03
3.489876803278046395e+02 2.147707029915722615e+03 1.798719349587918032e+03 1.577775010782020315e+00 9.065706892407510153e-01 2.818949969875128772e+03
4.983869261792743259e+02 2.304490352565394460e+03 1.806103426386120191e+03 1.721668428861737210e+00 1.189767922105980036e+00 3.012707479222548955e+03
1.374350583467705064e+03 3.260962805862514870e+03 1.886612222394809805e+03 2.283992841637945137e+00 1.992646847597473903e+00 3.986351132597043943e+03
3.115251075871114608e+03 5.453355883539227762e+03 2.338104807668113153e+03 2.366512106618732236e+00 2.704170065627664599e+00 6.337977232223858664e+03
5.285769978935128165e+03 9.080486460188754791e+03 3.794716481253626625e+03 2.716185652769553815e+00 2.999684790356239805e+00 9.927374596112293148e+03
6.443209347302968126e+03 1.214881576224365926e+04 5.705606414940691138e+03 2.629744680675803803e+00 -3.555370488410360963e-01 1.298202004088382273e+04
6.826571747148041140e+03 1.404604924399218362e+04 7.219477496844142479e+03 2.479496241458886363e+00 -1.189605991700464438e+00 1.480908076785072262e+04
6.959981198103203496e+03 1.545460994732891413e+04 8.494628749225710635e+03 2.456030789830683236e+00 -1.280469312507194424e+00 1.612836669773605172e+04
