5.250979648793764909e+02 3.036827014978532679e+04 2.984317218490595042e+04 2.574380547476561087e+00 -1.480043108482234304e+00 3.154685623076152842e+04
5.251996217155732438e+02 3.036539112843181283e+04 2.984019150671624084e+04 2.839853636412168925e+00 -1.480043108482195224e+00 3.146056363591548870e+04
5.251327138059526760e+02 3.036505252753071181e+04 2.983991981372475857e+04 2.458873504958461353e+00 -1.468521675688830852e+00 3.145041478782257400e+04
5.250846037408407483e+02 3.036941676702945188e+04 2.984433216328861090e+04 2.458592569748018430e+00 -1.468521675688833739e+00 3.158122366508774576e+04
5.252151236754965566e+02 3.036772527723086750e+04 2.984251015355536947e+04 2.475577803422830403e+00 -2.066423469522602474e+00 3.153052482480851540e+04
5.251414157220390280e+02 3.036722844738469576e+04 2.984208703166265695e+04 2.617058783054057702e+00 7.999047974057823529e-01 3.151563341874588150e+04
5.251975808805859742e+02 3.036274652052113015e+04 2.983754893964054281e+04 2.467218519353935768e+00 -1.480043108482181013e+00 3.138129900316724161e+04
5.251664347695236756e+02 3.036898639096268380e+04 2.984381995619316149e+04 2.446938433632803722e+00 -3.239184191603413865e+00 3.156836965650905040e+04
5.252134243167478189e+02 3.036283150688599926e+04 2.983761808256924996e+04 2.498544551502284161e+00 -1.480043108482090863e+00 3.138428404699683233e+04
5.251133882570161404e+02 3.036400528187822420e+04 2.983889189362120669e+04 2.490178991204694992e+00 -3.239184191603493357e+00 3.142713425024890967e+04
6.934148367681292257e+03 1.752277769343949694e+04 1.058862932575820378e+04 2.321481970177342813e+00 1.891529281633215875e+00 1.854004445108322761e+04
4.442931995935141458e+03 7.568017672126807156e+03 3.125085676191665698e+03 2.348120357496541022e+00 2.459737947881685205e+00 8.294066783100855901e+03
1.118512330007205492e+03 2.994092608502614439e+03 1.875580278495408947e+03 2.258984277354092018e+00 1.534481422955039420e+00 3.675088924893023886e+03
4.837236499814176227e+02 2.294030907889019090e+03 1.810307257907601524e+03 1.883570891834034811e+00 1.046381678719670250e+00 2.946928810344270460e+03
3.669617374857165260e+02 2.162863481891592073e+03 1.795901744405875434e+03 1.802655427275161815e+00 1.293571681058779177e+00 2.855711544878176483e+03
3.372217052872005638e+02 2.140233794575303364e+03 1.803012089288102743e+03 9.620141848201703150e-01 1.048452164135069475e+00 2.802541633965613528e+03
3.366385174758250969e+02 2.130137610798855349e+03 1.793499093323030138e+03 1.251778221086496057e+00 1.201156129709560316e+00 2.779424575327444018e+03
3.420154303297094316e+02 2.147149611944015760e+03 1.805134181614306272e+03 1.113022439318162471e+00 1.069105703961709564e+00 2.861610667746687341e+03
3.370565336196891622e+02 2.129837614837435012e+03 1.792781081217745850e+03 1.073588412792429336e+00 1.200644369487598562e+00 2.806005954998509878e+03
3.390713257720840943e+02 2.134219179015150530e+03 1.795147853243066493e+03 1.223291007619863313e+00 1.196751577173619685e+00 2.811152549700141662e+03
3.377027574950834605e+02 2.136121254745240549e+03 1.798418497250157088e+03 1.294358292752548323e+00 1.199007393265795196e+00 2.822543709960689739e+03
3.402724416767200637e+02 2.147340990227732618e+03 1.807068548551012555e+03 1.202097276709610529e+00 8.772842456154812396e-01 2.861664025362292705e+03
3.387739021106980317e+02 2.136439885466321357e+03 1.797665983355623212e+03 1.348867625357462963e+00 9.458397525131987393e-01 2.817401704433621944e+03
5.995338983919286875e+02 2.410980036308465515e+03 1.811446137916536827e+03 1.746243229503927408e+00 1.385519681114046664e+00 3.132988071893221786e+03
1.130609693346177664e+03 3.001184134520995485e+03 1.870574441174817821e+03 2.110542838348056005e+00 1.626198569570601160e+00 3.763878915421523743e+03
2.928737075666728742e+03 5.202497075118006251e+03 2.273759999451277508e+03 2.274075725196391229e+00 2.537427566635304110e+00 6.004805731881240717e+03
4.948258146619266881e+03 8.390422870915634121e+03 3.442164724296367240e+03 2.433022101537363202e+00 3.075784349473188684e+00 9.187535606969915534e+03
6.411925591984228959e+03 1.204062150283133997e+04 5.628695910847111008e+03 2.518315533445102616e+00 -2.139847242575006359e+00 1.280498886074721486e+04
6.905609189475380845e+03 1.459932297313715208e+04 7.693713783661771231e+03 2.458154789673753893e+00 -1.154962624480230238e+00 1.534508310939690455e+04
6.857610786411401932e+03 1.432272559217910930e+04 7.465114805767707367e+03 2.363848650136201268e+00 -1.350633809968876831e+00 1.512996940482238642e+04
