5.251530069505399752e+02 3.036257779764075167e+04 2.983742479069021283e+04 2.549484557866178225e+00 -1.480043108482156811e+00 3.137623997717497696e+04
5.250448276140737107e+02 3.036562278646799314e+04 2.984057795885391897e+04 2.503571140856356347e+00 7.999047974058055566e-01 3.146750709711446325e+04
5.251408804810777156e+02 3.036511426007450063e+04 2.983997337959342258e+04 2.492124743753579619e+00 -1.480043108482193004e+00 3.145226509066421931e+04
5.251725702865564926e+02 3.036625607630751256e+04 2.984108350602095743e+04 2.497373814947696946e+00 -2.114115706328663524e+00 3.148648862480713433e+04
5.251299118578036769e+02 3.036554555272654397e+04 2.984041564086874132e+04 2.465484460007954404e+00 -1.480043108482187231e+00 3.146519217859413766e+04
5.251200782610206943e+02 3.037008761759451590e+04 2.984496753933349464e+04 2.560302128071260785e+00 -2.114115706328663524e+00 3.160133101734552110e+04
5.251790174361141226e+02 3.036103946244940016e+04 2.983586044501328433e+04 2.525646652520666002e+00 -1.480043108482173020e+00 3.133013352440047674e+04
5.251352234858564998e+02 3.036687073417187275e+04 2.984173551068601591e+04 2.453280017359216192e+00 -1.480043108482173908e+00 3.150495683477906641e+04
5.252363870678118474e+02 3.036395858062363186e+04 2.983872219355581910e+04 2.691654679927883098e+00 7.999047974057855726e-01 3.141806569463307460e+04
5.251833778617586859e+02 3.036710665527992023e+04 2.984192327741816189e+04 2.415200428018385637e+00 -3.239184191603436513e+00 3.152011477189408834e+04
6.926663792135605945e+03 1.772988683783176020e+04 1.080322304569615517e+04 2.566489097521159835e+00 2.108223555314524322e+00 1.869321715009731997e+04
4.207959247042932475e+03 7.163093156228695079e+03 2.955133909185762604e+03 2.483501016519725546e+00 2.369280780914471141e+00 7.908488644764867786e+03
1.343041096230729181e+03 3.253546392342968375e+03 1.910505296112239193e+03 2.178625423484927826e+00 1.661811643008081818e+00 3.975712927194521853e+03
4.715614268922073506e+02 2.273167743076033275e+03 1.801606316183826038e+03 2.229047362802099475e+00 1.084770915996799312e+00 2.956863446165968526e+03
3.402106780546494065e+02 2.140929957263890628e+03 1.800719279209241222e+03 1.061628551940694054e+00 9.131508869100682935e-01 2.820088833463191804e+03
3.392952594172772365e+02 2.138524498318980477e+03 1.799229238901703184e+03 1.366365470710896091e+00 1.184014536027922837e+00 2.812583811742448233e+03
3.388145944075275224e+02 2.134860991865593405e+03 1.796046397458065940e+03 1.393700269710585360e+00 8.223582373767509557e-01 2.798909993453177776e+03
3.397318236901773503e+02 2.134243091270841433e+03 1.794511267580664025e+03 1.434808616084479960e+00 1.184644528135103458e+00 2.819766374982823436e+03
3.397152722641092168e+02 2.140050041143079397e+03 1.800334768878970181e+03 1.074234451850886618e+00 1.023533048128806300e+00 2.799483414452684883e+03
3.385496176098764636e+02 2.135950304691058591e+03 1.797400687081182241e+03 1.266770805135889022e+00 9.726961919412066004e-01 2.802003981717521583e+03
3.380470224392432783e+02 2.129373099876356264e+03 1.791326077437112872e+03 1.521011149795737483e+00 1.157671551755466544e+00 2.780557910301909942e+03
3.392039083192877342e+02 2.135738977278083439e+03 1.796535068958795819e+03 1.353530812119636551e+00 1.170236152247995820e+00 2.783591721055199287e+03
3.518080484477425784e+02 2.150800244912207745e+03 1.798992196464465223e+03 1.081726353443717370e+00 1.322019554051738544e+00 2.834537731047068519e+03
5.243483538424096650e+02 2.340933072339056707e+03 1.816584718496646929e+03 1.927312301754073198e+00 1.007485436441828197e+00 3.060329129028118132e+03
1.106376581539664812e+03 2.958816766361452210e+03 1.852440184821787398e+03 2.038676436019970950e+00 1.939343097605943811e+00 3.697799233411927617e+03
2.952648521507137957e+03 5.237478136449110934e+03 2.284829614941972977e+03 2.398223550198126386e+00 2.566545722133751095e+00 6.132203391381809524e+03
5.321093165066822621e+03 9.146828706601034355e+03 3.825735541534211734e+03 2.472919630515672207e+00 3.023961033584709579e+00 1.008058875032633296e+04
6.477480301890838746e+03 1.229698953119640100e+04 5.819509229305562258e+03 2.276093288645096635e+00 -1.172128451057355830e-01 1.316232067863649900e+04
6.815940046665383306e+03 1.394331300457768521e+04 7.127372957912301899e+03 2.446536062738341233e+00 -2.201902885100035956e+00 1.473180019202168296e+04
6.897639739492190529e+03 1.461421827573811970e+04 7.716578536245929172e+03 2.506787049544632051e+00 -1.306307518938020662e+00 1.548408430236014101e+04
