5.251431896174391341e+02 3.036843511467145436e+04 2.984329192505401443e+04 2.694856014953392442e+00 -1.480043108482197667e+00 3.155180070540583256e+04
5.251031137841773671e+02 3.036924429948806574e+04 2.984414118570388746e+04 2.505586368336135461e+00 -1.468521675688836403e+00 3.157605431416981082e+04
5.251721700442849396e+02 3.036500316093786751e+04 2.983983099089358439e+04 2.488902759566868905e+00 -4.436943409768010582e+01 3.144893512828876919e+04
5.251595420806753509e+02 3.036946730407751602e+04 2.984430776199683896e+04 2.545821462287424009e+00 -4.510781755216559219e+01 3.158273840655131062e+04
5.251788294041905374e+02 3.036661613551909250e+04 2.984143730611490173e+04 2.585405017377322867e+00 -1.480043108482180569e+00 3.149728064054840797e+04
5.251070486434198301e+02 3.036562968999936857e+04 2.984052264135595033e+04 2.385670907312936517e+00 -4.452143719112515186e+01 3.146771403655436006e+04
5.251541297192702586e+02 3.036232928165484191e+04 2.983717515193557119e+04 2.695788660865784170e+00 -1.480043108482179237e+00 3.136879315123998094e+04
5.252006633085688918e+02 3.036512093514379376e+04 2.983992027183522441e+04 2.535170068427854417e+00 1.445498828045601813e+00 3.145251010631681856e+04
5.251665024704537927e+02 3.036642067633763872e+04 2.984125417386718618e+04 2.420234197350729310e+00 -2.114115706328663524e+00 3.149186148649567622e+04
5.252028666197796838e+02 3.036691199420480189e+04 2.984170912758502163e+04 2.496672800739569098e+00 -1.748981334675283605e+01 3.151460972265115925e+04
6.936848904348446013e+03 1.761961163225346900e+04 1.068276272790502298e+04 2.500262904116917984e+00 2.027071347451563366e+00 1.851144090614207380e+04
3.855578493811558928e+03 6.589357322674859461e+03 2.733778828863300532e+03 2.529424883296881976e+00 2.551354081772906568e+00 7.304264314878108962e+03
1.439709542275953481e+03 3.363024127986641361e+03 1.923314585710687879e+03 2.444288946535911222e+00 1.523547804758685897e+00 4.058837535646251581e+03
5.381904639538668107e+02 2.353957335931031594e+03 1.815766871977164783e+03 1.998650573171357081e+00 1.136451873536863832e+00 3.065905937318245378e+03
3.408620340564528419e+02 2.137555054724751699e+03 1.796693020668298914e+03 1.098012261545089574e+00 1.136094766272274903e+00 2.826671121890126415e+03
3.414377966444675394e+02 2.144894571963462113e+03 1.803456775318994460e+03 1.208257813936657321e+00 9.841641284625918251e-01 2.822129206689640796e+03
3.389392050424578429e+02 2.135138759209909949e+03 1.796199554167452106e+03 1.461305863776756420e+00 1.292699433697013012e+00 2.831700796334943334e+03
3.362994426669346240e+02 2.126177214902434116e+03 1.789877772235499378e+03 1.328045470441833631e+00 1.388047655114017287e+00 2.796727948780629049e+03
3.383119751590673445e+02 2.138394593534644628e+03 1.800082618375577340e+03 1.278341628937881280e+00 9.254041131004845377e-01 2.802073910698388772e+03
3.392886159192274249e+02 2.140495228306747777e+03 1.801206612387520408e+03 1.412103020178748336e+00 9.638092856222706395e-01 2.790582793174839026e+03
3.404802369766872516e+02 2.136581324186525762e+03 1.796101087209838624e+03 1.243146433584642496e+00 7.613410266644796698e-01 2.783674795650245414e+03
3.370718024667674513e+02 2.128765776082382217e+03 1.791693973615614823e+03 1.306118422360010189e+00 1.304801401631528357e+00 2.778578725503261012e+03
3.677190722879927876e+02 2.171237338308429116e+03 1.803518266020436386e+03 1.304847588772099387e+00 1.162233083948821522e+00 2.879192834574336302e+03
5.092705260003862122e+02 2.311207187933121531e+03 1.801936661932735205e+03 1.725590794965748964e+00 1.189846047842777699e+00 2.977292894829567103e+03
1.216653929691180110e+03 3.087997904949597796e+03 1.871343975258417686e+03 2.312489517639768177e+00 1.712728645805111194e+00 3.819708643586151084e+03
2.729618563291550345e+03 4.935807200563690458e+03 2.206188637272140113e+03 2.274826155295964991e+00 2.414945102890018180e+00 5.741210644369803049e+03
4.762956352832666198e+03 8.038228094090955892e+03 3.275271741258289694e+03 2.415058668050622970e+00 3.103938304207510157e+00 8.860303550427292066e+03
6.369506818662065598e+03 1.187418158600101196e+04 5.504674767338946367e+03 2.562539647979242829e+00 -7.437554552253519136e-01 1.266312321104640068e+04
6.852030224871826249e+03 1.423715164729522076e+04 7.385121422423394506e+03 2.403683405666941830e+00 -1.355390787743854020e+00 1.492565196221920269e+04
6.903166054603710108e+03 1.466536917449092834e+04 7.762203119887218236e+03 2.525421020834782038e+00 -1.050011694334140211e+00 1.539937554113626720e+04
