5.251728309450098777e+02 3.036267394482210875e+04 2.983750111387710058e+04 2.475268860972329676e+00 -1.468521675688825079e+00 3.137912178621664862e+04
5.251700876032557517e+02 3.036590762198502489e+04 2.984073753438176936e+04 2.516686296940171541e+00 -1.480043108482186343e+00 3.147604444118301763e+04
5.251976853199035986e+02 3.036568503768619485e+04 2.984048735236629000e+04 2.419658617314424998e+00 7.999047974057632571e-01 3.146937294612993355e+04
5.251323312570890494e+02 3.036458985019259853e+04 2.983945751893550914e+04 2.563821969680312840e+00 -1.480043108482166803e+00 3.143654701013725207e+04
5.251790568725801904e+02 3.036595403426623307e+04 2.984077497739365208e+04 2.536143572104483379e+00 -1.480043108482174796e+00 3.147743555149027816e+04
5.251825227680285479e+02 3.036685723771639096e+04 2.984167471494836354e+04 2.519649442404771733e+00 -1.480043108482181902e+00 3.150450719129485151e+04
5.251658738860036237e+02 3.036912349521349097e+04 2.984395762132748860e+04 2.432275429894590335e+00 -1.480043108482181013e+00 3.157243535186039298e+04
5.252193349009016856e+02 3.036630098030252339e+04 2.984108164540162034e+04 2.652750456613274022e+00 7.999047974057565957e-01 3.148787950436779283e+04
5.251659019175355070e+02 3.037174520120712987e+04 2.984657929928959493e+04 2.732239627841731799e+00 -1.468521675688833739e+00 3.165145405541100263e+04
5.251873703026567455e+02 3.036794003861048623e+04 2.984275266830782857e+04 2.521347667752765975e+00 -3.239184191603440954e+00 3.154513676581104664e+04
6.925781024586201056e+03 1.773423343319175183e+04 1.080845240860554986e+04 2.356397721969138104e+00 2.011050482079495438e+00 1.867581074393895324e+04
4.151005406187777226e+03 7.054183071801494407e+03 2.903177665613717181e+03 2.422642683042906864e+00 2.563658686848951707e+00 7.790367359704812770e+03
1.424630911135359383e+03 3.348764275144611929e+03 1.924133364009252546e+03 2.348505973615030218e+00 1.423188666623938836e+00 4.034431458006692992e+03
5.000129855234413299e+02 2.315396258763542846e+03 1.815383273240101516e+03 2.273961535926890321e+00 1.141102875427395746e+00 3.023864515766357727e+03
3.556884030332435032e+02 2.156553907053814328e+03 1.800865504020570825e+03 1.366964711459522919e+00 1.154207397185246897e+00 2.845760646536172317e+03
3.383316934902528033e+02 2.132223925301065719e+03 1.793892231810812973e+03 1.257212739896608644e+00 1.325049747835379987e+00 2.797603166592204616e+03
3.394610887444276841e+02 2.133959692980573891e+03 1.794498604236146093e+03 1.089664192921818708e+00 1.049255746407643519e+00 2.818023818817085612e+03
3.376821811795812209e+02 2.137908267169867031e+03 1.800226085990285810e+03 1.038214564239291038e+00 1.162008120620274587e+00 2.807313078631162625e+03
3.423452614716719609e+02 2.142676486160018158e+03 1.800331224688346083e+03 1.315881572800904342e+00 1.309903873046349032e+00 2.845502054674148894e+03
3.438761119159088935e+02 2.144863069233033002e+03 1.800986957317124052e+03 1.298580099812861155e+00 1.116240413423952527e+00 2.805751726386340579e+03
3.393983647451381103e+02 2.140142569218719473e+03 1.800744204473581249e+03 1.030982189350300837e+00 7.471345178213949501e-01 2.804583635823108125e+03
3.406366324405993851e+02 2.132613174086599884e+03 1.791976541646000442e+03 1.144379144360692324e+00 1.159694785712660492e+00 2.782501301664090533e+03
3.485199516444566825e+02 2.139311043779965075e+03 1.790791092135508279e+03 1.158323547294546785e+00 1.422011262606715176e+00 2.779906347994871339e+03
4.979302173541670413e+02 2.304036193372139678e+03 1.806105976017972580e+03 1.844801222329023327e+00 1.254146189074936579e+00 3.005067501775312394e+03
1.291940281498260902e+03 3.175026922812167868e+03 1.883086641313906966e+03 2.383802021880905286e+00 1.826278797189837988e+00 3.926706303660610502e+03
3.043528396857327607e+03 5.362857420306752829e+03 2.319329023449425222e+03 2.343446319342631146e+00 2.486890468996679981e+00 6.171489131876098327e+03
5.224624982260708748e+03 8.930928867743763476e+03 3.706303885483054728e+03 2.450200176699974808e+00 3.010803675020521819e+00 9.808201422577738413e+03
6.502464557191236054e+03 1.234631532720577525e+04 5.843850770014539194e+03 2.552575318599224374e+00 -3.837049902261697176e-01 1.313976362578761291e+04
6.838127383379249295e+03 1.413754964654482137e+04 7.299422263165572076e+03 2.463379798905800389e+00 -1.211797028494585371e+00 1.486030757970070954e+04
6.909160377928707931e+03 1.469007031727217145e+04 7.780909939343463520e+03 2.521449553041618774e+00 -1.076950709121842209e+00 1.538200915312022698e+04
