5.251978041583986396e+02 3.036442529621812355e+04 2.983922749205972650e+04 2.603738419026945028e+00 -1.480043108482189451e+00 3.143161485170482047e+04
5.251564527680942547e+02 3.036404162069924496e+04 2.983888516793115195e+04 2.478964831954798775e+00 -1.480043108482161252e+00 3.142011498697810021e+04
5.251967178125596547e+02 3.036905336414088379e+04 2.984385664632832413e+04 2.495094522700797679e+00 -3.239184191603479146e+00 3.157033142971346024e+04
5.251922731042035366e+02 3.036559308885347855e+04 2.984040081574927535e+04 2.466534479174571359e+00 -1.480043108482211656e+00 3.146661697373478819e+04
5.252154008533868819e+02 3.036336906953613652e+04 2.983815366868274941e+04 2.579877094550559580e+00 -1.480043108482161252e+00 3.139995668393542655e+04
5.251850842802884927e+02 3.036740399885531588e+04 2.984221891457502716e+04 2.581721281626264908e+00 -1.480043108482154812e+00 3.152089520375018401e+04
5.251176929556551158e+02 3.035972552063544572e+04 2.983460782767978890e+04 2.493493737090268780e+00 -1.413037095987157876e+01 3.129075089276261497e+04
5.251493621665448472e+02 3.036684865442539012e+04 2.984169929225884698e+04 2.763802439581963810e+00 -4.628057827424644444e+01 3.150429503234036383e+04
5.251775245910909007e+02 3.036772051273975740e+04 2.984254298814866706e+04 2.626078923242648244e+00 7.999047974057938992e-01 3.153081988442483635e+04
5.252335193089220411e+02 3.036593791793663331e+04 2.984070439862771309e+04 2.525065457403101288e+00 -4.599107165705145661e+01 3.148506897495675003e+04
6.877737968045068556e+03 1.810003470756574825e+04 1.122229673952067969e+04 2.669783698751011514e+00 2.285012865876273835e+00 1.902923102593620933e+04
3.960946607843548009e+03 6.751292016408338895e+03 2.790345408564790887e+03 2.257248334644103238e+00 2.412121740343318166e+00 7.489455541015047856e+03
1.417229539699369070e+03 3.347380784559793938e+03 1.930151244860424868e+03 2.077801913985044546e+00 1.600827459610781434e+00 4.074224139961368564e+03
3.938253103909490846e+02 2.196549475395102490e+03 1.802724165004153292e+03 1.893506083883458757e+00 1.173888184315749816e+00 2.871208636796827705e+03
3.659887490017546270e+02 2.165775185800528106e+03 1.799786436798773593e+03 1.835753300282084277e+00 9.621818853857773135e-01 2.825453255270849240e+03
3.376830992077854603e+02 2.134333166744914706e+03 1.796650067537129189e+03 1.073625258712955999e+00 9.671922823934536728e-01 2.792809478443249191e+03
3.403333491289452013e+02 2.147657539799567530e+03 1.807324190670622329e+03 1.149628487415437883e+00 9.175447825527403012e-01 2.854384538469445033e+03
3.443487141786306438e+02 2.150235246397386618e+03 1.805886532218755974e+03 1.218867554769409445e+00 7.957124492278776495e-01 2.846979377886918428e+03
3.415475548546849609e+02 2.141270161104676390e+03 1.799722606249991486e+03 1.247860839851875348e+00 1.111173963462276149e+00 2.825795928488703339e+03
3.415429172849972588e+02 2.148324422770913770e+03 1.806781505485916568e+03 1.158395760513347472e+00 7.563143548047591702e-01 2.855518681074425785e+03
3.420414099484434018e+02 2.150213290445169605e+03 1.808171880496726317e+03 1.566978770599716242e+00 1.083394349038902638e+00 2.869449805929353261e+03
3.390200572630228066e+02 2.135186862112697327e+03 1.796166804849674463e+03 1.244548937199325245e+00 1.041357028482083669e+00 2.802839768965365238e+03
3.518463212314896964e+02 2.147404901220123975e+03 1.795558579988634392e+03 1.209232693443622830e+00 1.219523795858530768e+00 2.811137699956968390e+03
4.684652527542338589e+02 2.264334323388962730e+03 1.795869070634728814e+03 1.892118740215663175e+00 1.297352454726091509e+00 2.925042783764019077e+03
1.107606888321474571e+03 2.971600533582290154e+03 1.863993645260815583e+03 2.147076836104350850e+00 1.621441381497427559e+00 3.759238451188251474e+03
2.960173222249405626e+03 5.252732960823313078e+03 2.292559738573907453e+03 2.429167090391316730e+00 2.574659780109021412e+00 6.138415397237962679e+03
5.262099416853739058e+03 9.022270961589594663e+03 3.760171544735855605e+03 2.356422653938770040e+00 3.006054798891266699e+00 9.915737938572998246e+03
6.345474255476759936e+03 1.181747701649410919e+04 5.472002761017349258e+03 2.419383439937108360e+00 -8.624422754487331977e-01 1.259336822577377279e+04
6.884709905309711758e+03 1.443969804456661223e+04 7.554988139256900467e+03 2.558739506333992608e+00 -1.339212063442088096e+00 1.522188869011481256e+04
6.943351249373796236e+03 1.502560145453738551e+04 8.082250205163589271e+03 2.472667185736904472e+00 -1.276225122580214810e+00 1.580696446069478043e+04
