5.251917886365769164e+02 3.036526672877681631e+04 2.984007494014023905e+04 2.577549616001605148e+00 -2.114115706328651090e+00 3.145683501854696806e+04
5.251654841714907889e+02 3.036815788615325800e+04 2.984299240198176631e+04 2.576410162524811032e+00 -1.669792406254164518e+01 3.154349136509049640e+04
5.251646708748173751e+02 3.036738124413246260e+04 2.984221657325764681e+04 2.432270135739363237e+00 -1.480043108482155256e+00 3.152021315801679521e+04
5.251671329969185535e+02 3.036721566999539209e+04 2.984204853699847445e+04 2.460198049133281106e+00 -1.480043108482183456e+00 3.151525042236068839e+04
5.251827320498234712e+02 3.036503319766558343e+04 2.983985046561576019e+04 2.551757849294360891e+00 -1.468521675688850836e+00 3.144983541590916138e+04
5.251596645489430557e+02 3.036638623114092115e+04 2.984122656659197673e+04 2.575126552040538197e+00 -2.066423469522604695e+00 3.149038976235302107e+04
5.251365608893128183e+02 3.036395346734613486e+04 2.983881690645682102e+04 2.486668869107730107e+00 -1.480043108482150593e+00 3.141747468643462707e+04
5.251765845514498778e+02 3.036249880917522387e+04 2.983732222462377467e+04 2.578681724028257793e+00 -1.480043108482198777e+00 3.137391753574795439e+04
5.251180419169593279e+02 3.036757078463415382e+04 2.984245274271719609e+04 2.413534204205392442e+00 -1.468521675688842398e+00 3.152633321146453818e+04
5.251946183480054060e+02 3.036324533545341910e+04 2.983805071710541233e+04 2.473512406163401511e+00 -4.469136219256747466e+01 3.140448665926334434e+04
6.923859420603627768e+03 1.775066989555460168e+04 1.082681047495097300e+04 2.478536223290223717e+00 1.954170547553830461e+00 1.861092924231604411e+04
4.399243029425110763e+03 7.482250579212754928e+03 3.083007549787644166e+03 2.507947053988147434e+00 2.556751600898132804e+00 8.209301487599161192e+03
1.365142018392429463e+03 3.283137406346619173e+03 1.917995387954189709e+03 2.166284931678850167e+00 1.251471260608398417e+00 3.980448405492328220e+03
3.907323125554090666e+02 2.197800858917499681e+03 1.807068546362090729e+03 1.938118678851397547e+00 1.485702661523825574e+00 2.901240713729188883e+03
3.526954573368109322e+02 2.152977812285766504e+03 1.800282354948955572e+03 1.892375973807509659e+00 8.311396331681275562e-01 2.824824353552280172e+03
3.378513901748712556e+02 2.133686135268942053e+03 1.795834745094070740e+03 1.483610736269271202e+00 9.751107574476255424e-01 2.794819698330974461e+03
3.395807915309404734e+02 2.141904363278370511e+03 1.802323571747429924e+03 1.239358757828159963e+00 9.955548476627686938e-01 2.812350668452751052e+03
3.420303066280312692e+02 2.131238860772757107e+03 1.789208554144725895e+03 1.198913109215401507e+00 1.231763398433104451e+00 2.783512991367871109e+03
3.388407892243790798e+02 2.134933919438637986e+03 1.796093130214258963e+03 1.456629621033013855e+00 9.666680646942942268e-01 2.782677817722949840e+03
3.388474914199961745e+02 2.134761272096881839e+03 1.795913780676885608e+03 1.489598955972866845e+00 9.500268682746840776e-01 2.803310693748369886e+03
3.410499480722104408e+02 2.147791076582600908e+03 1.806741128510390354e+03 1.500017021662536365e+00 7.986817019329314205e-01 2.866178848571201797e+03
3.394257288695534385e+02 2.140762425939182322e+03 1.801336697069628826e+03 1.437727565626304882e+00 8.972872400319503727e-01 2.793611124850024680e+03
3.645375670926890166e+02 2.158953194734765020e+03 1.794415627642076061e+03 1.181530470498999286e+00 1.281709163156240949e+00 2.820816285393545513e+03
5.599783906508215523e+02 2.372981147357089867e+03 1.813002756706268428e+03 2.101045691466429499e+00 1.193667399181407518e+00 3.055309357632591855e+03
1.022825457221123429e+03 2.889323423569647730e+03 1.866497966348524187e+03 2.274265186275711503e+00 1.330520184594624178e+00 3.666145375130332013e+03
2.699830312497341311e+03 4.903366552750074334e+03 2.203536240252733023e+03 2.295192170353915984e+00 2.437953054019999399e+00 5.712152825211105664e+03
4.834577121089872890e+03 8.180321115295081654e+03 3.345743994205208764e+03 2.436741576864389192e+00 3.125412390667535067e+00 9.000423343638816732e+03
6.185961998651379872e+03 1.129394045166231263e+04 5.107978453010932753e+03 2.355879655325422650e+00 -1.018871188625650043e-01 1.201817713264105078e+04
6.794619758231129708e+03 1.377675756671391537e+04 6.982137808482785658e+03 2.602553663480524637e+00 -1.681163337298800409e+00 1.446475700673460233e+04
6.905334731403158003e+03 1.459154140863264001e+04 7.686206677229482011e+03 2.599299584577352551e+00 -1.031262633952067853e+00 1.534783607669767298e+04
