5.251374158162871026e+02 3.036996473349455846e+04 2.984482731767827136e+04 2.427057186794389754e+00 -2.114115706328663524e+00 3.159764780452701962e+04
5.251763231232916951e+02 3.036587674979851727e+04 2.984070042667522648e+04 2.583976380260948336e+00 -4.416179064737335835e+01 3.147511911248117030e+04
5.252008537092270899e+02 3.036649379432071146e+04 2.984129294061148539e+04 2.627862081944110084e+00 7.999047974058012267e-01 3.149361372103794565e+04
5.251179010887950653e+02 3.036358114689798458e+04 2.983846324580919099e+04 2.445359756858291878e+00 -1.480043108482186343e+00 3.140631325566502710e+04
5.251913048228020671e+02 3.036770468604747293e+04 2.984251338122467132e+04 2.542111103347492573e+00 -2.114115706328661304e+00 3.152990764750122253e+04
5.252043708143660297e+02 3.036522792967843998e+04 2.984002355886407531e+04 2.554547056708467601e+00 -1.480043108482142822e+00 3.145567211828147629e+04
5.252297456555817234e+02 3.036717699731306129e+04 2.984194725165747877e+04 2.571172655324016620e+00 -1.480043108482189451e+00 3.151409318754723063e+04
5.252386949362871746e+02 3.036722717522701350e+04 2.984198848029072542e+04 2.513436888324266594e+00 -2.114115706328660860e+00 3.151564028979154682e+04
5.251883755141438996e+02 3.036703099085583381e+04 2.984184261534169127e+04 2.448136003949115125e+00 -3.239184191603479146e+00 3.151015644830248129e+04
5.251967075610415350e+02 3.036571355448335817e+04 2.984051684692231720e+04 2.476606759583347195e+00 -2.114115706328651090e+00 3.147843544666244998e+04
6.912619436578245768e+03 1.785261854191600287e+04 1.093999910533775619e+04 2.585656455707642021e+00 1.645506256541081846e+00 1.883054636770684374e+04
4.236349396125884596e+03 7.217673627731566739e+03 2.981324231605682144e+03 2.415665307431887232e+00 2.318484459084542593e+00 8.031601612003054470e+03
1.317557911766753023e+03 3.217016299870561397e+03 1.899458388103808375e+03 2.243956884884450442e+00 1.643172569089389468e+00 3.918498949869824628e+03
4.453193693450881483e+02 2.254062990653168072e+03 1.808743621308080037e+03 1.943093447309625077e+00 1.139217275211791280e+00 2.965021496183290310e+03
3.787858877787168126e+02 2.182318454730869689e+03 1.803532566952152820e+03 1.313693490155256605e+00 8.990975975642395701e-01 2.851460488670408722e+03
3.393756346314376628e+02 2.123069936719784891e+03 1.783694302088347285e+03 1.695458389736583582e+00 1.571757379218066575e+00 2.810671312096839301e+03
3.408655398555546867e+02 2.140906848911440193e+03 1.800041309055885449e+03 1.636663176662873420e+00 1.150240542031376600e+00 2.830356605479755217e+03
3.371370382032566226e+02 2.126685356659922945e+03 1.789548318456666266e+03 1.226756314811878967e+00 1.325956717357183123e+00 2.793804474227545597e+03
3.417054928840447019e+02 2.146841825054129004e+03 1.805136332170084188e+03 1.330569424315984461e+00 1.122161942963708858e+00 2.896038016899050945e+03
3.414314254035699605e+02 2.139050279138282804e+03 1.797618853734712957e+03 1.205436538628942511e+00 1.207526923040498135e+00 2.793331428584398054e+03
3.393541020991120831e+02 2.146678604028375958e+03 1.807324501929263988e+03 1.023881242822731297e+00 8.526768054062189295e-01 2.824471170820800580e+03
3.393383780333028312e+02 2.129812562788467403e+03 1.790474184755164515e+03 1.158494270649742752e+00 1.060163357117817062e+00 2.776823053804067513e+03
3.359430386949458693e+02 2.129362160641822356e+03 1.793419121946876430e+03 1.474863324070815329e+00 1.201983982742488299e+00 2.790154852804644179e+03
4.482886944889391998e+02 2.260175840710327520e+03 1.811887146221388321e+03 2.277255960198084406e+00 8.827620361582505515e-01 2.948664867198594038e+03
1.252915366402224890e+03 3.140005196274901209e+03 1.887089829872676319e+03 2.263953548519963999e+00 1.738399058771025851e+00 3.901468966088772959e+03
3.077922376033954151e+03 5.410913967747743300e+03 2.332991591713789148e+03 2.392483555756335534e+00 2.302104083985224925e+00 6.312812820238208587e+03
4.997060449513365711e+03 8.477421642563684145e+03 3.480361193050318434e+03 2.357579114949974741e+00 3.012797935283630490e+00 9.337228368641275665e+03
6.462896756491287306e+03 1.218194830533979439e+04 5.719051548848507082e+03 2.583319988264824119e+00 -5.283256457202901712e-01 1.308320436718181736e+04
6.865814476472575734e+03 1.430394039504118336e+04 7.438125918568607631e+03 2.371229000756462479e+00 -9.591866285572727691e-01 1.505312956831103293e+04
6.926007596759598528e+03 1.495175398211369429e+04 8.025746385354095764e+03 2.491036782342815670e+00 -7.082912772551073211e-01 1.565782238233266617e+04
