5.251900651898761225e+02 3.036744157568226365e+04 2.984225151049238775e+04 2.438976408842032040e+00 -1.480043108482128389e+00 3.152202146901507876e+04
5.250950167301213014e+02 3.036463261469825738e+04 2.983953759796813756e+04 2.600094492107888566e+00 -1.480043108482182790e+00 3.143782878602863639e+04
5.252722141877874265e+02 3.036755442745408436e+04 2.984228221326629864e+04 2.532408484478601896e+00 -2.913763152876227380e+01 3.152540396293655431e+04
5.251640159364476403e+02 3.036459609734531477e+04 2.983943208140886782e+04 2.448843791126617209e+00 -1.480043108482155256e+00 3.143673425536795185e+04
5.250911220308269094e+02 3.036510993834557303e+04 2.984001881631474680e+04 2.463349630294202619e+00 -1.142775538417181824e+00 3.145213555599069514e+04
5.251699524044564669e+02 3.036301686760107259e+04 2.983784691519661646e+04 2.616967217435433479e+00 7.999047974057922339e-01 3.138940019408955413e+04
5.251429794396406123e+02 3.036550923206003790e+04 2.984036625262039888e+04 2.481980189527877467e+00 -1.480043108482198777e+00 3.146410546246092053e+04
5.252120769853402180e+02 3.036994340045249555e+04 2.984473132346715647e+04 2.476400442890536624e+00 -2.114115706328651090e+00 3.159705337144104124e+04
5.251522938443043813e+02 3.036579722952586599e+04 2.984064493568156104e+04 2.588542591358837353e+00 -2.114115706328675515e+00 3.147317383857433015e+04
5.251659988715537111e+02 3.036580884588481422e+04 2.984064284701325960e+04 2.561718577177483969e+00 -1.480043108482181013e+00 3.148139526146701610e+04
6.938575515278642342e+03 1.756097832871432183e+04 1.062240281343567949e+04 2.412685055088075625e+00 2.645934963848289190e+00 1.842568966437618292e+04
3.747820775232966753e+03 6.414395761664030942e+03 2.666574986431064190e+03 2.302521825567063640e+00 2.350626257532915986e+00 7.124231824717201562e+03
1.509562863447738891e+03 3.449394876654405834e+03 1.939832013206666943e+03 2.150081346037483687e+00 1.507729140623090602e+00 4.152001478720347222e+03
4.565797714218792862e+02 2.269602047389606469e+03 1.813022275967727182e+03 1.909532034697054348e+00 1.062869824837176624e+00 2.994745318578539809e+03
3.546016758893531460e+02 2.157186060947677561e+03 1.802584385058324415e+03 1.552049132155615574e+00 1.084702873354005392e+00 2.833740614040747914e+03
3.381057663804457434e+02 2.137160181024153189e+03 1.799054414643707332e+03 1.011487496804098773e+00 9.086051028293057330e-01 2.816719738587492429e+03
3.382583616370113191e+02 2.131992887341575170e+03 1.793734525704563794e+03 9.262264638877019118e-01 1.015699405438154068e+00 2.782551801206508571e+03
3.413860571265805675e+02 2.147160144152238445e+03 1.805774087025657991e+03 1.277446803661377528e+00 1.119416763847928431e+00 2.855274999942323575e+03
3.428008225595070826e+02 2.146150317625929347e+03 1.803349495066422151e+03 1.317128697585466357e+00 7.157604086475611860e-01 2.820548167456343890e+03
3.370597738878764176e+02 2.125223732020962416e+03 1.788163958133085998e+03 1.152216714058152069e+00 1.535110575927385534e+00 2.798363139624244468e+03
3.387167374721918804e+02 2.138120468122111106e+03 1.799403730649919225e+03 1.288315972218278427e+00 9.606467404745507865e-01 2.804534327594793467e+03
3.409162003251429951e+02 2.145487672202622889e+03 1.804571471877479780e+03 1.108831780387575794e+00 9.520019286715003526e-01 2.848398469183052839e+03
3.807809064218528192e+02 2.177571492157334887e+03 1.796790585735482182e+03 1.687236245528138889e+00 1.146145747678433358e+00 2.833167624280255041e+03
5.621932029011105669e+02 2.365820334509024178e+03 1.803627131607913725e+03 1.954058444875460099e+00 1.235553214619857787e+00 3.060385028535826677e+03
1.218760051512285600e+03 3.097894106733401713e+03 1.879134055221116114e+03 2.323563124380223499e+00 1.642996037668539744e+00 3.897175285791304759e+03
2.450312361715938096e+03 4.577061088429494703e+03 2.126748726713556607e+03 2.392669629211230387e+00 2.400294901034679018e+00 5.389273383720249512e+03
4.948293236759120191e+03 8.399216583388000799e+03 3.450923346628880608e+03 2.468350234427070244e+00 2.897514986481551258e+00 9.228466817281067051e+03
6.310607685580357611e+03 1.167742216750075750e+04 5.366814481920399885e+03 2.472841063913999715e+00 -1.071862700761834347e-01 1.245993961197715180e+04
6.772079438031018981e+03 1.371358397847077867e+04 6.941504540439759694e+03 2.359745983568050764e+00 -8.694857930846757732e-01 1.446933052878558556e+04
6.951275383360785781e+03 1.515714356099303768e+04 8.205868177632251900e+03 2.491679799133985185e+00 -1.566234916585866443e+00 1.578679840226885244e+04
