5.251530971960055467e+02 3.036806090916679022e+04 2.984290781197078468e+04 2.517325584520426762e+00 -1.468521675688832184e+00 3.154058468439152057e+04
5.251376910452629545e+02 3.036703602126905753e+04 2.984189833022379389e+04 2.533695892235328539e+00 -4.452143719112515896e+01 3.150986583056542077e+04
5.251743290626071712e+02 3.036464818760357593e+04 2.983947385854096865e+04 2.581741009996675551e+00 1.445498828045649775e+00 3.143829555103127132e+04
5.252156174118833860e+02 3.036728069781365411e+04 2.984206508040177141e+04 2.518060602202079945e+00 -2.058742514327031703e+00 3.151719949410512345e+04
5.251975377871162891e+02 3.036644537512517491e+04 2.984124783733805816e+04 2.566011176767811097e+00 7.999047974058278720e-01 3.149216245778109442e+04
5.250990175778465527e+02 3.036672657660587356e+04 2.984162755902802746e+04 2.605952893100745626e+00 -4.447076949331013651e+01 3.150059090000748984e+04
5.251154592001391848e+02 3.037238384450832382e+04 2.984726838530818350e+04 2.563714396491148850e+00 -3.239184191603456497e+00 3.167015747514576287e+04
5.252055123330939068e+02 3.037086313691321629e+04 2.984565762458012250e+04 2.453396258326584256e+00 -2.652803830563063681e+00 3.162462056433387988e+04
5.252050569806259546e+02 3.036792993470894362e+04 2.984272487772831664e+04 2.624312142153294669e+00 -2.114115706328673294e+00 3.153709998952299429e+04
5.251691471368932298e+02 3.036649675003282027e+04 2.984132760289592625e+04 2.628206205738710111e+00 -1.480043108482141490e+00 3.150168024802382934e+04
6.918599203309894619e+03 1.771553308821705286e+04 1.079693388490715733e+04 2.643357827361326962e+00 2.340812953475331692e+00 1.862947097493775800e+04
4.205925820167752136e+03 7.149612695440368043e+03 2.943686875272615907e+03 2.675914282584850756e+00 2.197295563274191732e+00 7.959878691664184771e+03
1.451263764735896530e+03 3.384513884219829379e+03 1.933250119483932849e+03 2.237641552758756536e+00 1.450023317274012236e+00 4.087865457180382691e+03
4.182206869765408328e+02 2.226860686834869739e+03 1.808639999858328792e+03 2.256877436093252420e+00 1.239702720785476275e+00 2.934126170511189230e+03
3.952870539569804009e+02 2.200360436487164861e+03 1.805073382530184517e+03 1.961296647883268962e+00 9.157646232865618297e-01 2.865303527851441231e+03
3.388057730071669198e+02 2.140644822934918921e+03 1.801839049927752058e+03 1.478589296587521806e+00 1.236395037759745685e+00 2.869712110136008050e+03
3.376006364163231410e+02 2.134928197198396902e+03 1.797327560782073760e+03 1.225932511937387837e+00 9.455469401416075614e-01 2.793382357887402122e+03
3.411161910191203788e+02 2.142161493848807368e+03 1.801045302829686989e+03 1.383810908808511320e+00 9.485563880357151811e-01 2.834006737053065990e+03
3.398358671543971354e+02 2.143842549250949560e+03 1.804006682096552368e+03 1.439706016806060918e+00 1.189769067494070187e+00 2.864995016474238128e+03
3.412911838283691850e+02 2.136417641719272069e+03 1.795126457890902884e+03 1.154729960281120515e+00 9.997228910050743877e-01 2.791321977913331466e+03
3.427270110103318075e+02 2.148098398012756661e+03 1.805371387002424854e+03 1.141097724006942649e+00 9.663034208403348257e-01 2.841096933505764810e+03
3.387892278572147688e+02 2.134440534121236396e+03 1.795651306264021514e+03 1.192734514514856459e+00 1.147844220307443708e+00 2.786970563636003135e+03
3.530409758981002710e+02 2.151317069995208385e+03 1.798276094097108171e+03 1.448714136761442894e+00 1.059653095668565470e+00 2.844223754759818803e+03
4.587414805668806821e+02 2.259851023994621301e+03 1.801109543427740618e+03 1.689917086188834849e+00 1.019033241392734768e+00 2.942479551181028455e+03
1.171692990823577929e+03 3.043825021255290267e+03 1.872132030431712337e+03 2.039321790603283002e+00 1.336328683385667349e+00 3.802135171697564601e+03
2.689621339378836637e+03 4.871796900054408979e+03 2.182175560675572342e+03 2.584836946624710308e+00 2.651486220597001342e+00 5.706114262013679763e+03
5.232863803414491485e+03 8.939356480658481814e+03 3.706492677243990329e+03 2.405078051711261100e+00 3.180171480107370829e+00 9.813998670164775831e+03
6.367590787891803302e+03 1.189869538816020577e+04 5.531104600268402464e+03 2.516983470768793918e+00 3.801460364148419591e-01 1.270965613007472348e+04
6.859390698810001595e+03 1.422464604776267151e+04 7.365255348952669920e+03 2.473723427027680888e+00 -9.343575239583454817e-01 1.492824944327031153e+04
6.908135591809965263e+03 1.478990312015854397e+04 7.881767528348578708e+03 2.501795509323898159e+00 -2.046621851934159242e+00 1.549605409713196423e+04
