5.251536753868285814e+02 3.036502657532738522e+04 2.983987289994055755e+04 2.483548767544779157e+00 -1.480043108482233860e+00 3.144963692524500220e+04
5.252275760695932831e+02 3.036659958968114734e+04 2.984137201361155530e+04 2.612838013757334821e+00 -3.116910920583582723e+01 3.149678471390537015e+04
5.252166692340510963e+02 3.036604425335628912e+04 2.984082758412223848e+04 2.475322118606655408e+00 -1.480043108482190783e+00 3.148013967845606749e+04
5.252112813422058935e+02 3.036557261915360868e+04 2.984036133781140234e+04 2.518394216147560538e+00 -2.114115706328663524e+00 3.146600343764139689e+04
5.252013927733228229e+02 3.036391378364595585e+04 2.983871239087263166e+04 2.429816361093687149e+00 -1.480043108482152592e+00 3.141628334088429983e+04
5.251812504180032875e+02 3.037046003449593263e+04 2.984527878407793105e+04 2.466297776649263973e+00 -2.114115706328663524e+00 3.161249342852689369e+04
5.251947177311748192e+02 3.036518675317273664e+04 2.983999203544156262e+04 2.553682906961189492e+00 -5.010219853751595176e-01 3.145443981613364667e+04
5.251194343948965297e+02 3.036873067440386512e+04 2.984361124000896962e+04 2.407868869130474820e+00 -2.114115706328663524e+00 3.156070405020148246e+04
5.251681069838219855e+02 3.036762742606900065e+04 2.984245931908517741e+04 2.424729891085965594e+00 -1.480043108482206549e+00 3.152802996497138520e+04
5.251193527630467770e+02 3.036582208473225910e+04 2.984070273196921335e+04 2.599412531691272843e+00 -4.628057827424644444e+01 3.148131735113733157e+04
6.913837419210957705e+03 1.791457929520823745e+04 1.100074187599727884e+04 2.410133219986835496e+00 1.632205553732794856e+00 1.880973691997404239e+04
4.104164357398041830e+03 6.990050809461705285e+03 2.885886452063663455e+03 2.383095679344172435e+00 2.272145998574837567e+00 7.802305841227765086e+03
1.357816413900622138e+03 3.269750958362174515e+03 1.911934544461552377e+03 2.209325802414460416e+00 1.533839291931150983e+00 3.993361886061173664e+03
4.715557156723372714e+02 2.283917834054837840e+03 1.812362118382500512e+03 1.919812298708526654e+00 7.955270309363341452e-01 2.955221785376154912e+03
3.402426782416723086e+02 2.135223917580284251e+03 1.794981239338611886e+03 1.196446208420304691e+00 1.390857951988298646e+00 2.798994648144576331e+03
3.393608152866097498e+02 2.132107370364289636e+03 1.792746555077679886e+03 1.079493020437781281e+00 9.729538374033044335e-01 2.774903473698232119e+03
3.390605406196190756e+02 2.129601497206403565e+03 1.790540956586784432e+03 1.071484764170401061e+00 1.446231481518433171e+00 2.797215937812993161e+03
3.378103733668532982e+02 2.127658218956958990e+03 1.789847845590105635e+03 1.405603639409944039e+00 1.296818886403608317e+00 2.785799493174015879e+03
3.389213388717750490e+02 2.133208306004911719e+03 1.794286967133136613e+03 1.137941665530612267e+00 1.163207104934430802e+00 2.788379335625797012e+03
3.393991361056228016e+02 2.130739503356177920e+03 1.791340367250555119e+03 1.312527488537981180e+00 1.215321137697390474e+00 2.786328974951304644e+03
3.372027613060661224e+02 2.130205283657417567e+03 1.793002522351351445e+03 1.191957680766910554e+00 1.078906975315062855e+00 2.791995791446992371e+03
3.357197377985120852e+02 2.135370254703335831e+03 1.799650516904823689e+03 1.260734917282601453e+00 1.073591706401072043e+00 2.813828304815344836e+03
3.393714808160805774e+02 2.148117691926067891e+03 1.808746211109987371e+03 1.486376752400280887e+00 1.013622571208339762e+00 2.849498360840312216e+03
5.979261375335322555e+02 2.414684021551670867e+03 1.816757884018138611e+03 1.909125324362868525e+00 1.290053679795694519e+00 3.153715974507116698e+03
1.204575433667607285e+03 3.089555632077279370e+03 1.884980198409672084e+03 2.129173332571585142e+00 1.501829943936902501e+00 3.847404296047739535e+03
2.927097950751769076e+03 5.206606047312505325e+03 2.279508096560736249e+03 2.206519003325951189e+00 2.589157902282944068e+00 6.066591392649452246e+03
4.897888911842667767e+03 8.299196815357463493e+03 3.401307903514795726e+03 2.406244484563432096e+00 2.938143366320050465e+00 9.124273280214496481e+03
6.447869642314130942e+03 1.213890659471352774e+04 5.691036952399396796e+03 2.489672277388355059e+00 -3.176603984430630412e-01 1.294296443239956898e+04
6.828599831452806939e+03 1.399386069973441226e+04 7.165260868281605326e+03 2.457829081929311155e+00 -1.547524811687564394e+00 1.474251332641850786e+04
6.880336854712005334e+03 1.448471215499264508e+04 7.604375300280639749e+03 2.421155151011035844e+00 -1.203825055671181365e+00 1.518518186233430970e+04
