5.251478689992108002e+02 3.036933488438035783e+04 2.984418701538114692e+04 2.587379265228167302e+00 -1.468521675688829520e+00 3.157876940532552544e+04
5.251581653298493393e+02 3.036398697858910964e+04 2.983882881325926064e+04 2.565286622227311852e+00 -4.447076949331012230e+01 3.141847720493721499e+04
5.251744043927542407e+02 3.036246120626879929e+04 2.983728680187604550e+04 2.536731109887144786e+00 -4.404093395424511215e+01 3.137274539662661846e+04
5.251293822857780924e+02 3.036509310617665687e+04 2.983996372389087992e+04 2.505564367831725647e+00 -1.480043108482174796e+00 3.145163104717775423e+04
5.250601306229262946e+02 3.036749275822778509e+04 2.984243262760485959e+04 2.515179451756623052e+00 -2.114115706328653754e+00 3.152355555794329121e+04
5.251779276073733627e+02 3.036827714005277448e+04 2.984309921244540237e+04 2.549026134050098591e+00 -2.114115706328661748e+00 3.154706577018809185e+04
5.251860791879878434e+02 3.036628700032432971e+04 2.984110092113634164e+04 2.577788724370190021e+00 -1.480043108482168579e+00 3.148741741760195146e+04
5.251306257625432181e+02 3.036399864205966514e+04 2.983886801629712136e+04 2.581121944681743940e+00 -1.480043108482150593e+00 3.141887187438839464e+04
5.251731561712550729e+02 3.036414756142937404e+04 2.983897440525811908e+04 2.582203962802829267e+00 -1.480043108482168357e+00 3.142372945454523142e+04
5.252025072369630152e+02 3.036559403842966276e+04 2.984039153119270122e+04 2.511695711986821511e+00 1.445498828045618467e+00 3.147454125048038986e+04
6.912835531402998640e+03 1.786370999985309754e+04 1.095087446845009981e+04 2.583206586330467847e+00 1.879900368436314695e+00 1.872442291592896800e+04
4.285243523445997198e+03 7.287307929054240958e+03 3.002064405608243760e+03 2.315111811829427158e+00 2.687556896872691059e+00 8.104998999431132688e+03
1.475578828112648807e+03 3.408330256718731107e+03 1.932751428606082300e+03 2.428809998021311589e+00 1.525520422339285309e+00 4.113757216502457595e+03
4.835281428566564728e+02 2.288932898361661501e+03 1.805404755505005141e+03 2.037200540621198375e+00 1.234985380717662062e+00 2.932759555317789363e+03
4.202560878492274128e+02 2.238865622837497540e+03 1.818609534988270070e+03 1.785585557465369400e+00 8.975379358574251398e-01 2.949198425275318641e+03
3.414664658876621957e+02 2.143691074384497369e+03 1.802224608496835117e+03 1.106499789982892112e+00 8.191319511280689136e-01 2.827602012211683359e+03
3.410739509645397334e+02 2.140060000514295552e+03 1.798986049549755762e+03 1.178792124126217145e+00 1.315732701929723580e+00 2.845262663167908158e+03
3.442653196701736533e+02 2.154701711299375347e+03 1.810436391629201808e+03 1.258718292289649154e+00 1.149306384606376019e+00 2.904275710973216974e+03
3.390071957031668148e+02 2.135722016633357271e+03 1.796714820930190399e+03 1.275048002080509946e+00 1.221990691593876965e+00 2.848200656969615466e+03
3.382105151468010149e+02 2.134195257354135720e+03 1.795984742207334648e+03 1.263325734714415116e+00 1.105274048497035366e+00 2.796128114522812211e+03
3.416946727731924511e+02 2.151022892976340700e+03 1.809328220203148248e+03 1.239718796224257291e+00 9.732671959449326060e-01 2.872094024089676168e+03
3.390385085389351048e+02 2.131499446178552262e+03 1.792460937639617214e+03 1.490358224844202439e+00 1.071821206343929633e+00 2.769622748324179156e+03
3.426709969351808240e+02 2.150374766741956137e+03 1.807703769806775199e+03 1.150412665309062055e+00 9.040927382078226549e-01 2.853645269491714316e+03
4.297671682235741173e+02 2.223460580247540747e+03 1.793693412023966630e+03 1.773084723454938505e+00 1.393940603557227931e+00 2.894044011943382429e+03
1.144687065632909253e+03 3.024316301145119269e+03 1.879629235512210016e+03 2.207787779038731468e+00 1.246529227947093643e+00 3.788848466193602235e+03
2.549273055754552843e+03 4.697043018950397709e+03 2.147769963195844866e+03 2.496147337102356811e+00 2.495348636600945635e+00 5.528136951924890127e+03
4.963844585118341456e+03 8.422781226140446961e+03 3.458936641022105505e+03 2.383995606282790281e+00 3.158129860326765126e+00 9.290331036329025665e+03
6.591485866958627412e+03 1.271059437495596467e+04 6.119108507997337256e+03 2.297359118702657188e+00 -1.195883041837469962e+00 1.350786114016801366e+04
6.856711052367575576e+03 1.422304069954215083e+04 7.366329647174575257e+03 2.615597122904890437e+00 -1.070439499385455795e+00 1.496710153077517498e+04
6.941391328569194229e+03 1.493280259725633732e+04 7.991411268687143092e+03 2.692469376176704454e+00 -9.569968390433037930e-01 1.563123833971247950e+04
