5.251368116482246933e+02 3.036451682104577412e+04 2.983938000939754784e+04 2.494762972704096526e+00 -2.114115706328661748e+00 3.143435811543877207e+04
5.251365742394996232e+02 3.036772411202563308e+04 2.984258753778613391e+04 2.601675507636804330e+00 -2.114115706328662636e+00 3.153048990019880875e+04
5.251582814554094512e+02 3.036719059758868389e+04 2.984203231613327443e+04 2.654548120505126896e+00 -1.480043108482228531e+00 3.151449892983338577e+04
5.251201550006645675e+02 3.036742483046778580e+04 2.984230467546711952e+04 2.715638240175887841e+00 -2.066423469522608247e+00 3.152151956651764340e+04
5.252080131004939858e+02 3.036526489751163899e+04 2.984005688441114398e+04 2.689097050920484566e+00 -1.480043108482179237e+00 3.145678013026943881e+04
5.251513896492232334e+02 3.036441599493026661e+04 2.983926460528104508e+04 2.570812268231717823e+00 -2.114115706328661304e+00 3.143133608593574172e+04
5.251584605577148750e+02 3.036375439791330791e+04 2.983859593735559247e+04 2.476459706608379108e+00 -1.480043108482216541e+00 3.141150798631340876e+04
5.252614932706678701e+02 3.036704920940578813e+04 2.984178771613512072e+04 2.652523442407482168e+00 -1.480043108482147263e+00 3.151030628626713224e+04
5.251457480620865681e+02 3.036340657008916969e+04 2.983826082202708494e+04 2.572470774749961553e+00 -1.480043108482144376e+00 3.140152179239785619e+04
5.252255947660750053e+02 3.036650188398823957e+04 2.984127628922216536e+04 2.399492634100900190e+00 -4.582704836916095559e+01 3.150150788944747910e+04
6.925050451830766178e+03 1.761593042468669591e+04 1.069087997285592974e+04 2.531253836476582642e+00 1.998847018973445744e+00 1.842214749604813551e+04
4.204677590794156458e+03 7.157339823780945153e+03 2.952662232986788695e+03 2.445137044807607740e+00 2.401784365234441943e+00 7.958149028912897847e+03
1.380243346989235988e+03 3.289760263737985952e+03 1.909516916748749964e+03 2.361318857439246077e+00 1.466794590019802058e+00 3.987151130149089568e+03
6.021770349204025479e+02 2.417771527659174353e+03 1.815594492738771805e+03 2.097687647690001267e+00 1.062880383983142663e+00 3.069515362004007329e+03
3.516263946120139963e+02 2.152416856034623379e+03 1.800790461422609496e+03 1.897620486187920674e+00 1.384278364180841159e+00 2.854820619137448830e+03
3.398159743226499359e+02 2.134164096676049667e+03 1.794348122353399731e+03 1.116275080628346794e+00 9.936982800318260312e-01 2.786509818869179526e+03
3.380805992168043872e+02 2.135589095427380016e+03 1.797508496210575686e+03 1.462115886715499302e+00 1.131713080364879387e+00 2.781914153929415988e+03
3.411962673974296649e+02 2.137167442140902040e+03 1.795971174743472375e+03 9.714257186048956827e-01 1.341141485776990327e+00 2.813359453478969499e+03
3.385471428992839833e+02 2.141520881075781745e+03 1.802973738176497818e+03 9.656400432062124395e-01 8.928188963485791385e-01 2.799626567593239997e+03
3.396738276825643084e+02 2.134896776365903861e+03 1.795222948683339609e+03 1.241222384871259132e+00 9.962929486101880228e-01 2.812947630033879250e+03
3.402591630712807955e+02 2.131312685678096386e+03 1.791053522606815477e+03 1.434843806458001580e+00 1.462730327458317214e+00 2.782669540257288645e+03
3.429343090376092960e+02 2.139331114073534081e+03 1.796396805035924899e+03 1.239726261645030858e+00 1.144329218846664276e+00 2.803335069881154141e+03
3.933686814156453693e+02 2.198459259914850463e+03 1.805090578499205094e+03 1.839613434961408389e+00 1.073233306577696000e+00 2.885517842865968305e+03
4.948293796231900501e+02 2.297257828995847831e+03 1.802428449372657724e+03 1.771544310514849840e+00 1.401984894654821678e+00 3.000302517178140533e+03
1.276451372531622155e+03 3.155703959004444641e+03 1.879252586472822486e+03 2.179137112257644837e+00 1.807791509602780122e+00 3.885698473212375575e+03
3.004006609676006519e+03 5.306876620887597710e+03 2.302870011211591191e+03 2.326315599557481573e+00 2.416092575891947813e+00 6.205905554043029952e+03
5.008087048024943215e+03 8.499783891050961756e+03 3.491696843026018541e+03 2.406320047113340355e+00 2.850199331615572262e+00 9.391386611420850386e+03
6.439676118199258781e+03 1.215898217076350738e+04 5.719306052564248603e+03 2.577034754934665717e+00 -6.900465613198950576e-01 1.292969921035158586e+04
6.881208392329218441e+03 1.447346993209193352e+04 7.592261539762715074e+03 2.455060744978286635e+00 -1.116021865472945906e+00 1.519880704436033193e+04
6.957526086097343978e+03 1.526678941963456236e+04 8.309263333537219296e+03 2.595732484289059894e+00 -1.121857690818366171e+00 1.602818780375216375e+04
