5.252100749505347039e+02 3.036600681651051491e+04 2.984079674155998146e+04 2.604379964665935798e+00 -1.480043108482222536e+00 3.147901758793734189e+04
5.251545625074363670e+02 3.036705942855148896e+04 2.984190486604405305e+04 2.690520396883589793e+00 -3.239184191603444507e+00 3.151056741450402842e+04
5.251434165778759962e+02 3.036460246074730458e+04 2.983945904416942722e+04 2.480046209105292832e+00 -1.468521675688837957e+00 3.143692498492736195e+04
5.251140610550504562e+02 3.036109180886249669e+04 2.983597774780744658e+04 2.517486940297837705e+00 -1.480043108482156811e+00 3.133170059665427470e+04
5.252425934769991045e+02 3.036253204338483920e+04 2.983728944990783930e+04 2.557391569490179428e+00 -4.432359958976343961e+01 3.137486858986339575e+04
5.252026449055942976e+02 3.036218869934383110e+04 2.983698605443823544e+04 2.548708899311865839e+00 -1.480043108482179237e+00 3.136457759702713156e+04
5.251776420057881296e+02 3.036442323314136229e+04 2.983924559113557552e+04 2.600901412841803317e+00 -1.480043108482171021e+00 3.143155493433266747e+04
5.251707724227370591e+02 3.036528561187429659e+04 2.984011483945155851e+04 2.766919491008287491e+00 -1.480043108482187009e+00 3.145744540497226990e+04
5.251151597342351351e+02 3.037225015340004757e+04 2.984713499366581163e+04 2.603536057518890612e+00 -3.239184191603455165e+00 3.166658925175956392e+04
5.251858835461124499e+02 3.036530201871590180e+04 2.984011613516978832e+04 2.451273432333017421e+00 -1.480043108482197667e+00 3.146603291844876730e+04
6.905522758463331229e+03 1.801851687892377959e+04 1.111299412046044745e+04 2.684837229146725068e+00 1.390494494445647433e+00 1.895418907805027993e+04
4.032481809045419141e+03 6.874932301905114400e+03 2.842450492859695260e+03 2.719795873002379238e+00 2.465916678169342457e+00 7.647390211316024761e+03
1.369118366253991098e+03 3.290636865104380377e+03 1.921518498850389278e+03 2.139114819776896770e+00 1.197440778231795733e+00 4.002063637707874932e+03
4.025668009078967771e+02 2.198980497795645078e+03 1.796413696887748301e+03 2.084184273833534107e+00 1.366964004774577246e+00 2.863069179041108328e+03
3.650126995711164568e+02 2.161413840480765884e+03 1.796401140909649484e+03 1.501665187589311223e+00 1.346984777601667238e+00 2.831893847708328849e+03
3.395032887937004489e+02 2.131434332436258501e+03 1.791931043642558052e+03 1.237580660941813404e+00 1.205303725992461494e+00 2.797300489724755607e+03
3.416502293189926718e+02 2.149214766946536656e+03 1.807564537627544041e+03 1.217806719598181209e+00 7.179261674831116657e-01 2.824382029339006749e+03
3.402602055166130413e+02 2.136061846797751969e+03 1.795801641281138927e+03 1.163044752764533785e+00 1.263843498655344844e+00 2.816269155669280735e+03
3.396408327357689245e+02 2.143663675321413393e+03 1.804022842585644412e+03 1.445862049749988110e+00 9.493848379319981268e-01 2.833281477764151077e+03
3.389958938785944156e+02 2.130799111146425730e+03 1.791803217267831315e+03 1.093233346729980182e+00 9.795699886999759132e-01 2.767571519419867855e+03
3.387412355256898309e+02 2.135435252341039813e+03 1.796694016815350096e+03 1.110433390370136664e+00 1.210905248639901233e+00 2.787824101047565364e+03
3.406970346240895537e+02 2.140374154197548251e+03 1.799677119573458640e+03 1.600015985233086857e+00 1.129707778042614796e+00 2.851184056407889329e+03
3.555460033378979006e+02 2.161599687044669281e+03 1.806053683706771380e+03 1.171058675046948272e+00 8.496571945206526921e-01 2.848659877979786415e+03
5.228924560560300279e+02 2.338533138772943403e+03 1.815640682716913489e+03 2.358957602284068589e+00 9.745575682614552315e-01 3.077470903488697331e+03
1.230508163124480234e+03 3.108053151758824242e+03 1.877544988634344008e+03 2.207551557343216952e+00 1.680978210413991425e+00 3.881767188886990880e+03
2.589681793524070599e+03 4.736661157716952403e+03 2.146979364192881803e+03 2.517491508007934531e+00 2.657890346006784199e+00 5.508178172181018454e+03
4.847510257450064273e+03 8.189192840333827007e+03 3.341682582883762734e+03 2.432930301951591545e+00 3.069419434659115264e+00 9.019304659079409248e+03
6.206460990173630307e+03 1.136965648504213459e+04 5.163195494868504284e+03 2.458689528556981418e+00 -4.590926456290665425e-01 1.212057016793275761e+04
6.785502263831369419e+03 1.373724805602414744e+04 6.951745792192778026e+03 2.619001460007237547e+00 -1.526925475043097835e+00 1.443175413400089019e+04
6.895575110776071597e+03 1.454237307633080491e+04 7.646797965554733310e+03 2.417606689192913105e+00 -1.184327070225308365e+00 1.532565095254715197e+04
