5.252132836614690632e+02 3.036405753159965025e+04 2.983884424793818107e+04 2.479061309505343313e+00 -1.480043108482198777e+00 3.142059188267289210e+04
5.252137367461630220e+02 3.036661195847695126e+04 2.984139822173078937e+04 2.456935690992055665e+00 -1.480043108482202996e+00 3.149715544247994330e+04
5.250472163742304019e+02 3.036507701464046841e+04 2.984002979826623778e+04 2.550481939079917826e+00 1.445498828045639117e+00 3.145114873730780164e+04
5.251521353537608547e+02 3.036348414431127458e+04 2.983833200895751361e+04 2.577071938017970076e+00 -1.480043108482174796e+00 3.140340580765356208e+04
5.251685657470288788e+02 3.036509931886546838e+04 2.983993075311843859e+04 2.611717236546746701e+00 -2.114115706328673294e+00 3.145181725946555161e+04
5.251059888528595820e+02 3.036844634094684079e+04 2.984334035209398280e+04 2.468061577204151202e+00 -4.436943409768010582e+01 3.155213721038536096e+04
5.251783716065415319e+02 3.036791870292178282e+04 2.984274033131524266e+04 2.539423242600069575e+00 -3.239184191603444507e+00 3.153632425058522131e+04
5.250966487039744379e+02 3.036634602370803987e+04 2.984124937500406668e+04 2.531301176183972768e+00 7.999047974058445254e-01 3.148922921745997519e+04
5.250942895182328130e+02 3.037255471265489177e+04 2.984746042313665748e+04 2.476174499826448994e+00 -2.114115706328663524e+00 3.167571575019500233e+04
5.251873527342823991e+02 3.036330442301211588e+04 2.983811707027783268e+04 2.478015765678093008e+00 -1.480043108482173020e+00 3.140620107006164471e+04
6.925602900667628091e+03 1.779367927429639167e+04 1.086807637362876267e+04 2.444523614633927533e+00 1.977399228876871362e+00 1.868045123673436683e+04
3.840309523568993882e+03 6.565821653868445537e+03 2.725512130299451655e+03 2.381795071370997885e+00 2.404520234375478793e+00 7.332759917282004608e+03
1.332364438860232667e+03 3.254861153747090611e+03 1.922496714886857944e+03 2.207079675964195520e+00 1.326381081844138388e+00 4.001665889329377478e+03
4.348560251189806536e+02 2.240851885466967815e+03 1.805995860347987218e+03 2.152084792084478337e+00 1.290491533554044112e+00 2.942837153039829445e+03
3.381212318136462045e+02 2.127902455576902867e+03 1.789781223763256548e+03 1.553588251035275647e+00 9.952668066109889855e-01 2.783375940239370721e+03
3.380456441645162045e+02 2.136995918865094609e+03 1.798950274700578348e+03 1.499004362065799123e+00 1.026921464674047435e+00 2.778509611098573259e+03
3.371766433392872386e+02 2.129888905346177125e+03 1.792712262006889887e+03 1.140283495601645658e+00 1.697050955926280080e+00 2.814299055849467095e+03
3.396680424393682642e+02 2.133337594166884173e+03 1.793669551727515909e+03 1.197589997026713204e+00 1.241164260137849640e+00 2.800032725528321407e+03
3.392333131043660046e+02 2.132711543424558386e+03 1.793478230320192324e+03 1.175284707755354541e+00 1.164850638785892567e+00 2.798147870862775108e+03
3.370946716304672464e+02 2.127215406992121189e+03 1.790120735361653942e+03 1.223468367437698712e+00 1.208772736424364780e+00 2.776848393384122119e+03
3.359065743469943754e+02 2.132637494069793320e+03 1.796730919722798944e+03 1.254549827323262479e+00 1.139267369858645074e+00 2.819611783511165868e+03
3.522581924672003879e+02 2.144284415255409840e+03 1.792026222788209452e+03 1.498870954690600277e+00 1.378865156831792005e+00 2.827514100970213349e+03
3.781508937946449578e+02 2.180294964173721382e+03 1.802144070379076311e+03 1.971701498528974028e+00 1.091255944110492093e+00 2.869790955940304684e+03
4.854697775574716729e+02 2.294907185253742227e+03 1.809437407696270611e+03 1.938358780282879223e+00 1.018641335965928540e+00 3.004274935313010701e+03
1.279094832413516997e+03 3.158508648719416669e+03 1.879413816305899672e+03 2.224997960148710430e+00 1.768339305529959882e+00 3.944107449337007893e+03
2.898745204804760306e+03 5.164709777208093328e+03 2.265964572403333023e+03 2.281547951776285554e+00 2.550363773031076864e+00 6.046644147549121044e+03
5.069186593006100338e+03 8.614052321100940389e+03 3.544865728094840051e+03 2.387777071700092346e+00 3.196206110501663034e+00 9.393880324002784619e+03
6.303322375519705929e+03 1.166387436159100434e+04 5.360551986071298415e+03 2.558570097730799020e+00 -4.409185684677541239e-01 1.241567730647909229e+04
6.887050187228307550e+03 1.445022424915452029e+04 7.563174061926212744e+03 2.618049370804325537e+00 -9.233107817712830068e-01 1.520825886607986286e+04
6.962408403036666641e+03 1.548790261098861265e+04 8.525494207951946009e+03 2.433561417115238878e+00 -7.308455677639679182e-01 1.629747653669993997e+04
