5.252104058502210364e+02 3.036916861194305238e+04 2.984395820609282964e+04 2.478574516486641510e+00 -2.114115706328663524e+00 3.157378573959312416e+04
5.251654314654841755e+02 3.036996225822708584e+04 2.984479682676160155e+04 2.408490145827943518e+00 -2.114115706328665745e+00 3.159757361360686264e+04
5.251567329322723481e+02 3.036669712679903023e+04 2.984154039386675868e+04 2.472044521057859878e+00 -3.239184191603455165e+00 3.149970818336168304e+04
5.251939637427665275e+02 3.036733555105255800e+04 2.984214158730979034e+04 2.460109326694076781e+00 -4.645050327568875304e+01 3.151884360428752552e+04
5.250783971104858665e+02 3.036839828735965057e+04 2.984331989024916402e+04 2.557918535176014085e+00 -1.480043108482165692e+00 3.155069688442310871e+04
5.251623570694165437e+02 3.037007312033356720e+04 2.984491076326414986e+04 2.610583877235503891e+00 -1.480043108482184344e+00 3.160089649246364206e+04
5.251531567900501614e+02 3.037041070089071218e+04 2.984525754410066293e+04 2.705657149491474289e+00 -2.114115706328670630e+00 3.161101665161071651e+04
5.251437250615887251e+02 3.036881594781410604e+04 2.984367222275251697e+04 2.715731671085890309e+00 -3.239184191603448948e+00 3.156326018092608501e+04
5.251864680362864419e+02 3.036459980870227082e+04 2.983941334066598574e+04 2.459002076549132276e+00 -1.480043108482175240e+00 3.143728570228821991e+04
5.251911208417235457e+02 3.036582406673080914e+04 2.984063294588908684e+04 2.522984647688066406e+00 -2.914098275031689766e+01 3.148159437190425160e+04
6.918637752688543515e+03 1.776905998782143070e+04 1.085042223513288627e+04 2.622449470195867161e+00 2.042704282742512145e+00 1.868912633929102958e+04
4.201298220969693830e+03 7.167042902415097160e+03 2.965744681445403330e+03 2.434951930926282149e+00 2.175440439655758507e+00 7.917283090764157350e+03
1.391819012268643519e+03 3.303144012570442555e+03 1.911325000301799037e+03 2.274301227709163875e+00 1.639177919089670921e+00 4.008869021497078393e+03
4.958765463997121401e+02 2.306964752346581463e+03 1.811088205946869266e+03 2.058217580835231875e+00 1.047091089085489424e+00 3.004369299456286171e+03
3.440542774508335242e+02 2.150845639559582196e+03 1.806791362108748672e+03 9.928516050884622635e-01 9.351313500171102300e-01 2.848607252833380244e+03
3.378480513598452717e+02 2.133108267103019898e+03 1.795260215743174740e+03 1.201042090627241654e+00 1.356099576460198408e+00 2.815830647460646105e+03
3.372606342653946285e+02 2.135833502345233683e+03 1.798572868079839054e+03 1.224337299689342684e+00 8.034891946833413456e-01 2.785426729586418332e+03
3.386529884493664895e+02 2.145756813928641350e+03 1.807103825479274747e+03 1.275428221895538172e+00 9.033263324143742112e-01 2.819290260099629450e+03
3.376553500035516322e+02 2.134340432172955843e+03 1.796685082169404268e+03 1.132203081440311454e+00 1.157698196335638530e+00 2.846794552045682394e+03
3.411182168070012608e+02 2.140410799066752134e+03 1.799292582259750816e+03 1.180746299061804283e+00 1.058613266330364899e+00 2.782918336322167761e+03
3.391502095962496242e+02 2.143792426039042311e+03 1.804642216442792687e+03 1.171227084917478400e+00 1.007654204057364611e+00 2.836922658385228260e+03
3.370682421448458967e+02 2.128108455563552980e+03 1.791040213418707026e+03 1.254029581519740644e+00 1.300835742804438366e+00 2.756361180416243315e+03
3.886872375891191496e+02 2.185244972828534628e+03 1.796557735239415479e+03 1.443965320482677006e+00 1.221313956903516962e+00 2.860635004857513195e+03
4.668068149960321875e+02 2.272468744952353518e+03 1.805661929956321273e+03 1.700025074228448618e+00 9.939330279784287514e-01 2.904141203714734729e+03
1.017396143214331232e+03 2.860819628630027637e+03 1.843423485415696405e+03 2.056510310669738661e+00 1.671821501088205819e+00 3.574302281547156781e+03
3.185561164963967258e+03 5.557028796060939385e+03 2.371467631096972127e+03 2.297377213670293461e+00 2.713253175430587305e+00 6.450009414067312719e+03
5.173219100751101905e+03 8.824577520667296994e+03 3.651358419916195089e+03 2.300359757402990368e+00 2.630868115514855887e+00 9.712407055079393103e+03
6.417849137095777223e+03 1.207027824941720428e+04 5.652429112321427056e+03 2.512489030499748921e+00 -1.085158741690670725e+00 1.281334868635669773e+04
6.797351017340923136e+03 1.376317462714956855e+04 6.965823609808645415e+03 2.630474043543638896e+00 -1.460351221377113484e+00 1.445407062240722007e+04
6.960578017583676228e+03 1.529888255456087791e+04 8.338304536977200769e+03 2.488202635872363899e+00 -8.973725706518327350e-01 1.620377285125372873e+04
