5.251626955747333341e+02 3.036129240057448624e+04 2.983612970499975199e+04 2.511284365185797895e+00 -1.480043108482156811e+00 3.133771291028992709e+04
5.250787036311118072e+02 3.036629979495408406e+04 2.984122109132297192e+04 2.510643886641245270e+00 -1.480043108482182790e+00 3.148779899905669663e+04
5.251082152699568724e+02 3.037184043247158115e+04 2.984673221720162474e+04 2.543055116145456651e+00 -2.114115706328671074e+00 3.165386792657808110e+04
5.252120219398005929e+02 3.036381724573128668e+04 2.983860522379148460e+04 2.451770446160115746e+00 -1.480043108482174796e+00 3.141338982039595066e+04
5.251735981849924428e+02 3.036347827850106842e+04 2.983830468031607597e+04 2.541736649329163988e+00 -1.480043108482205660e+00 3.140322999239875207e+04
5.251241366049480348e+02 3.036907254989383364e+04 2.984394841328888651e+04 2.604009439085473332e+00 -2.114115706328683508e+00 3.157090650262399140e+04
5.251563964316920874e+02 3.036095130285648702e+04 2.983579490642479504e+04 2.595337159483321887e+00 -1.468521675688846395e+00 3.132749112321433131e+04
5.251778272456332388e+02 3.036301739114860538e+04 2.983783956390297317e+04 2.464609032295774327e+00 -4.475557721854826809e+01 3.138946088491923729e+04
5.251500260795721715e+02 3.036826751313732166e+04 2.984311748705774880e+04 2.579299419964385276e+00 -1.480043108482185232e+00 3.154721653021287057e+04
5.250590481621052277e+02 3.036823378542600403e+04 2.984317473726390017e+04 2.505243102759797669e+00 -2.114115706328651090e+00 3.155373815532731896e+04
6.969451034088317101e+03 1.713021360305954659e+04 1.016076256897122948e+04 2.613064967017168616e+00 2.406599336657915700e+00 1.805533736452561425e+04
4.317676433896536764e+03 7.359505506248659003e+03 3.041829072352122239e+03 2.509387162051605724e+00 2.294314453370761786e+00 8.153198075534113741e+03
1.476605112246649469e+03 3.410144118564036035e+03 1.933539006317386566e+03 2.282794331600921378e+00 1.161043165733888438e+00 4.123072979179043614e+03
4.328284291675745976e+02 2.235342543245023080e+03 1.802514114077448539e+03 2.123279745729452106e+00 1.057697023013616677e+00 2.875903166131779017e+03
3.509978178582030637e+02 2.153552132745684958e+03 1.802554314887481951e+03 1.834109921111418684e+00 9.819472758188073636e-01 2.829063315260179479e+03
3.390899606757502056e+02 2.126216389619561596e+03 1.787126428943811334e+03 1.101394358280760599e+00 1.558057415257539269e+00 2.810664792597719952e+03
3.375436678941839546e+02 2.127658712408303472e+03 1.790115044514119518e+03 9.898881884750778681e-01 1.062119281493232537e+00 2.747839235767511582e+03
3.419965911129881420e+02 2.154455019386032291e+03 1.812458428273044092e+03 1.169343794809622805e+00 8.334721680080811046e-01 2.890729210521636560e+03
3.406367502910366056e+02 2.152325878413629198e+03 1.811689128122592592e+03 1.487567669225089872e+00 1.012672988099957649e+00 2.854040657335810010e+03
3.409573140530487194e+02 2.135382093793975400e+03 1.794424779740926624e+03 1.033962549329324965e+00 1.020894391520009714e+00 2.776618729561650980e+03
3.377440182790674612e+02 2.138738758297818549e+03 1.800994740018751145e+03 1.269309045847736739e+00 1.107946972183314616e+00 2.811330444303107470e+03
3.383377478234554587e+02 2.143423237742184483e+03 1.805085489918729081e+03 1.260872109979357170e+00 8.536856035573693324e-01 2.820981127016611481e+03
3.660046925085933367e+02 2.160897307532654850e+03 1.794892615024061570e+03 1.964548691041001049e+00 1.410676418969871060e+00 2.834054147631916294e+03
4.708507361156948150e+02 2.275265072891820637e+03 1.804414336776125765e+03 1.852148309480137423e+00 1.187892349423267158e+00 2.981288922881960389e+03
1.105259129129141002e+03 2.963821701305546412e+03 1.858562572176405411e+03 2.201388166634993038e+00 1.810088707728191304e+00 3.687629312089812174e+03
3.172052932971223527e+03 5.552067771646728033e+03 2.380014838675504507e+03 2.232215554110654754e+00 2.588850161305711328e+00 6.411315404714417127e+03
5.143984456280704762e+03 8.789388137835907401e+03 3.645403681555202638e+03 2.750648922443211575e+00 3.018337742156139480e+00 9.622473202201883396e+03
6.627356846592676447e+03 1.291170787823967657e+04 6.284351031647000127e+03 2.508312904872580962e+00 -7.363147604635287280e-01 1.364849317551787499e+04
6.878974198568160318e+03 1.441454229335398486e+04 7.535568094785824542e+03 2.516358964280379418e+00 -7.159933576244442710e-01 1.515109956811716802e+04
6.939395268416875297e+03 1.498065346263731772e+04 8.041258194220442419e+03 2.570217616822077389e+00 -8.584719405378912205e-01 1.574162473461331138e+04
