5.251610434951007846e+02 3.036522586660459638e+04 2.984006482310949650e+04 2.470640603321296869e+00 7.999047974058445254e-01 3.145561026108827355e+04
5.251719206625760989e+02 3.036541253219533610e+04 2.984024061153276125e+04 2.549405171829425942e+00 -1.480043108482199221e+00 3.146120516859734198e+04
5.250953256427216047e+02 3.036653889192366114e+04 2.984144356628094101e+04 2.495905586661820497e+00 -1.480043108482092862e+00 3.149496542660054547e+04
5.251772850190322970e+02 3.036889795954896908e+04 2.984372067452993724e+04 2.619385084521463458e+00 -2.114115706328661304e+00 3.156567350473246915e+04
5.251782055097199873e+02 3.036390167101634142e+04 2.983872346550662041e+04 2.535281730329376870e+00 -1.577650677154822567e+01 3.141592029034844381e+04
5.252064802461849240e+02 3.036889547759687048e+04 2.984368899735068408e+04 2.492142103597913660e+00 -2.114115706328661304e+00 3.156559913418877477e+04
5.251354592162070958e+02 3.036906977098443531e+04 2.984393431176822924e+04 2.573027457045232946e+00 -1.480043108482177017e+00 3.157082511928518215e+04
5.251872745084511962e+02 3.036139276539415005e+04 2.983620549088569896e+04 2.555428990030758740e+00 -4.469136219256748177e+01 3.134076660239350895e+04
5.251516253469530966e+02 3.036536832503538608e+04 2.984021669968843344e+04 2.485870420922372315e+00 -1.748981334675285026e+01 3.146032229852314413e+04
5.251917505752154511e+02 3.036643399769661119e+04 2.984124224712139403e+04 2.413540152537846151e+00 -1.480043108482207437e+00 3.150064951881814704e+04
6.869574519626278743e+03 1.837535539818750840e+04 1.150578087856122875e+04 2.519925635740816183e+00 9.728352457666807895e-01 1.927871420822506479e+04
4.383765524863790233e+03 7.457613213313866254e+03 3.073847688450076021e+03 2.359912660112553073e+00 2.433677285708294225e+00 8.227306643132071258e+03
1.453657366044760693e+03 3.379589488914281446e+03 1.925932122869520754e+03 2.247482998975637525e+00 1.500179069283347877e+00 4.085931235882489545e+03
4.305903009104201260e+02 2.234793712444306038e+03 1.804203411533885856e+03 1.964585531192452050e+00 1.162501338284019026e+00 2.896777832243901230e+03
3.656762040470185866e+02 2.165785525111647530e+03 1.800109321064629057e+03 1.762403521760224523e+00 1.212571606114727807e+00 2.826661852708477909e+03
3.511398228321547208e+02 2.154267445725858579e+03 1.803127622893703801e+03 1.572685184596697150e+00 1.053919473570624321e+00 2.845317506942719319e+03
3.399622933004031324e+02 2.139148150924727815e+03 1.799185857624324626e+03 9.818165206613888030e-01 1.268979283806563219e+00 2.832379192109001451e+03
3.384716997676206347e+02 2.128276608509337620e+03 1.789804908741717099e+03 1.174457276204067258e+00 1.266772878033766370e+00 2.789792494521217122e+03
3.417837870650253649e+02 2.139004399917391311e+03 1.797220612852366003e+03 9.893801576572917034e-01 1.029814897630369153e+00 2.816708012141165000e+03
3.404025089608552435e+02 2.140008293050774682e+03 1.799605784089919325e+03 1.216852564173271256e+00 9.443623117053793203e-01 2.791840451631169799e+03
3.417530598679052218e+02 2.138208105412110854e+03 1.796455045544205632e+03 1.119299460819182856e+00 1.070469045352914650e+00 2.820272248487564866e+03
3.395117916195738985e+02 2.144966377272743557e+03 1.805454585653169715e+03 1.160084168342941480e+00 1.157666991085916086e+00 2.848388976408825329e+03
3.630726381437393115e+02 2.157785229667422300e+03 1.794712591523682931e+03 1.281723368763018067e+00 9.405625360807107205e-01 2.809969190415360117e+03
4.598363379292927675e+02 2.266893052508920846e+03 1.807056714579628078e+03 1.619237023894079419e+00 1.248594504769788838e+00 2.996936138415355344e+03
1.079428670703425269e+03 2.933175296826035265e+03 1.853746626122609996e+03 2.238649444417774692e+00 1.935760084907429457e+00 3.669739764041675244e+03
2.949527237725609666e+03 5.237338947462309079e+03 2.287811709736699413e+03 2.445162483897071137e+00 2.320469921863001161e+00 6.043105832649396689e+03
5.234597467804213011e+03 8.941354941980509466e+03 3.706757474176296455e+03 2.398118130336632348e+00 3.047900583198401847e+00 9.848036727989743667e+03
6.429430479272767116e+03 1.209760599229151740e+04 5.668175513018750280e+03 2.580507879332646581e+00 -4.734722772346631192e-01 1.294485441649848508e+04
6.839563117647381659e+03 1.406367396896617538e+04 7.224110851318793721e+03 2.481333738234683395e+00 -1.159778207100250924e+00 1.483725527062668334e+04
6.940097727324866355e+03 1.510364756748186119e+04 8.163549840156994833e+03 2.525190465200652046e+00 -1.214800618823192568e+00 1.582915856983878803e+04
