5.251431512891557531e+02 3.036240007456930834e+04 2.983725692328015430e+04 2.643423324448347156e+00 -1.480043108482186343e+00 3.137091310282606355e+04
5.251031819632388533e+02 3.036553245501339916e+04 2.984042927305016201e+04 2.661629160536571614e+00 -1.480043108482165692e+00 3.146479960222091904e+04
5.251793532112003504e+02 3.036727200692888073e+04 2.984209265371768197e+04 2.565114952134415649e+00 -2.114115706328657751e+00 3.151693900315833889e+04
5.251721842345706364e+02 3.036758029834966874e+04 2.984240811411509640e+04 2.469699306484540724e+00 -1.468521675688844397e+00 3.152617938848316771e+04
5.251874955468500730e+02 3.036569998485836186e+04 2.984051248931151349e+04 2.454852112768584949e+00 7.999047974057997834e-01 3.146982095613692582e+04
5.251508193828257163e+02 3.036783583137738242e+04 2.984268501199455568e+04 2.567991878903301384e+00 -1.480043108482181013e+00 3.153383847301080095e+04
5.252253776858927949e+02 3.036514663841914808e+04 2.983992126073325562e+04 2.599504249287883262e+00 -2.114115706328657751e+00 3.145323745081075685e+04
5.251957638357984024e+02 3.036879547217378422e+04 2.984359970833798434e+04 2.530433518408657267e+00 7.999047974057997834e-01 3.156264681934994587e+04
5.252129074646302342e+02 3.036806044813847984e+04 2.984284754067385074e+04 2.602563316686806072e+00 -1.480043108482177017e+00 3.154100881152851071e+04
5.251512563758071792e+02 3.036140110832894425e+04 2.983624985195313639e+04 2.501475407465452161e+00 -1.480043108482177017e+00 3.134875841639115606e+04
6.935247924063193750e+03 1.761935904937614396e+04 1.068411112531294930e+04 2.440802085616499806e+00 1.985798353152674389e+00 1.854549906460052443e+04
4.306932638029406917e+03 7.327732449066598747e+03 3.020799811037191830e+03 2.418950007959289383e+00 2.530129058183559376e+00 8.090215966028549701e+03
1.510131008906432044e+03 3.441882669143983094e+03 1.931751660237551050e+03 2.298357061442153348e+00 1.826178534260601394e+00 4.141293153201876521e+03
4.410907670029141059e+02 2.242059818797945809e+03 1.800969051795031646e+03 2.031070395722031297e+00 1.481011426049938962e+00 2.881533922666245871e+03
3.503911346174094774e+02 2.155997184073526114e+03 1.805606049456116580e+03 1.562738439181397432e+00 8.820394858234066326e-01 2.838671737704230964e+03
3.389717051925341025e+02 2.129723790462295710e+03 1.790752085269761665e+03 1.247446051975562353e+00 1.228126810061795693e+00 2.784394307245495384e+03
3.400782452681331733e+02 2.136148805168937542e+03 1.796070559900804255e+03 1.785846457338235105e+00 1.014418200724836128e+00 2.783890028500730295e+03
3.383874061963988424e+02 2.130766644767260004e+03 1.792379238570861162e+03 1.195125624943298659e+00 1.263155711026964001e+00 2.773098121922854261e+03
3.435280340058658339e+02 2.155339268389265271e+03 1.811811234383399551e+03 1.211434649859536528e+00 1.074053078238925041e+00 2.903371549529541426e+03
3.366606285567251575e+02 2.132973912962539089e+03 1.796313284405813874e+03 1.536764738472427894e+00 1.067029960977829761e+00 2.776364112128419492e+03
3.382089740972397180e+02 2.127832067649149394e+03 1.789623093551909733e+03 1.007653317272786397e+00 1.321810559365325988e+00 2.802026987642888798e+03
3.404784544088148550e+02 2.139568711574155714e+03 1.799090257165340972e+03 1.210383532584204724e+00 9.479152949977299736e-01 2.797679092411694910e+03
3.399394768385366774e+02 2.135475424424112134e+03 1.795535947585575514e+03 1.570514054614986721e+00 8.144826006702027277e-01 2.769725464030455896e+03
4.846519333356163770e+02 2.292870160486354052e+03 1.808218227150737675e+03 1.961958519584680927e+00 1.152903746097376558e+00 2.999673896540952228e+03
1.329008432303728796e+03 3.222765504572747432e+03 1.893757072269018636e+03 2.077887704058285490e+00 1.546006807969377617e+00 3.986778187461536163e+03
2.918009092935905301e+03 5.203774116502125253e+03 2.285765023566219952e+03 2.465086895950823198e+00 2.526161521690242662e+00 6.098709568873977332e+03
5.051875784647148066e+03 8.591305855099979453e+03 3.539430070452831387e+03 2.375422642262261075e+00 3.069224182037018966e+00 9.455482949323997673e+03
6.311551320225921700e+03 1.171098051507905984e+04 5.399429194853138142e+03 2.567772785938359892e+00 -3.327436733193887552e-01 1.245772656145697511e+04
6.803120707702688378e+03 1.381365217787736401e+04 7.010531470174675633e+03 2.457801673323291691e+00 -1.266453741768873043e+00 1.446464441821924993e+04
6.941695551577234255e+03 1.503003190992617965e+04 8.088336358348945396e+03 2.572744867851847861e+00 -8.354465184935988553e-01 1.576554484695551400e+04
