5.250659037937972471e+02 3.036779962849826916e+04 2.984273372470447066e+04 2.460425433422631425e+00 -1.480043108482205438e+00 3.153275334724501954e+04
5.251936792057139201e+02 3.036735751168175921e+04 2.984216383247604608e+04 2.496125713210465946e+00 -1.480043108482163250e+00 3.151950182784357457e+04
5.251219377399881978e+02 3.037003211761792772e+04 2.984491017987794112e+04 2.713483614697954405e+00 -2.114115706328663524e+00 3.159966750155142290e+04
5.251440425025191416e+02 3.036625552449804309e+04 2.984111148199552554e+04 2.540600433532323787e+00 -1.480043108482187231e+00 3.148647208547777700e+04
5.251580417004500987e+02 3.036619800379025764e+04 2.984103996208980607e+04 2.512511688746354555e+00 -1.480043108482216541e+00 3.148474802358149827e+04
5.252261986090310302e+02 3.036943606722378900e+04 2.984420986861475831e+04 2.569034635436240777e+00 -2.114115706328663524e+00 3.158180216852483500e+04
5.251688833272210104e+02 3.036632578985991495e+04 2.984115690653269485e+04 2.523069217713026280e+00 -1.480043108482167247e+00 3.148858002533639956e+04
5.251302386862289495e+02 3.036901374259548174e+04 2.984388350390925189e+04 2.478422632510754564e+00 -2.114115706328663524e+00 3.156918871161129573e+04
5.251745456974151693e+02 3.036759285882070253e+04 2.984241831312328577e+04 2.580611051635140818e+00 -3.136941055403255874e+01 3.152699439448636986e+04
5.252403945340663540e+02 3.036835842180729742e+04 2.984311802727323084e+04 2.485280968162182802e+00 -2.114115706328671962e+00 3.155742576596792060e+04
6.903507795185180839e+03 1.798857932631095537e+04 1.108507153112577362e+04 2.458350183251464482e+00 1.991269954720176427e+00 1.886603401185936673e+04
4.046011918135071028e+03 6.902119014425837122e+03 2.856107096290766094e+03 2.281634855161417619e+00 2.376305669017733990e+00 7.656905542526200406e+03
1.357271208304408901e+03 3.274144652637922718e+03 1.916873444333513817e+03 2.092658566489483452e+00 1.592553608551951383e+00 4.007091518205596913e+03
4.555284141776892852e+02 2.264704919897631953e+03 1.809176505719942725e+03 2.233151728403169223e+00 1.486467453780749182e+00 2.955841195418723601e+03
3.789817011530784612e+02 2.186596085448853046e+03 1.807614384295774471e+03 1.843695803273329048e+00 1.072560942015454488e+00 2.905700882958183229e+03
3.401285162166495866e+02 2.142849690962224940e+03 1.802721174745575354e+03 1.413033104859057643e+00 1.085783914052244059e+00 2.866030473782001536e+03
3.400750011064164369e+02 2.140539840562320023e+03 1.800464839455903530e+03 1.008173374299359271e+00 9.352614929655248543e-01 2.790566397917808899e+03
3.417649519369543896e+02 2.146007844926392409e+03 1.804242892989438133e+03 9.739051890912873155e-01 7.958546384878943947e-01 2.807463538792800136e+03
3.429138321696666480e+02 2.142960352642773159e+03 1.800046520473106511e+03 1.279875668149504930e+00 1.159383841365079215e+00 2.829142035315926933e+03
3.371640041019744558e+02 2.135298722961031217e+03 1.798134718859056647e+03 1.028410271139853727e+00 1.057566765305867795e+00 2.796295971742755228e+03
3.390775434893345732e+02 2.138995246423960452e+03 1.799917702934625822e+03 1.478596983011828181e+00 8.484101314252420201e-01 2.810102920343873393e+03
3.417601182249343310e+02 2.152528458576190587e+03 1.810768340351256256e+03 1.274277908984764895e+00 1.114093426158216937e+00 2.880991621384240261e+03
3.978234406813226656e+02 2.209054507117638877e+03 1.811231066436316269e+03 1.496681062353362845e+00 7.416472300038271515e-01 2.939572430979300407e+03
5.472991502053836257e+02 2.360706339296468741e+03 1.813407189091085002e+03 2.117934788018189796e+00 1.151414380087548039e+00 3.070582254192625896e+03
1.242881103470640710e+03 3.128772776574730869e+03 1.885891673104090160e+03 2.138237026147562503e+00 1.790659756352785292e+00 3.924044121853943125e+03
3.094415108996309755e+03 5.432888481884100656e+03 2.338473372887790902e+03 2.345887873612046537e+00 2.583970351930365172e+00 6.345090225318967896e+03
5.214309306101367838e+03 8.923979352452026433e+03 3.709670046350658595e+03 2.485022023689106518e+00 3.031834676422384245e+00 9.778761052658815970e+03
6.498096384750745528e+03 1.235054819565372054e+04 5.852451810902975012e+03 2.365302182182297486e+00 -1.462503490281280349e+00 1.312575063645899354e+04
6.827008745851873755e+03 1.403375764450932184e+04 7.206748898657448080e+03 2.621931587533364194e+00 -2.005705132180543249e+00 1.473259506714113377e+04
6.908804735120935220e+03 1.467597447275648847e+04 7.767169737635553247e+03 2.399988522954471293e+00 -1.474499590806397364e+00 1.546080498728930979e+04
