5.251465934875120638e+02 3.036602583424807017e+04 2.984087924076055788e+04 2.583982119035939551e+00 7.999047974057855726e-01 3.147958760452057322e+04
5.252177874643563200e+02 3.037145045106542238e+04 2.984623266360106572e+04 2.566071211261204077e+00 -1.413037095987163205e+01 3.164217905617587894e+04
5.251407633349047046e+02 3.036126758596633954e+04 2.983612682263143506e+04 2.575887285168930507e+00 -1.480043108482136383e+00 3.133696914472946446e+04
5.250832521852366881e+02 3.036417286528918339e+04 2.983908961310394807e+04 2.549285559838315951e+00 1.445498828045673756e+00 3.142404876684263218e+04
5.252062984084483332e+02 3.036671513369199238e+04 2.984150883528354461e+04 2.542569966405801019e+00 -1.480043108482206771e+00 3.150024790205153113e+04
5.252199120158749110e+02 3.036205541675794666e+04 2.983683550474207004e+04 2.467350101593049683e+00 -1.480043108482187231e+00 3.136058273281955553e+04
5.251275829379275137e+02 3.037177208492668069e+04 2.984664450198875420e+04 2.483241971661406922e+00 -2.114115706328646649e+00 3.165182125801182701e+04
5.251716027606527177e+02 3.036802037997253501e+04 2.984284877721188241e+04 2.484235996234065880e+00 -1.480043108482198333e+00 3.153941555040200910e+04
5.251338830578711168e+02 3.036758964435665257e+04 2.984245576129878100e+04 2.409395761322151053e+00 1.445498828045615802e+00 3.152690297099884265e+04
5.251767166666311368e+02 3.036643021819015848e+04 2.984125350152352621e+04 2.476833029445876466e+00 -1.480043108482193892e+00 3.149981530176860906e+04
6.963979645519529186e+03 1.715550405228754607e+04 1.019152440676801780e+04 2.362139250193075579e+00 1.878392556291225590e+00 1.806713869907586195e+04
4.081021732565102411e+03 6.961897870524269820e+03 2.880876137959167409e+03 2.283237739967109103e+00 2.417671590225474176e+00 7.722226254871011406e+03
9.971893841740100015e+02 2.867942288471752818e+03 1.870752904297742816e+03 2.248029689359558159e+00 1.150121609626036268e+00 3.604665597864366191e+03
4.293150218283125241e+02 2.226127831513611000e+03 1.796812809685298362e+03 1.894951544566257695e+00 1.029832318048988560e+00 2.838319022170532662e+03
3.410889098471670877e+02 2.134268897098865182e+03 1.793179987251698094e+03 1.275068732088327828e+00 1.132706506191480278e+00 2.807275959452777897e+03
3.388742041105878684e+02 2.141349826570536152e+03 1.802475622459948227e+03 1.289804707040206777e+00 8.922650099618060215e-01 2.828475445381612644e+03
3.419551622071280690e+02 2.146111616256482193e+03 1.804156454049354124e+03 1.435333710231662563e+00 9.820368032940852698e-01 2.817416153693977776e+03
3.388681001662804420e+02 2.144906057536747085e+03 1.806037957370466756e+03 1.200064178725872344e+00 8.729433127513585022e-01 2.818410096689269267e+03
3.404742079947768616e+02 2.142347248953607050e+03 1.801873040958830188e+03 1.221783149116005385e+00 8.965655731896573499e-01 2.818391423025579570e+03
3.354788280749260139e+02 2.120879126564156650e+03 1.785400298489230636e+03 1.150475576932324051e+00 1.375710684700399256e+00 2.763536080952800603e+03
3.370429221844468088e+02 2.137235353959803888e+03 1.800192431775357136e+03 1.574372713353631381e+00 1.234172158772935290e+00 2.808080144547804139e+03
3.408536695511903076e+02 2.148674610417161603e+03 1.807820940865971352e+03 1.173953782215536146e+00 9.403843510474567680e-01 2.822424881419549820e+03
4.080182813883320705e+02 2.215404181690744736e+03 1.807385900302412665e+03 1.444265814984743157e+00 1.093560313362568648e+00 2.903973590135005907e+03
5.254842208622244470e+02 2.345614665919319123e+03 1.820130445057094676e+03 2.028593948883974818e+00 9.345999299106454439e-01 3.107545119135150799e+03
1.229143401111048888e+03 3.112532253619795028e+03 1.883388852508746140e+03 2.008113824582551388e+00 2.036849620524727289e+00 3.892946035596356069e+03
3.063510508707129702e+03 5.399277377410342524e+03 2.335766868703212822e+03 2.466107835370535906e+00 2.536160339158638255e+00 6.327590626546729254e+03
4.884699145731003227e+03 8.267829296383282781e+03 3.383130150652279553e+03 2.448720327362953419e+00 3.136694964646761008e+00 9.118255692657363397e+03
6.565864447146141174e+03 1.265844556909971288e+04 6.092581121953571710e+03 2.487541024829089231e+00 -1.464374753537487139e+00 1.346819998165729339e+04
6.759320271881741974e+03 1.359310244827774841e+04 6.833782176396006435e+03 2.343818427245991654e+00 -1.786665121728260530e+00 1.428175358651876741e+04
6.940525330666506306e+03 1.499807681336034693e+04 8.057551482693840626e+03 2.471512064814877618e+00 -1.903462120701145066e+00 1.578656270869820946e+04
