5.251315726345229677e+02 3.036583637252785775e+04 2.984070479989333398e+04 2.467756708113171715e+00 1.445498828045621353e+00 3.147390888892765361e+04
5.251562187514184643e+02 3.036566480434808182e+04 2.984050858559666449e+04 2.518868797770748458e+00 -4.971815077773651947e-01 3.146876649447682576e+04
5.251511926788647315e+02 3.036729888216548352e+04 2.984214768948661731e+04 2.561777547107172648e+00 -1.480043108482179237e+00 3.151774453170888228e+04
5.250939019531111853e+02 3.036448419882520102e+04 2.983939029687209040e+04 2.432990474393811553e+00 -1.480043108482168357e+00 3.143338033315713619e+04
5.252122105991884382e+02 3.036812478479521451e+04 2.984291257419602698e+04 2.610350297095655581e+00 -2.114115706328673294e+00 3.154249922171517755e+04
5.251549519600918075e+02 3.036739684090504670e+04 2.984224188894495455e+04 2.404574116386982485e+00 -2.114115706328663524e+00 3.152068065931733145e+04
5.252132066048867500e+02 3.036470777329417615e+04 2.983949456668928906e+04 2.461099609614811001e+00 -1.480043108482156811e+00 3.144008341186096368e+04
5.251635355378906524e+02 3.036901302995196966e+04 2.984384949441408025e+04 2.490794755659446302e+00 -2.114115706328673294e+00 3.156916705375571473e+04
5.252130805801959923e+02 3.036725888473810483e+04 2.984204580415790770e+04 2.601687838513062179e+00 -2.114115706328663524e+00 3.151698787571477806e+04
5.251103026404090315e+02 3.036764733324313784e+04 2.984253703060272892e+04 2.519798378159746832e+00 -2.114115706328660860e+00 3.153688762635908279e+04
6.903814416121736940e+03 1.793234954103565178e+04 1.102853512491391484e+04 2.487853864925800185e+00 1.844050108399758026e+00 1.896007312531360731e+04
4.379529323341759664e+03 7.431742189258732651e+03 3.052212865916972987e+03 2.379127252803209913e+00 2.445638308334185052e+00 8.139285339687112355e+03
1.320210412345742952e+03 3.231824889455092944e+03 1.911614477109349991e+03 2.373315027185272097e+00 1.279261078368580717e+00 3.945124772366898014e+03
4.714844467038528251e+02 2.286180187977175592e+03 1.814695741273322710e+03 2.064943010471548490e+00 1.288623279000202793e+00 2.990755466034272558e+03
3.673094706432233352e+02 2.163212588488714573e+03 1.795903117845491124e+03 1.805391690501429780e+00 1.421387130505217700e+00 2.836952241065727321e+03
3.399156026688900738e+02 2.142356426373699378e+03 1.802440823704809191e+03 1.236059144600390569e+00 1.029921326742888832e+00 2.819870589541024401e+03
3.418829832646239879e+02 2.135759487069470197e+03 1.793876503804846152e+03 1.234143431084611775e+00 1.298634950752725281e+00 2.800098024647435977e+03
3.414444051715249770e+02 2.134039545867200104e+03 1.792595140695675127e+03 1.614263788839057634e+00 1.500405761479299827e+00 2.817825965921827901e+03
3.406252748510077595e+02 2.144412387964502614e+03 1.803787113113494797e+03 1.779042625967387048e+00 1.111553588820929361e+00 2.845431772220008952e+03
3.402219354567615710e+02 2.137098826119736259e+03 1.796876890662974802e+03 1.096360631200072655e+00 1.219179041943088571e+00 2.825259333889292520e+03
3.389129098229220176e+02 2.144467714310371321e+03 1.805554804487449246e+03 9.883236208016080715e-01 1.216164293407931751e+00 2.845135499310612886e+03
3.393522592046681439e+02 2.144344879069976741e+03 1.804992619865308598e+03 1.282941619268175737e+00 1.207844695269344237e+00 2.865206144087827397e+03
3.787681841537098535e+02 2.171047186323199185e+03 1.792279002169489331e+03 1.566021577843945245e+00 1.174690498129087990e+00 2.826714234016603768e+03
5.111063529359591371e+02 2.311423440294920056e+03 1.800317087358960862e+03 2.296501622156716493e+00 1.450417981029810122e+00 3.016784966599680502e+03
1.330224112785694160e+03 3.224811787571671630e+03 1.894587674785977470e+03 2.053017366888009843e+00 1.721153272975026516e+00 3.997513558573323735e+03
2.855957232135775939e+03 5.098546143485257744e+03 2.242588911349481805e+03 2.283968100469774942e+00 2.539345135195298031e+00 5.909721670321793681e+03
5.108735821378658329e+03 8.703334024820853301e+03 3.594598203442194972e+03 2.427761278616317409e+00 2.799860083612573547e+00 9.585525088533166127e+03
6.592512387570080136e+03 1.277940590268075175e+04 6.186893515110671615e+03 2.363084932676233318e+00 -2.950358060545443806e+00 1.363003073444209622e+04
6.844347741003241936e+03 1.416130933899096635e+04 7.316961597987724417e+03 2.596284986550802643e+00 -1.250213419357700806e+00 1.485881487996963006e+04
6.968248027842187184e+03 1.537117798338555440e+04 8.402929955543368123e+03 2.520442021215577366e+00 -8.042950766415950525e-01 1.595807643027207268e+04
