5.251245472098357823e+02 3.036674326556993765e+04 2.984161871836010323e+04 2.634609333020868416e+00 -4.639386160854132868e+01 3.150109109573976093e+04
5.251932647285025269e+02 3.036296285274688125e+04 2.983776958801837827e+04 2.520952937497280999e+00 -4.481979224452906152e+01 3.138778119211877856e+04
5.251309541167429416e+02 3.036309880573943155e+04 2.983796785162268861e+04 2.554099031208409532e+00 -1.480043108482210767e+00 3.139185609642457712e+04
5.250684895611044567e+02 3.036783666238820661e+04 2.984276817282710181e+04 2.490871161278282120e+00 -1.468521675688838846e+00 3.153386336001059317e+04
5.252041850477055505e+02 3.036670982839611679e+04 2.984150564334840965e+04 2.417217198940152301e+00 -1.468521675688853945e+00 3.150008888699116142e+04
5.251020167509084331e+02 3.036611504069678267e+04 2.984101302394587401e+04 2.506127605451933693e+00 -2.114115706328662636e+00 3.148226140067358938e+04
5.252064388574349323e+02 3.036417288155677306e+04 2.983896644269933677e+04 2.749711748013113688e+00 7.999047974057749144e-01 3.142405115529329123e+04
5.252228354464294853e+02 3.036277911555993342e+04 2.983755628011350564e+04 2.561991895599553981e+00 -1.480043108482198333e+00 3.138231940126958943e+04
5.251540300424959469e+02 3.036621886397048365e+04 2.984106483392798691e+04 2.513405722576573353e+00 -1.480043108482204106e+00 3.148581325666485282e+04
5.251073084946062863e+02 3.036403330709645888e+04 2.983892599860185146e+04 2.479975249172320151e+00 7.999047974058269839e-01 3.142790046486885331e+04
6.934559789181609631e+03 1.759059054198303784e+04 1.065603075280142730e+04 2.479341060085327175e+00 2.129326920318590055e+00 1.841148199226062570e+04
4.247325383597597465e+03 7.223598927193720556e+03 2.976273543596123091e+03 2.303841329200425392e+00 2.465094224495959274e+00 7.994513213933092629e+03
1.379643054316096141e+03 3.303968471118952493e+03 1.924325416802856353e+03 2.214763058938297391e+00 1.464182595174964741e+00 4.025553495428638598e+03
4.445465199018195790e+02 2.256593826342813827e+03 1.812047306440994362e+03 1.965751073763895462e+00 1.052939059854882453e+00 2.938646062213753794e+03
3.748584485911605952e+02 2.163831490022297658e+03 1.788973041431137062e+03 1.982105781771553721e+00 1.341790205875586173e+00 2.787490865079742434e+03
3.373279339428220851e+02 2.136407981646659209e+03 1.799080047703837181e+03 1.185356006992784206e+00 1.077321389136772112e+00 2.780131688907631542e+03
3.408578279864344154e+02 2.144963228391788562e+03 1.804105400405354203e+03 1.259928246653815753e+00 9.930755796660423185e-01 2.827009620464298223e+03
3.414217022683471328e+02 2.139863426887419337e+03 1.798441724619072147e+03 1.077925319068182786e+00 1.106561744009949999e+00 2.813425076215591162e+03
3.380594096312546526e+02 2.136122678641595030e+03 1.798063269010340264e+03 1.262369614803420470e+00 1.354692677358447561e+00 2.841516421124224053e+03
3.401398004981639360e+02 2.143863366724603111e+03 1.803723566226439289e+03 1.319464563979159122e+00 1.140335336603336636e+00 2.842832368108356150e+03
3.422364472367857502e+02 2.146380254035891994e+03 1.804143806799106187e+03 1.062206803030497859e+00 8.044550041478751856e-01 2.822998302493811934e+03
3.335693521123612300e+02 2.124281057317552950e+03 1.790711705205191720e+03 9.868809903609063738e-01 9.971848704496073523e-01 2.777369867666453047e+03
3.509769706120258661e+02 2.156146483499330316e+03 1.805169512887304336e+03 1.295413765936701544e+00 9.667204716447129753e-01 2.832224465476585465e+03
5.090378727477971097e+02 2.316776012855546469e+03 1.807738140107749359e+03 1.755164975226769952e+00 1.410864544404830667e+00 3.018132363158558292e+03
1.355234812178464153e+03 3.261909810576269138e+03 1.906674998397804984e+03 2.148036279466912557e+00 1.514481444215141748e+00 4.058433396835711847e+03
2.814192491137014258e+03 5.047857918750219142e+03 2.233665427613204884e+03 2.282507514133446325e+00 2.743385363658685794e+00 5.886474037019047501e+03
4.949257358433006630e+03 8.390509358148754472e+03 3.441251999715747843e+03 2.559249817301224805e+00 3.060594524864661548e+00 9.239919677198040517e+03
6.488414195380245474e+03 1.232970838212217677e+04 5.841294186741931298e+03 2.385347418060483005e+00 -6.291777221982450818e-01 1.313266931415338149e+04
6.847587970983949162e+03 1.415058417383232882e+04 7.302996202848379653e+03 2.456800032420098034e+00 -1.733788634639384041e+00 1.485729730200075210e+04
6.932613910253408903e+03 1.486609887180263649e+04 7.933484961549227592e+03 2.507017988921712348e+00 -1.424221609174012526e+00 1.566432007735426669e+04
