5.251455011808997142e+02 3.036566124624707663e+04 2.984051574506617544e+04 2.496709364458764124e+00 -4.591472650443888170e+01 3.146865984790404764e+04
5.252038280155054508e+02 3.036786333222750545e+04 2.984265950421199886e+04 2.589904496934125167e+00 -2.114115706328673294e+00 3.153466273221432857e+04
5.251861340813211427e+02 3.036763265473328283e+04 2.984244652065195987e+04 2.508560384465325921e+00 -2.652803830563008614e+00 3.152774866069322889e+04
5.251918693746638382e+02 3.036879371040571277e+04 2.984360184103104984e+04 2.687258735885450278e+00 -1.480043108482218095e+00 3.156254885646378898e+04
5.251866726058918857e+02 3.036742574493173743e+04 2.984223907232584679e+04 2.624661731635566486e+00 -2.114115706328663524e+00 3.152154697568630581e+04
5.251851113185741724e+02 3.036402162701634370e+04 2.983883651569777066e+04 2.550611650168379985e+00 -1.480043108482224978e+00 3.141951573925309640e+04
5.251488052090044221e+02 3.036697924653021983e+04 2.984183044132121722e+04 2.597213361421530475e+00 -2.114115706328663524e+00 3.150816605459190760e+04
5.251179041021609919e+02 3.036948813951266493e+04 2.984437023541050439e+04 2.518007094982517291e+00 -3.239184191603458274e+00 3.158340764444295564e+04
5.252219240281455086e+02 3.036382386577188299e+04 2.983860194174373828e+04 2.454011959333296744e+00 -3.028758916453907091e+01 3.141402472775066417e+04
5.251699842977920980e+02 3.036671063347083327e+04 2.984154064917304277e+04 2.524882926886216961e+00 -2.066423469522567391e+00 3.150826778546094283e+04
6.916104469886978222e+03 1.776327301097886811e+04 1.084716854109189080e+04 2.399934165104967487e+00 1.828603583966959434e+00 1.858258314017227167e+04
4.235554668023485647e+03 7.194539790710613488e+03 2.958985122687127841e+03 2.325130435833132392e+00 2.538716660332863917e+00 7.957789112458454838e+03
1.402849185796810161e+03 3.326181885035661253e+03 1.923332699238851092e+03 2.335350103139760325e+00 1.352026918820913748e+00 4.040034155935806666e+03
4.838412980092925295e+02 2.298792315460735153e+03 1.814951017451442567e+03 1.909548629386080387e+00 1.293555388626193681e+00 3.004046418474134953e+03
3.671787069557350378e+02 2.175342192406687900e+03 1.808163485450952976e+03 2.194023001618758073e+00 9.538977263180776767e-01 2.877373306143990249e+03
3.401149040382716180e+02 2.138193980082308371e+03 1.798079076044036810e+03 1.153813136479061141e+00 9.900737041775781178e-01 2.822895834285137880e+03
3.375551378975705461e+02 2.130929303679804434e+03 1.793374165782233831e+03 1.135205891585582494e+00 1.007797496067121878e+00 2.763077194657494601e+03
3.425424517551267058e+02 2.145950763997429476e+03 1.803408312242302827e+03 1.292585539357684832e+00 8.554219683740508229e-01 2.805653701058760362e+03
3.408369320070342496e+02 2.148500763551418004e+03 1.807663831544383811e+03 1.146517237049009097e+00 8.894803152709379601e-01 2.846273439446911198e+03
3.393952399791709240e+02 2.134630360424855553e+03 1.795235120445684515e+03 1.059245055315120254e+00 1.192343746356750556e+00 2.812893954043819576e+03
3.403392206035745744e+02 2.144291198605494628e+03 1.803951978001919997e+03 1.101359693125062433e+00 9.219732924878382141e-01 2.843897685259865739e+03
3.373751927749979700e+02 2.132686411961344220e+03 1.795311219186346307e+03 1.479532529804521213e+00 1.169254429892766067e+00 2.804461594961536775e+03
3.644380062032384444e+02 2.167025144587221348e+03 1.802587138383982847e+03 1.100373992235533782e+00 1.271767688746679115e+00 2.877670479075937237e+03
5.083995944373183988e+02 2.321042714259519926e+03 1.812643119822201470e+03 1.836842955981533798e+00 1.203438841310863205e+00 3.019964992202833400e+03
1.131118341987636768e+03 3.004760797936950439e+03 1.873642455949313671e+03 2.098632184038720982e+00 1.589059878116913183e+00 3.748720464328633170e+03
2.652416340527807733e+03 4.833076956759942732e+03 2.180660616232134998e+03 2.163661278497158502e+00 2.622787768791042584e+00 5.616026631388310307e+03
5.260131236566532607e+03 9.009756350125602694e+03 3.749625113559070087e+03 2.443121144744274886e+00 3.137352720228732128e+00 9.820094471386992154e+03
6.444758893519873709e+03 1.216253628811170529e+04 5.717777394591831580e+03 2.551924872369818686e+00 -9.561880970773518618e-01 1.301917835500226101e+04
6.802300507765288785e+03 1.385489987825735261e+04 7.052599370492063827e+03 2.473404150098479359e+00 -1.549476223100467065e+00 1.459861945107901010e+04
6.950787683139663386e+03 1.511956903459577734e+04 8.168781351456113953e+03 2.535786214770878733e+00 -1.619261477764450730e+00 1.586442359926280369e+04
