5.252022054831453488e+02 3.036560948337654190e+04 2.984040727789339508e+04 2.438031733541181634e+00 7.999047974058445254e-01 3.146710836499815559e+04
5.252066228633070750e+02 3.036785892497853274e+04 2.984265230211522430e+04 2.488080696410337467e+00 -2.114115706328671962e+00 3.153453063421775005e+04
5.251774580377874599e+02 3.036471766890839353e+04 2.983954021087060755e+04 2.609584166269797390e+00 -1.480043108482084868e+00 3.144037810664917197e+04
5.252357518532231779e+02 3.036272940332759754e+04 2.983749365147437493e+04 2.491571039526568665e+00 -1.142775538417175163e+00 3.138078403798837826e+04
5.251881709571013062e+02 3.037250030901732316e+04 2.984731213806022060e+04 2.673124533088385046e+00 -2.114115706328663524e+00 3.167364633477201642e+04
5.251975785999439950e+02 3.036506821181755004e+04 2.983987063321760434e+04 2.575285726088182070e+00 -2.114115706328675071e+00 3.145088491207491097e+04
5.252082409440007496e+02 3.036483274433859697e+04 2.983962450339459610e+04 2.519999773577974000e+00 -4.452143719112515896e+01 3.144382915462597521e+04
5.250898958161342307e+02 3.036189456346354200e+04 2.983680466764740777e+04 2.587391707919497019e+00 7.999047974057708066e-01 3.135580660732493561e+04
5.252170839427811870e+02 3.036817571018597664e+04 2.984295862624319489e+04 2.467866787773338011e+00 -3.128173241875463262e+01 3.154446734012701563e+04
5.251666434312145384e+02 3.036783668812454562e+04 2.984267004469333187e+04 2.465399100696283430e+00 -4.452143719112515896e+01 3.154153205009780140e+04
6.923921685128221725e+03 1.781959828457521871e+04 1.089567659944699699e+04 2.646034143738841937e+00 2.009240371665593106e+00 1.867806183011718167e+04
4.053112756702142178e+03 6.906397604205732932e+03 2.853284847503590754e+03 2.285700030557504814e+00 2.388705388975147947e+00 7.643773393815949930e+03
1.453264666471597138e+03 3.391453290645026300e+03 1.938188624173429162e+03 2.353421442282975118e+00 1.238131265033158179e+00 4.161897796315404776e+03
5.115553530940323412e+02 2.332767729420839714e+03 1.821212376326807316e+03 2.437600624542481942e+00 1.140466872032995127e+00 3.054110075296981449e+03
3.557714852611939023e+02 2.168761146046259455e+03 1.812989660785065553e+03 1.912918948721618717e+00 9.354772023480256715e-01 2.898176011117303915e+03
3.516999772210472770e+02 2.151525068009449114e+03 1.799825090788401894e+03 1.867850458493453436e+00 1.143210482204066736e+00 2.824705580995730088e+03
3.361552875162159353e+02 2.123361098523719647e+03 1.787205811007503598e+03 1.166028673214224654e+00 1.659471617701282042e+00 2.761034223551429022e+03
3.380455783386054804e+02 2.127513595990465092e+03 1.789468017651859554e+03 1.161685565576590751e+00 1.306943553403572267e+00 2.790639694868666538e+03
3.427578263292095926e+02 2.147291486812146559e+03 1.804533660482936966e+03 1.037656700400600540e+00 9.261136753629267693e-01 2.846716965578541931e+03
3.393103586689408075e+02 2.133879855451975345e+03 1.794569496783034538e+03 1.207262728920359685e+00 1.322960910857470473e+00 2.808017675101746136e+03
3.393230179840073788e+02 2.141258673077333242e+03 1.801935655093325749e+03 1.296773900933732238e+00 9.722633142027308217e-01 2.816218054483934793e+03
3.379651561639687998e+02 2.132753905552321612e+03 1.794788749388352699e+03 1.155199014747585018e+00 1.226076977497529752e+00 2.805116747708859748e+03
3.538675057075034829e+02 2.151377602311516512e+03 1.797510096604013142e+03 1.315000185649899178e+00 9.973970988837449481e-01 2.804918982186997255e+03
5.248907730530221443e+02 2.335597695942673909e+03 1.810706922889651651e+03 1.946882481065225434e+00 1.320309018105228605e+00 3.073094649637374005e+03
1.427703061691032417e+03 3.335930838019890416e+03 1.908227776328857999e+03 2.088811492634844669e+00 1.528582436634527975e+00 4.152554516671197234e+03
2.997998673229945325e+03 5.303613636334997864e+03 2.305614963105052539e+03 2.586731923296580415e+00 2.627350575576425928e+00 6.109916704963663506e+03
4.988787298585751159e+03 8.474246733295101876e+03 3.485459434709350717e+03 2.365845885142169092e+00 3.193707486469209655e+00 9.254536778325777050e+03
6.422883259247852038e+03 1.207420241129089845e+04 5.651319152043046415e+03 2.554028266369439581e+00 -1.268233244242111812e+00 1.286715294062426619e+04
6.866540431297518808e+03 1.428946176859229490e+04 7.422921337294776094e+03 2.408791321894039772e+00 -1.654771569257695640e+00 1.502212550063496747e+04
6.906221651509932599e+03 1.463800481248127107e+04 7.731783160971338475e+03 2.555647752642723702e+00 -1.040535494427470287e+00 1.535922985378063822e+04
