5.252165543012890794e+02 3.036263557879594373e+04 2.983741902449465488e+04 2.492050060738012274e+00 -1.480043108482168579e+00 3.137797184547435245e+04
5.251726351567963320e+02 3.036641766317082147e+04 2.984124502801402559e+04 2.538964243116911934e+00 -2.114115706328682620e+00 3.149133185033697373e+04
5.251402140127858047e+02 3.036300262231098168e+04 2.983786240829819508e+04 2.606555533179996331e+00 -1.480043108482156811e+00 3.138897320094995666e+04
5.251525099546032607e+02 3.036495182475932597e+04 2.983979931480472442e+04 2.535439616309111965e+00 7.999047974057548194e-01 3.144739643457591592e+04
5.251633321150173970e+02 3.036359648176689007e+04 2.983843314965187164e+04 2.437029076788957749e+00 7.999047974057823529e-01 3.140677288606662478e+04
5.252248129079908949e+02 3.036610801761399489e+04 2.984088320470600229e+04 2.508085343584566029e+00 -1.480043108482161252e+00 3.148205089836518528e+04
5.251560625736915426e+02 3.036715178850446318e+04 2.984199572593077028e+04 2.562425437799937367e+00 -2.114115706328673294e+00 3.151333761963959114e+04
5.251628251977718946e+02 3.037086315689772891e+04 2.984570033169995804e+04 2.569980696505357987e+00 -3.239184191603412533e+00 3.162462089662030849e+04
5.251759845412258301e+02 3.036628946123001151e+04 2.984111347668878443e+04 2.524030360996290856e+00 -4.447076949331014362e+01 3.148793409548677664e+04
5.251886952340259995e+02 3.036492013183778545e+04 2.983973143660376081e+04 2.530227954637235044e+00 -1.480043108482194336e+00 3.145438897478101353e+04
6.929529346685213568e+03 1.773703070727517115e+04 1.080750136058995849e+04 2.480471049159086672e+00 2.707986053613316901e+00 1.869337691955101764e+04
4.251273910916083878e+03 7.230172714866211209e+03 2.978898803950127331e+03 2.392719925207412501e+00 2.561450098017843402e+00 7.996552630483546636e+03
1.536521224927685580e+03 3.475691306208937476e+03 1.939170081281251896e+03 2.273418905798281653e+00 1.474013505828628778e+00 4.206551813825622048e+03
4.297971930323157039e+02 2.232398229882425767e+03 1.802601036850110177e+03 1.875534975161233353e+00 9.854368920534880560e-01 2.890557356034023542e+03
3.514837875152763331e+02 2.146629362447823951e+03 1.795145574932547561e+03 1.590459266082099532e+00 1.314614360539023474e+00 2.816786772391171780e+03
3.434447753913098040e+02 2.142194183148420052e+03 1.798749407757110248e+03 1.318733717276299844e+00 1.154241856120999499e+00 2.870964344940635783e+03
3.351819225977496899e+02 2.121528363157186504e+03 1.786346440559436815e+03 1.213218037465922494e+00 1.200892065073200898e+00 2.755846607064177078e+03
3.391950519363477952e+02 2.135296869587804395e+03 1.796101817651456713e+03 1.236572294878438116e+00 1.092384015594221713e+00 2.817734495204077575e+03
3.364555420938397674e+02 2.128043591217850917e+03 1.791588049124011150e+03 1.219276351126395541e+00 1.075614779013663869e+00 2.755083356118740539e+03
3.405957118829708179e+02 2.137903474603472205e+03 1.797307762720501387e+03 1.103783214918734545e+00 8.347460739936156671e-01 2.794911592355708763e+03
3.405753547859051764e+02 2.138096658264804773e+03 1.797521303478899654e+03 1.349472731818105453e+00 1.149493790249719538e+00 2.812896747340991169e+03
3.385913966144457277e+02 2.123374789297994084e+03 1.784783392683548300e+03 1.146717366416754924e+00 1.455964072940831633e+00 2.767977169443011462e+03
3.532827421562788572e+02 2.152080307738527154e+03 1.798797565582248353e+03 1.200071356066112704e+00 1.003559672267025027e+00 2.803367122598569949e+03
5.605829773695647873e+02 2.371729288082319272e+03 1.811146310712754484e+03 1.894803021184396696e+00 1.259922679954780467e+00 3.063775557246556673e+03
1.030403939955996066e+03 2.890221013836191105e+03 1.859817073880195039e+03 2.143773477305952024e+00 1.583852470705452431e+00 3.660323020919858664e+03
2.655076689188628734e+03 4.830598604347904256e+03 2.175521915159275522e+03 2.279242485327497736e+00 2.573956045965741790e+00 5.678868180953732008e+03
5.058721716214411572e+03 8.617379080137106939e+03 3.558657363922695367e+03 2.411139068457227363e+00 3.074429397654660168e+00 9.461210857568257779e+03
6.271370411437401344e+03 1.155410231293266224e+04 5.282731901495260900e+03 2.556518970439449756e+00 -2.591260339647149524e-01 1.233541513467079858e+04
6.848875008620016160e+03 1.422968456684169905e+04 7.380809558221682892e+03 2.472943566313890784e+00 -1.208598015863622033e+00 1.498991648937922037e+04
6.939323294976577017e+03 1.506865870837787770e+04 8.129335413401300684e+03 2.408720754881155113e+00 -9.090551746034405411e-01 1.576622864048446536e+04
