5.252023917646205291e+02 3.036296691537583320e+04 2.983776452361121119e+04 2.535644151404947699e+00 -1.480043108482176351e+00 3.138790296085381124e+04
5.251442582713408456e+02 3.036575259135940360e+04 2.984060833308806104e+04 2.408037941039469221e+00 -1.480043108482170355e+00 3.147139772505061410e+04
5.252045599552579915e+02 3.036621789544280909e+04 2.984101333548755065e+04 2.545205629052181617e+00 -2.114115706328673294e+00 3.148534423388632422e+04
5.251606714258452939e+02 3.036343746399781958e+04 2.983827679257197451e+04 2.609802666735523857e+00 -3.239184191603437402e+00 3.140200666367984741e+04
5.252095088853089919e+02 3.036894814291288276e+04 2.984373863402757343e+04 2.459723057814242608e+00 1.445498828045598261e+00 3.156717764529361739e+04
5.251756152957003678e+02 3.036711176749167862e+04 2.984193615219597996e+04 2.515226608589631763e+00 7.999047974058269839e-01 3.151213618503229372e+04
5.252069926589360875e+02 3.036401645657465633e+04 2.983880946391572070e+04 2.622793418073431138e+00 -1.480043108482174796e+00 3.141936265190015183e+04
5.251668339957080889e+02 3.036734667209512918e+04 2.984217983809942234e+04 2.502229660501999575e+00 -1.468521675688841510e+00 3.151922212589149785e+04
5.251546386027257540e+02 3.037155770407913224e+04 2.984640306547640648e+04 2.802746192487200805e+00 -1.468521675688845951e+00 3.164583043407853620e+04
5.251038088954414889e+02 3.036126127442650250e+04 2.983615746553106146e+04 2.582177216619435889e+00 -1.480043108482187231e+00 3.134498233641481784e+04
6.916019115076188427e+03 1.786947705392382341e+04 1.095345793884763407e+04 2.522878078222272169e+00 1.724792360666900670e+00 1.887537446030377396e+04
4.099168344342377168e+03 6.994034484765291381e+03 2.894866140422914214e+03 2.230132273068780702e+00 2.364595884689034477e+00 7.758112765860218133e+03
1.575520749071477894e+03 3.531042035826507345e+03 1.955521286755029450e+03 2.358013064845439821e+00 1.226027863841926191e+00 4.215330083389263564e+03
4.594550824440239580e+02 2.270589571697290012e+03 1.811134489253266111e+03 1.970767457014058088e+00 9.463800480142813276e-01 2.963439745139747174e+03
3.388913795327562184e+02 2.134301226600244263e+03 1.795409847067488045e+03 1.173794381584382984e+00 1.015109622024870761e+00 2.803793260141605515e+03
3.349051904193124756e+02 2.130761155495099956e+03 1.795855965075787481e+03 1.129442696272950020e+00 1.178363662601276785e+00 2.801201370479779598e+03
3.397582817077991990e+02 2.131740454499802127e+03 1.791982172792002984e+03 1.236922085070390143e+00 1.315426486734007083e+00 2.792478178781300812e+03
3.400744094619068392e+02 2.141162861203724788e+03 1.801088451741818062e+03 1.198821817953104718e+00 9.761926935135901706e-01 2.836796307382756822e+03
3.372419830951243398e+02 2.134929669554244811e+03 1.797687686459120414e+03 1.180358224980835535e+00 1.157172927287415165e+00 2.800882247934959196e+03
3.385359071976627661e+02 2.137300733280989334e+03 1.798764826083326625e+03 1.362407745601516673e+00 1.105988846588127794e+00 2.847514167115385135e+03
3.359498818161171130e+02 2.126009047604698026e+03 1.790059165788580913e+03 1.178927834742724778e+00 1.033864436215221838e+00 2.776996902452058293e+03
3.407112127861439035e+02 2.143170669595241179e+03 1.802459456809097219e+03 1.375080332192110788e+00 9.970496611935858455e-01 2.800746273194371497e+03
4.068986823688806567e+02 2.212499100097066730e+03 1.805600417728186130e+03 1.860035543364736865e+00 1.090662261643583930e+00 2.924276665124039027e+03
4.029045645934936601e+02 2.199988511300856317e+03 1.797083946707362657e+03 1.646045527153326304e+00 1.029375231820016667e+00 2.846658022087985501e+03
1.119776824230014199e+03 2.992919671797307274e+03 1.873142847567293074e+03 2.343164956840862789e+00 1.726139884286597370e+00 3.795634163801794330e+03
2.815272054036911413e+03 5.046890563936309263e+03 2.231618509899397850e+03 2.355627967652864641e+00 2.441579931423599081e+00 5.889188731331796589e+03
4.969066567229593602e+03 8.438810528428182806e+03 3.469743961198589204e+03 2.421422573485313645e+00 3.027088462251681822e+00 9.198546970529250757e+03
6.486549166038135809e+03 1.230407178299707630e+04 5.817522616958940489e+03 2.334667386392512256e+00 -3.413633223747254974e-01 1.309831104833246718e+04
6.867775813309899604e+03 1.437263540790705702e+04 7.504859594597157411e+03 2.348829337509656501e+00 -1.072592844665236411e+00 1.517713205685447974e+04
6.937006958284876418e+03 1.490839669727876935e+04 7.971389738993892934e+03 2.403383127716466117e+00 -1.106619034657915890e+00 1.564787161218791152e+04
