5.250070983424978976e+02 3.036234336130074371e+04 2.983733626295824433e+04 2.508423167854409552e+00 -1.480043108482163250e+00 3.136921324217812798e+04
5.250901674554115743e+02 3.036517400043574162e+04 2.984008383298033004e+04 2.433084788354671790e+00 -4.469136219256746045e+01 3.145405568203347502e+04
5.252000224252677754e+02 3.036456648322410183e+04 2.983936646079883576e+04 2.607987057672389142e+00 -3.239184191603486251e+00 3.143584663452562381e+04
5.251747552372536347e+02 3.036490800420605956e+04 2.983973324896880513e+04 2.435850929408661880e+00 -1.480043108482174796e+00 3.144608300588518978e+04
5.250650258864488933e+02 3.037254606733703622e+04 2.984748104145058824e+04 2.580468424381078041e+00 -2.114115706328653310e+00 3.167501784392459012e+04
5.251332434108228426e+02 3.036835021424183287e+04 2.984321697083101026e+04 2.422531668874215338e+00 -1.480043108482131275e+00 3.154925601493187423e+04
5.251653894198657326e+02 3.036538525632317760e+04 2.984021986690331323e+04 2.598731550821175684e+00 -1.480043108482205438e+00 3.146038954714564170e+04
5.251560659418485102e+02 3.036954007335175629e+04 2.984438400740990619e+04 2.516344015240767007e+00 -2.648963352965215012e+00 3.158496433825642816e+04
5.251788969835979515e+02 3.036528464163401077e+04 2.984010574465041282e+04 2.644875952741621017e+00 -4.554219481976096517e+01 3.145781240497367253e+04
5.250759301491328870e+02 3.036384248041618048e+04 2.983876655026704611e+04 2.575106218513241618e+00 -2.114115706328673738e+00 3.142247269848839642e+04
6.920831079217493425e+03 1.772099408922081057e+04 1.080016301000331805e+04 2.430440363165806250e+00 2.179940115788850274e+00 1.871973956266429741e+04
4.089168788886484890e+03 6.964590170842811858e+03 2.875421381956326968e+03 2.267016626570604654e+00 2.581944175516050155e+00 7.625360763376712384e+03
1.352145213198458578e+03 3.264580970792655080e+03 1.912435757594196502e+03 2.540298112383375884e+00 1.769851593578716908e+00 3.995882583771058307e+03
5.888141669369432520e+02 2.411570390349089394e+03 1.822756223412146028e+03 2.000726749304378327e+00 1.129114891698414169e+00 3.104726545057775638e+03
3.662110351045057541e+02 2.162901601628434037e+03 1.796690566523928283e+03 2.236888491840753446e+00 1.180963917397394480e+00 2.813363068363735238e+03
3.373521397726386795e+02 2.135200731343421467e+03 1.797848591570782901e+03 1.282494230701848981e+00 1.247151530597864877e+00 2.823236951215796580e+03
3.372754135082374773e+02 2.136024726323914365e+03 1.798749312815676831e+03 1.287686122893702878e+00 9.215433250453209935e-01 2.810972758391944808e+03
3.338798507162403553e+02 2.129197860948906964e+03 1.795318010232666666e+03 1.264489471269244936e+00 1.074811679492005734e+00 2.768913102894201529e+03
3.422930974137197495e+02 2.138367580644252484e+03 1.796074483230532678e+03 1.208481463110731013e+00 8.993720611565384493e-01 2.777875797109271844e+03
3.409546556864301010e+02 2.139591639406375180e+03 1.798636983719944965e+03 1.102789612135024244e+00 1.168023453582379245e+00 2.819513406393144578e+03
3.390074684554277837e+02 2.131613936599801036e+03 1.792606468144373139e+03 1.396208571096744677e+00 1.466157569662019933e+00 2.825442139636607862e+03
3.362263064132205841e+02 2.132165117705966622e+03 1.795938811292746095e+03 1.233106207788886133e+00 9.675581749755904903e-01 2.803114314528692830e+03
3.513480714452662141e+02 2.150329574758764920e+03 1.798981503313498706e+03 1.350995611550797948e+00 1.038658386020713031e+00 2.846175495635209700e+03
5.500336521380758086e+02 2.365451464056337954e+03 1.815417811918262032e+03 1.814641633960383693e+00 1.147753663832583815e+00 3.113106121137624541e+03
1.391301648620732749e+03 3.298375480745749883e+03 1.907073832125017134e+03 2.318714744193707045e+00 1.572253682555295518e+00 4.083127225520540378e+03
2.854180900466260482e+03 5.109393933434979772e+03 2.255213032968719290e+03 2.254624168900025261e+00 2.665597271083009812e+00 5.961730345337578910e+03
5.099916949097902943e+03 8.693595103467858280e+03 3.593678154369955337e+03 2.360382669444658799e+00 3.009105096560141135e+00 9.520730016511559370e+03
6.506838067512565431e+03 1.238129955377952683e+04 5.874461486266961401e+03 2.509088019342510467e+00 -6.850378427733749831e-01 1.314091075241723593e+04
6.814366742882520157e+03 1.393271826134696676e+04 7.118351518464446599e+03 2.411785899626402774e+00 -1.569948161571500078e+00 1.461409964334592951e+04
6.969605744031853646e+03 1.543770529274962792e+04 8.468099548717775178e+03 2.337497338944340086e+00 -7.602289343724627502e-01 1.623621671533583140e+04
