5.251374946240914596e+02 3.036923885723840067e+04 2.984410136261431035e+04 2.484952483890422670e+00 -2.114115706328673294e+00 3.157589119421141731e+04
5.252058665434032037e+02 3.036578893653710475e+04 2.984058306999370325e+04 2.617764595797325455e+00 -1.480043108482161252e+00 3.147248709511915149e+04
5.251484884884239364e+02 3.036724658694754544e+04 2.984209809845912241e+04 2.460758035485703932e+00 -1.480043108482181013e+00 3.151617709281419957e+04
5.250737429833562828e+02 3.036975823901421609e+04 2.984468449603085901e+04 2.529028813780276774e+00 -2.066423469522599810e+00 3.159145856786063450e+04
5.252248063326600231e+02 3.036913143896645124e+04 2.984390663263379247e+04 2.446591349160053497e+00 -1.480043108482189451e+00 3.157267155803405331e+04
5.252383955398701119e+02 3.036652390843915782e+04 2.984128551289928873e+04 2.793834269561024541e+00 -2.066423469522576717e+00 3.149451634907376865e+04
5.251700085113373007e+02 3.036319748565766349e+04 2.983802747714632642e+04 2.493186289443388937e+00 -1.480043108482174796e+00 3.139481573166605085e+04
5.251886227771007043e+02 3.036993381956673329e+04 2.984474519678963406e+04 2.729551675815487410e+00 -1.480043108482139713e+00 3.159676629038723331e+04
5.251314629252259465e+02 3.036472724281533374e+04 2.983959577989010722e+04 2.409236808762750925e+00 -1.480043108482198777e+00 3.144110585235128747e+04
5.251878833652460798e+02 3.036659430483158212e+04 2.984140642146633763e+04 2.522384244846207046e+00 -1.480043108482174796e+00 3.150508930870342374e+04
6.946755507369601219e+03 1.750994608622969463e+04 1.056319057886009250e+04 2.432204846201878823e+00 2.141207624109858987e+00 1.841862001065067670e+04
4.336171165482504875e+03 7.377842254902850982e+03 3.041671089420346107e+03 2.399057310111443186e+00 2.458733812835264487e+00 8.193650027814312125e+03
1.390616378946939449e+03 3.310403792069293104e+03 1.919787413122353655e+03 2.274379427075468474e+00 1.545073900078951512e+00 4.045335951329544059e+03
3.890801205363048894e+02 2.177925565950281452e+03 1.788845445413976449e+03 2.000506278750757261e+00 1.243419541689445573e+00 2.812494153565369288e+03
3.953854251613072393e+02 2.196239989171870548e+03 1.800854564010563308e+03 1.756683207629101462e+00 1.006789135278243208e+00 2.868039796770453449e+03
3.392895937865711176e+02 2.139052902377468854e+03 1.799763308590897850e+03 1.132130281072888822e+00 1.269294411346403306e+00 2.802377077246826047e+03
3.374678444954516294e+02 2.128843692807663047e+03 1.791375848312211474e+03 1.103190033003952353e+00 1.203033650277526068e+00 2.778143214412994894e+03
3.363562969083130270e+02 2.130362752954075404e+03 1.794006456045762434e+03 1.313893465848903430e+00 8.314942274513693610e-01 2.767587822984328795e+03
3.399425623409611035e+02 2.140939984509315764e+03 1.800997422168354660e+03 1.165618040831462698e+00 1.101409947210158391e+00 2.827079579335185372e+03
3.370115688621622780e+02 2.136731732857579118e+03 1.799720163995416897e+03 1.067677600306245589e+00 8.483089456519845584e-01 2.781200080770829118e+03
3.399687467716325386e+02 2.134435785465334448e+03 1.794467038693701852e+03 1.208634622113214929e+00 1.367479053313106263e+00 2.772774187827309106e+03
3.431758511142951988e+02 2.138509676372867943e+03 1.795333825258572688e+03 1.354426354940090560e+00 9.675104570254822178e-01 2.809260313970299194e+03
3.505780518355341542e+02 2.138672224033140992e+03 1.788094172197606895e+03 1.498958459454072800e+00 1.346704083744024727e+00 2.774064067047720528e+03
4.835842259589873606e+02 2.297584662495956763e+03 1.814000436536969346e+03 1.953901370568248197e+00 1.286313690637769014e+00 3.008653166026364488e+03
1.184388465809067156e+03 3.062176000295100494e+03 1.877787534486033337e+03 2.182174335690607148e+00 1.400102726497712169e+00 3.838551584998838734e+03
2.739922097346575811e+03 4.954696696605720717e+03 2.214774599259144907e+03 2.285528966422822439e+00 2.412333890160184513e+00 5.771321896787155310e+03
5.062732764175065313e+03 8.618255275073159282e+03 3.555522510898093969e+03 2.605109816968877556e+00 2.773271282579840236e+00 9.500262926436698763e+03
6.459159484787336623e+03 1.224462099466001928e+04 5.785461509872682655e+03 2.460040217628045145e+00 -3.079367985560948373e+00 1.304830120061157868e+04
6.939864597565931945e+03 1.498350359093402949e+04 8.043638993368097545e+03 2.292998248965761210e+00 -6.648739378757042573e-01 1.574093494744523014e+04
6.929544780699326111e+03 1.486183465884531324e+04 7.932289878145987132e+03 2.574534410803303697e+00 -5.697196283720296073e-01 1.560382298705721405e+04
