5.251102557537628854e+02 3.036778447731585038e+04 2.984267422156208704e+04 2.664851904980741093e+00 -2.114115706328651090e+00 3.153229922249740412e+04
5.251325606069996184e+02 3.036562068108827953e+04 2.984048812048128093e+04 2.491286284627037162e+00 -1.480043108482222536e+00 3.146744399279890058e+04
5.252117510086040966e+02 3.036857901837746977e+04 2.984336726736886703e+04 2.510374888418589023e+00 -1.468521675688857497e+00 3.155611391558155447e+04
5.251970845970027995e+02 3.036705230408086572e+04 2.984185521948386304e+04 2.622421783102566462e+00 -1.480043108482169911e+00 3.151035387351890677e+04
5.251927550128923485e+02 3.036336068987442923e+04 2.983816793486153620e+04 2.600128832431685577e+00 1.445498828045624462e+00 3.139970552124220194e+04
5.251192989653505947e+02 3.036368709501940975e+04 2.983856779605405973e+04 2.677277418280585852e+00 -2.114115706328661304e+00 3.140948884834816636e+04
5.251558807040298689e+02 3.036461305177949544e+04 2.983945717107546443e+04 2.454516513450760051e+00 7.999047974058260957e-01 3.143724435065712532e+04
5.250837824524240887e+02 3.036759335243624446e+04 2.984250956998382026e+04 2.608475709620586613e+00 1.445498828045661321e+00 3.152661564323073253e+04
5.251271422893704539e+02 3.036554932209424805e+04 2.984042217980487840e+04 2.482331834639593726e+00 -1.480043108482181013e+00 3.146574268657720677e+04
5.251984620617625978e+02 3.036975189945954844e+04 2.984455343739778618e+04 2.732306069993290176e+00 -1.480043108482222536e+00 3.159926119149327133e+04
6.859326258571186372e+03 1.834161093010936384e+04 1.148228467153817837e+04 2.537906665161790531e+00 1.246060896066597978e+00 1.924919836640563517e+04
4.081028791357606679e+03 6.955535950969679106e+03 2.874507159612072428e+03 2.491376258082688810e+00 2.443894929049899023e+00 7.724861999354092404e+03
1.537775472530682464e+03 3.478817555662281393e+03 1.941042083131598929e+03 2.240600052246946472e+00 1.391214433769786707e+00 4.165183706065525257e+03
4.560174138983253442e+02 2.262064978515403254e+03 1.806047564617078024e+03 2.089603363587073215e+00 9.573294892549072399e-01 2.919318296284203370e+03
3.388314111688131334e+02 2.130709502561975569e+03 1.791878091393162322e+03 1.147598414340340822e+00 1.591912631726740690e+00 2.841292145228589561e+03
3.384300875133214390e+02 2.136167831537884013e+03 1.797737744024562517e+03 1.504523526173094927e+00 1.135474115821439201e+00 2.813706643870326843e+03
3.394450606134318491e+02 2.136302075903359309e+03 1.796857015289927404e+03 1.049218332501189455e+00 1.180454663609163957e+00 2.822231298130994674e+03
3.401566104562471651e+02 2.134215478619117221e+03 1.794058868162870112e+03 1.109724192956254463e+00 1.256900943936823944e+00 2.817132181692150880e+03
3.404246991212786497e+02 2.140833931918095459e+03 1.800409232796816923e+03 1.154413794613207367e+00 8.461145851902983628e-01 2.799021348882222355e+03
3.388023113473848298e+02 2.142730099941328717e+03 1.803927788593943887e+03 1.282371652755132319e+00 1.141306515109549835e+00 2.831576184911907148e+03
3.366778797893961155e+02 2.132229050912360435e+03 1.795551171122964206e+03 9.589218011203671788e-01 1.033759922464442482e+00 2.806142199802219238e+03
3.421901817512876960e+02 2.148135530199277582e+03 1.805945348447990000e+03 1.243114281276551658e+00 8.531785492576666741e-01 2.832883306456481023e+03
3.687200105183890742e+02 2.172240521709680706e+03 1.803520511191291689e+03 1.856107428308529927e+00 1.119540326243151140e+00 2.872330554336398563e+03
4.945060714699567939e+02 2.291218138657894087e+03 1.796712067187937237e+03 1.995510459331898190e+00 1.442196690580894725e+00 2.939126599872191946e+03
1.019887055401954512e+03 2.875326992524247089e+03 1.855439937122292577e+03 2.212263298427283864e+00 1.612696112294245365e+00 3.636647385086802387e+03
2.748686828135943415e+03 4.967627557969514783e+03 2.218940729833571368e+03 2.422782675799139529e+00 2.564512918974970024e+00 5.796116179894905144e+03
5.184060322404184262e+03 8.867548352333124058e+03 3.683488029928939795e+03 2.657232043858031911e+00 3.209181406610130072e+00 9.797353111419135530e+03
6.422690170660313925e+03 1.205931544487731480e+04 5.636625274217000879e+03 2.650809403674122766e+00 -2.856625676127149682e-01 1.283948488237134734e+04
6.810924352929631823e+03 1.389513883155022450e+04 7.084214478620592672e+03 2.462832106956363010e+00 -1.453258926630081049e+00 1.467856482620311544e+04
6.974516033798526223e+03 1.554447374848073923e+04 8.569957714682212099e+03 2.435245186572582821e+00 -9.224235185676573634e-01 1.633198861433521961e+04
