5.251588207447088053e+02 3.036663580470502347e+04 2.984147698396031410e+04 2.574216107195129499e+00 -1.480043108482163250e+00 3.149787018288769468e+04
5.251866020559398294e+02 3.036481145933939115e+04 2.983962485728345200e+04 2.661329731838192103e+00 -1.480043108482118841e+00 3.144318927706260001e+04
5.251610679314269419e+02 3.036159482533107803e+04 2.983643375739965268e+04 2.604330237400007686e+00 -1.480043108482198777e+00 3.134677745472317838e+04
5.251002178838809868e+02 3.036510037999662018e+04 2.984000016211273760e+04 2.421069045150391563e+00 -1.480043108482198777e+00 3.145184906459242484e+04
5.251383980976886505e+02 3.037351839275080420e+04 2.984837999465311441e+04 2.472635942666828957e+00 -2.114115706328665745e+00 3.170416124811621557e+04
5.251330706535011359e+02 3.036464971953767963e+04 2.983951664888417872e+04 2.517596621252836453e+00 -1.480043108482210767e+00 3.143834148849713893e+04
5.252191672299691163e+02 3.036809448875073940e+04 2.984287532152076892e+04 2.583118765902456371e+00 -2.648963352965223450e+00 3.154159306436269253e+04
5.251720102514356086e+02 3.036227040429771660e+04 2.983709839404627928e+04 2.575877316471542944e+00 -1.480043108482198777e+00 3.136707163102586492e+04
5.251617320435971124e+02 3.036652193566929054e+04 2.984136020362569252e+04 2.624802704282219068e+00 -1.480043108482161252e+00 3.149489630460411354e+04
5.251563734002124875e+02 3.036843322111423186e+04 2.984327684771401982e+04 2.394770387535389844e+00 -1.480043108482210767e+00 3.156004715296720315e+04
6.900215076122683058e+03 1.794257241205228274e+04 1.104235733592959878e+04 2.557249791670753059e+00 1.226935847520564060e+00 1.887882942991324671e+04
3.795973182136607647e+03 6.500464275190324770e+03 2.704491093053717123e+03 2.385555190878775988e+00 2.419221637877067455e+00 7.245890649661533644e+03
1.455167257377057695e+03 3.392933416775918886e+03 1.937766159398861191e+03 2.303837844734042406e+00 1.378349504932927516e+00 4.142727537075437795e+03
4.717941509451591742e+02 2.283686477380414090e+03 1.811892326435254972e+03 2.119301048035125756e+00 1.049430045612219864e+00 2.976717445319803574e+03
3.730704660644742034e+02 2.165424830177649255e+03 1.792354364113175052e+03 2.061115604253723088e+00 1.221067796524187399e+00 2.795303103348764580e+03
3.390804641658752416e+02 2.135584439811022094e+03 1.796503975645146966e+03 1.514724528816469018e+00 1.092393711394925360e+00 2.806686740207464482e+03
3.384059691992597436e+02 2.138831486102153121e+03 1.800425516902893378e+03 1.165623176338797640e+00 1.346019216155194043e+00 2.823657230103012807e+03
3.368450369888344653e+02 2.136606745375390346e+03 1.799761708386555938e+03 1.190415387496947197e+00 1.256419009269629905e+00 2.828185080941082106e+03
3.391877183138775536e+02 2.140741738919742602e+03 1.801554020605864935e+03 1.235386574769612444e+00 1.219037154302512249e+00 2.827108177515374791e+03
3.391067871725605869e+02 2.142498321367441804e+03 1.803391534194881160e+03 1.056066925499294484e+00 1.140964157557807557e+00 2.832512896913382519e+03
3.435145814620990450e+02 2.138064126370584745e+03 1.794549544908485586e+03 1.527212840901442270e+00 1.146247418164587195e+00 2.800541951321980832e+03
3.405986823559926506e+02 2.141295118672353965e+03 1.800696436316361314e+03 1.427073227103512698e+00 9.330969567789698660e-01 2.820075396104045922e+03
3.685230820362430109e+02 2.169306786196967550e+03 1.800783704160724483e+03 1.507818812339409398e+00 1.230396544448428386e+00 2.905699077029907130e+03
6.164793727759195008e+02 2.446497242073511643e+03 1.830017869297592142e+03 1.891675908544207863e+00 1.170914629768507353e+00 3.202617330145834330e+03
1.242003733400781357e+03 3.123630282436091875e+03 1.881626549035310518e+03 2.194464876241278617e+00 1.516271600394120789e+00 3.886367707064133356e+03
2.899295597858834299e+03 5.162166070361407947e+03 2.262870472502573648e+03 2.431320182590908985e+00 2.421242920924230102e+00 5.955716800702947694e+03
5.257908634014088420e+03 9.004703563937955551e+03 3.746794929923867130e+03 2.344922732727306780e+00 3.030229309027765439e+00 9.837709890392763555e+03
6.413536798046735385e+03 1.204121082730106355e+04 5.627674029254328161e+03 2.644553215132615431e+00 -1.524996346848030315e+00 1.278327281617557310e+04
6.874524199110896006e+03 1.436580882708769605e+04 7.491284627976800039e+03 2.573129336588799720e+00 -1.400696032241793176e+00 1.518044846988983772e+04
6.960281993353631151e+03 1.527948965548110209e+04 8.319207662127471849e+03 2.470466372140303069e+00 -7.849616169373300201e-01 1.599238777007832687e+04
