5.251741796409387462e+02 3.036843204047624386e+04 2.984325786083530693e+04 2.531945253758251635e+00 -1.480043108482222758e+00 3.155170856288621871e+04
5.251851249487918949e+02 3.036676245488860877e+04 2.984157732993981699e+04 2.723648231151347243e+00 -4.442010179549510696e+01 3.150166625510837184e+04
5.251600862380765875e+02 3.036563476999502018e+04 2.984047468375694370e+04 2.571162071591546638e+00 -2.114115706328671962e+00 3.146786627806959950e+04
5.252137200180433183e+02 3.036468938763703045e+04 2.983947566761898634e+04 2.564575403963249567e+00 1.445498828045624462e+00 3.143953043516711477e+04
5.251591826105362770e+02 3.036877473393732726e+04 2.984361555132679132e+04 2.631627322793224533e+00 -1.480043108482181013e+00 3.156198007687451536e+04
5.251195326334651554e+02 3.036310227645059058e+04 2.983798274381712690e+04 2.529713213446066700e+00 -1.480043108482198777e+00 3.139196014464518157e+04
5.252196187099765439e+02 3.036921450718916458e+04 2.984399488847918838e+04 2.562372237404896058e+00 1.015102807619086223e+00 3.157516324637097205e+04
5.251750438004438593e+02 3.036389074909942065e+04 2.983871570529897508e+04 2.533611899848544624e+00 -1.480043108482156811e+00 3.141563790256974971e+04
5.251815777941602619e+02 3.036147744803104069e+04 2.983629587023688146e+04 2.491555225226957493e+00 -1.480043108482156811e+00 3.134370069480913298e+04
5.251693960309258955e+02 3.036710474896903179e+04 2.984193535293810419e+04 2.585086575092630401e+00 -1.480043108482182346e+00 3.151944498657066288e+04
6.949403292470143242e+03 1.737251218353935110e+04 1.042310889106920877e+04 2.396597719288051209e+00 1.658510984386623699e+00 1.813577231454072898e+04
4.338826998997101327e+03 7.365054763646521678e+03 3.026227764649420351e+03 2.338041934001965583e+00 2.424415787294748714e+00 8.134227810598246833e+03
1.358055731701272862e+03 3.271587976060023266e+03 1.913532244358750404e+03 2.129580788481266307e+00 1.302538803669722745e+00 3.950568183360340754e+03
4.975297853966654316e+02 2.308737752523901236e+03 1.811207967127235861e+03 2.201662260503951973e+00 1.270639701525853482e+00 2.989654653650211912e+03
4.149006580798376262e+02 2.209553579410747716e+03 1.794652921330909976e+03 1.956166939367351532e+00 1.291524855444374120e+00 2.871168158235660030e+03
3.388801107301561046e+02 2.134917616297639142e+03 1.796037505567483095e+03 1.189830328433912454e+00 9.884615716266541563e-01 2.809587181627005521e+03
3.377347720433829181e+02 2.134698142819792338e+03 1.796963370776409420e+03 1.426428586103427376e+00 1.124363403305230547e+00 2.831270125396916683e+03
3.382643122397655588e+02 2.143410674308753187e+03 1.805146362068987628e+03 9.426113059524091620e-01 1.135073885303673480e+00 2.842945300092696471e+03
3.392988578822846648e+02 2.138557184928590686e+03 1.799258327046306022e+03 1.683654176864721963e+00 9.288048342487570386e-01 2.818037934412307095e+03
3.411055212116697817e+02 2.136753923181342543e+03 1.795648401969672705e+03 1.184424947579136189e+00 1.072032765277590061e+00 2.802192084185525800e+03
3.389950093693688018e+02 2.137474325455191320e+03 1.798479316085822575e+03 1.226689589324010177e+00 1.035055636567945525e+00 2.799395763968526808e+03
3.387348888002388207e+02 2.141042936361768625e+03 1.802308047561529747e+03 1.312556037600546732e+00 1.459418618359990871e+00 2.869105537891241056e+03
3.524496041369894783e+02 2.153329236117236633e+03 1.800879631980247268e+03 1.503747480329779451e+00 9.404385765699666555e-01 2.860367000612852280e+03
4.804748246827563776e+02 2.280952296464618485e+03 1.800477471781862050e+03 1.791743114076826515e+00 1.613841636486595066e+00 2.953632642247687272e+03
1.166081505686784794e+03 3.036050019401536701e+03 1.869968513714751907e+03 2.129122122961097929e+00 1.708257094275653643e+00 3.805327402453380728e+03
3.224626467208875965e+03 5.617246572646830828e+03 2.392620105437954862e+03 2.385089666198369596e+00 2.655754513284314555e+00 6.539197557526627861e+03
5.079148236309714775e+03 8.644211872231380767e+03 3.565063635921665991e+03 2.628327971592493650e+00 3.059273418005868717e+00 9.453903850857239377e+03
6.489154150212682907e+03 1.234868771382076739e+04 5.859533563608084478e+03 2.515969776883745013e+00 -1.058236638913205629e+00 1.314527123273561301e+04
6.755739130757863677e+03 1.358864697701402656e+04 6.832907846256162884e+03 2.442565382832372567e+00 -1.231513523441793323e+00 1.438377804765096698e+04
7.003982614489770640e+03 1.615349326790416126e+04 9.149510653414390617e+03 2.530242860518150394e+00 -4.288455956493159582e-01 1.690749487450090601e+04
