5.251546155402980958e+02 3.037083936438575256e+04 2.984568474884545503e+04 2.668238418171954063e+00 -1.480043108482187231e+00 3.162386302138956671e+04
5.250711581799430405e+02 3.036677152960373132e+04 2.984170037142378715e+04 2.631653020169169910e+00 -1.744796971939152641e+01 3.150193825055834168e+04
5.251487566976321659e+02 3.037187367880271995e+04 2.984672492210508790e+04 2.459858276067248273e+00 7.999047974057881261e-01 3.165486441525565897e+04
5.250934632738216123e+02 3.037022867924286402e+04 2.984513521596904320e+04 2.712952322388602511e+00 -2.114115706328661304e+00 3.160555902182114005e+04
5.251708088561015302e+02 3.037088218395411604e+04 2.984571137509801338e+04 2.595864831356690328e+00 -1.468521675688848838e+00 3.162514644770813902e+04
5.251999778603385494e+02 3.036838784667139043e+04 2.984318786881105189e+04 2.447277008515605257e+00 -1.468521675688865713e+00 3.155038396746109356e+04
5.252262761811175551e+02 3.036579852906579981e+04 2.984057225288468180e+04 2.546907712271496926e+00 -4.622991057643142909e+01 3.147277652365324684e+04
5.251778515685964521e+02 3.036515103126866961e+04 2.983997317970007134e+04 2.542921447982271932e+00 -1.577650677154818482e+01 3.145341245173809148e+04
5.250680074548638459e+02 3.036640865304278850e+04 2.984134064558792306e+04 2.529865775182531085e+00 -3.239184191603512009e+00 3.149150352418560578e+04
5.251798609185009354e+02 3.036486457285082724e+04 2.983968471193232472e+04 2.533672585242099373e+00 -1.480043108482216541e+00 3.145319390334436684e+04
6.985386526696940564e+03 1.694834796042429662e+04 9.962961433727356052e+03 2.532457863478598803e+00 2.495093235327710435e+00 1.793958003624248886e+04
4.195229612229452869e+03 7.137047416849618457e+03 2.941817804620165589e+03 2.350747751347495029e+00 2.344849180770395503e+00 7.852936725455326268e+03
1.572832308245762988e+03 3.528744732794145875e+03 1.955912424548382887e+03 2.124221626340549118e+00 1.534258931000562542e+00 4.287697392494968881e+03
4.562862506633077260e+02 2.253713832094634199e+03 1.797427581431326416e+03 1.872065573402309946e+00 1.299610230672404443e+00 2.888383755035399645e+03
3.625855667145896746e+02 2.159828217533105544e+03 1.797242650818515813e+03 1.751545720003909068e+00 1.278519669215678833e+00 2.823151930043687116e+03
3.422914252997472886e+02 2.133379073638981026e+03 1.791087648339233738e+03 1.199502572955894131e+00 1.089763876875815773e+00 2.788716948793193296e+03
3.391444734894969883e+02 2.125464111137796408e+03 1.786319637648299476e+03 1.210964808044776353e+00 1.401228426414560468e+00 2.780357936393786076e+03
3.403885606954819423e+02 2.139780318874584282e+03 1.799391758179102453e+03 1.262555643964017760e+00 1.255035051517995326e+00 2.819117271850121142e+03
3.370299484388204405e+02 2.137792241604936862e+03 1.800762293166116478e+03 1.374696890256144721e+00 1.261259268421793367e+00 2.827441174592261177e+03
3.419145999840967534e+02 2.137270092713826671e+03 1.795355492729730031e+03 1.872815506357399018e+00 1.000677061321366912e+00 2.792046600782866335e+03
3.404342438124979822e+02 2.134062615615213417e+03 1.793628371802715492e+03 1.298908457340873790e+00 1.606820116648658425e+00 2.804310981443257788e+03
3.388288178389781251e+02 2.126345739549348764e+03 1.787516921710370752e+03 1.220768277034443239e+00 1.084674412453138226e+00 2.742825118860886960e+03
3.401558089221879300e+02 2.135060436850472342e+03 1.794904627928284299e+03 1.090437684335990864e+00 1.047878130234196625e+00 2.797293731767620557e+03
5.618078693618310808e+02 2.369498070298282528e+03 1.807690200936451447e+03 2.037076031556869893e+00 1.542354963722872396e+00 3.054221279648106702e+03
1.280191221114229393e+03 3.172519968745154074e+03 1.892328747630924681e+03 2.469091281382318925e+00 1.505683098339754222e+00 3.965078519289164888e+03
2.839477370525815331e+03 5.075489301024303131e+03 2.236011930498487800e+03 2.371212952942667762e+00 2.588918080306323866e+00 5.936807608480133240e+03
5.137451860776623107e+03 8.743965738506401976e+03 3.606513877729778869e+03 2.397492854672336637e+00 2.842200981702896367e+00 9.639864314147795085e+03
6.385488276972730091e+03 1.196108399960385032e+04 5.575595722631120225e+03 2.444621537640315534e+00 -1.514514662117812938e+00 1.275085966969612309e+04
6.844340771656376091e+03 1.411474573661862632e+04 7.270404964962250233e+03 2.477485319648596640e+00 -2.096391611479209605e+00 1.476132300539549760e+04
6.925082814560008956e+03 1.486516474036100590e+04 7.940081925800996942e+03 2.547480525037356003e+00 -7.432920844204217170e-01 1.563121718140554913e+04
