5.251833011356122825e+02 3.036971478921125890e+04 2.984453148807564503e+04 2.616352683033057236e+00 -1.480043108482182790e+00 3.159015625162664946e+04
5.252226227075717588e+02 3.036855927266041181e+04 2.984333664995283834e+04 2.524039294801334599e+00 -1.480043108482181013e+00 3.155552207934655962e+04
5.252206032313268906e+02 3.036925789082750634e+04 2.984403728759618025e+04 2.486721355003453038e+00 -2.114115706328671074e+00 3.157646168591503738e+04
5.251166637450295411e+02 3.036658724113949938e+04 2.984147057739446973e+04 2.589391091905536069e+00 -1.468521675688848838e+00 3.149641459240456606e+04
5.251748983554547294e+02 3.036235140980845972e+04 2.983717651145300624e+04 2.530074550106958142e+00 -1.480043108482213654e+00 3.136945447926608904e+04
5.251237924606849674e+02 3.036710234019810014e+04 2.984197854773741346e+04 2.562397353373512487e+00 -1.480043108482168579e+00 3.151185362156696647e+04
5.251123320622449455e+02 3.036335185345675563e+04 2.983823952139450921e+04 2.648666883451094467e+00 7.999047974057997834e-01 3.139944255802303451e+04
5.251719653774106291e+02 3.036704910879578892e+04 2.984187714341838000e+04 2.397162757316468440e+00 -2.114115706328655531e+00 3.151030319351554135e+04
5.252410883268830730e+02 3.036554299175396591e+04 2.984030190342708374e+04 2.487208380711391609e+00 -2.114115706328663524e+00 3.146555386580899358e+04
5.251488922528484409e+02 3.036049550953982543e+04 2.983534661728697756e+04 2.478805656226691578e+00 4.703181825364270985e-01 3.132174114797931179e+04
6.926351563876654836e+03 1.775199883519778814e+04 1.082564727132113330e+04 2.507195297037077442e+00 1.274732384338873148e+00 1.870560634418537666e+04
4.276744507436842468e+03 7.276525053875366211e+03 2.999780546438523743e+03 2.250464634461585955e+00 2.534884201737908516e+00 7.939801344655475987e+03
1.391960753408326809e+03 3.318543517421519027e+03 1.926582764013192218e+03 2.373720114633420142e+00 1.380960153082285480e+00 4.047453629581232690e+03
4.333439911597315586e+02 2.238673528229867770e+03 1.805329537070136212e+03 2.037175142318176757e+00 1.534459442998417300e+00 2.966317054421406283e+03
3.535415753221622595e+02 2.147420720057423750e+03 1.793879144735261434e+03 1.242796205758293304e+00 1.221866283468031167e+00 2.842870946720738630e+03
3.392960148462174175e+02 2.132657947365066320e+03 1.793361932518848789e+03 1.215726043719097760e+00 1.256193394320352041e+00 2.787232521881493540e+03
3.381980205212067290e+02 2.139755268552298276e+03 1.801557248031091603e+03 1.269990351551943064e+00 8.049253715248817498e-01 2.807537943399771848e+03
3.369970792379498903e+02 2.129705783264673300e+03 1.792708704026723353e+03 1.407744457966491280e+00 1.421107718140430798e+00 2.779657049877231202e+03
3.379486605175500813e+02 2.127626796052286863e+03 1.789678135534736839e+03 1.203476128292818581e+00 1.245965133048991147e+00 2.776916607791908973e+03
3.408193937003990754e+02 2.137478966937174846e+03 1.796659573236775714e+03 1.282931601566079438e+00 1.087710399870710498e+00 2.806439917526303816e+03
3.397466596688022378e+02 2.142272346489671691e+03 1.802525686820869396e+03 1.244893782867352527e+00 1.345514885969651298e+00 2.864116620651680932e+03
3.493718413166429855e+02 2.148572066249853378e+03 1.799200224933210393e+03 1.120312297547606528e+00 1.176452379557876737e+00 2.826568084697429185e+03
3.472165081082086999e+02 2.139052264934445247e+03 1.791835756826236548e+03 1.517801996298712153e+00 9.565747162809569160e-01 2.769410250150402135e+03
5.590027810132816057e+02 2.375773760010140904e+03 1.816770978996859412e+03 1.871638479704375468e+00 1.274075032217874659e+00 3.099052499709920085e+03
1.130080178869197425e+03 2.999435665124151001e+03 1.869355486254953576e+03 2.085215782579987742e+00 1.671341932495161053e+00 3.736619909865748923e+03
3.012899176885233373e+03 5.309533263774676925e+03 2.296634086889443552e+03 2.376604683713985811e+00 2.455567802667346200e+00 6.130920545973501248e+03
5.074230750080176222e+03 8.634351987292169724e+03 3.560121237211993503e+03 2.375618132388102488e+00 3.097761453345934779e+00 9.492541385377735423e+03
6.285248826826896220e+03 1.162520436829257233e+04 5.339955541465676106e+03 2.303051926066694399e+00 -5.725061972325781179e-01 1.239269947154748843e+04
6.834483415043944660e+03 1.415066878154946789e+04 7.316185366505523234e+03 2.468561250787262740e+00 -1.436717272490770192e+00 1.497068646422076381e+04
6.923242165759899763e+03 1.474628466769422630e+04 7.823042501934326538e+03 2.477092833538506955e+00 -8.150029192534334888e-01 1.552220545737152497e+04
