5.251107725623558053e+02 3.036183349617372733e+04 2.983672272361137220e+04 2.510912087699146866e+00 -1.480043108482156811e+00 3.135393111001289799e+04
5.252149126505610184e+02 3.036519983184793455e+04 2.983998491919737353e+04 2.550689191652187215e+00 -1.480043108482150593e+00 3.145482992415148692e+04
5.251918128271634032e+02 3.036447441209132376e+04 2.983928259926415922e+04 2.436681941142732732e+00 -1.577650677154819014e+01 3.143308699644663648e+04
5.251402465842136280e+02 3.036329714278462416e+04 2.983815689620040939e+04 2.523750059201136597e+00 4.703181825363451085e-01 3.139780083117188042e+04
5.251297320641897386e+02 3.036304640274941994e+04 2.983791667068523020e+04 2.569207457708595488e+00 -1.480043108482198777e+00 3.139028542732294591e+04
5.250733019702671527e+02 3.037047546976496960e+04 2.984540216779470211e+04 2.594185100267510702e+00 -2.114115706328661304e+00 3.161295606831536497e+04
5.251925227050923013e+02 3.036646683005437080e+04 2.984127430734927839e+04 2.613474317334894881e+00 -2.114115706328662636e+00 3.149280745122382359e+04
5.252420098339289325e+02 3.036699572252061262e+04 2.984175371268668459e+04 2.639918128830883948e+00 -3.069535205771420294e+01 3.150870271105555366e+04
5.251738752429250781e+02 3.036920938057134845e+04 2.984403550532842200e+04 2.446450405554265295e+00 -4.447076949331014362e+01 3.157544755236268611e+04
5.251266126698980088e+02 3.036486397800889972e+04 2.983973736533900228e+04 2.454245771353626537e+00 -4.452143719112513764e+01 3.145277037048135026e+04
6.956072213963895592e+03 1.745972549760152833e+04 1.050365328363763183e+04 2.443323556209463732e+00 1.707860342165473000e+00 1.844080971584996223e+04
4.394504485690543333e+03 7.475601306321664197e+03 3.081096820631120863e+03 2.407457868044136973e+00 2.481269329748712060e+00 8.208468367899309669e+03
1.534535034654221818e+03 3.476372568423957546e+03 1.941837533769735728e+03 2.199033399593439686e+00 1.381865495148597800e+00 4.165038294755859170e+03
4.185768675178880471e+02 2.222385114983928361e+03 1.803808247466040257e+03 2.125580287696172022e+00 1.055916936374868387e+00 2.900564178833597452e+03
3.537231835066214671e+02 2.147606274068284165e+03 1.793883090561662812e+03 1.812808354102505071e+00 1.097850189685136479e+00 2.820295805749374722e+03
3.367004832640922700e+02 2.136405370014236723e+03 1.799704886750144397e+03 1.088462186809132204e+00 1.292489716099004093e+00 2.843137807770520340e+03
3.422055111719551519e+02 2.141604622993266275e+03 1.799399111821311180e+03 1.033284036512349457e+00 1.044263295706871597e+00 2.819218653355649622e+03
3.401133259354880920e+02 2.136982297509317505e+03 1.796868971573829413e+03 1.217606160164313334e+00 1.262404256486536980e+00 2.820560023775999980e+03
3.430007622118315567e+02 2.154059321451154119e+03 1.811058559239322676e+03 1.081340733852335978e+00 9.558418029973848595e-01 2.886328545942928486e+03
3.391176260930387230e+02 2.130278391377353728e+03 1.791160765284314948e+03 1.236505406570259646e+00 1.368298378859823528e+00 2.820016603846089765e+03
3.377806794059111439e+02 2.129027499892603373e+03 1.791246820486692286e+03 1.248978906426357227e+00 1.709218506885886724e+00 2.818355112165324499e+03
3.562598853106363208e+02 2.154404540136647029e+03 1.798144654826010765e+03 9.736607685033779047e-01 1.105504170446800272e+00 2.851459107909320664e+03
3.510243642924540382e+02 2.147691839795329997e+03 1.796667475502875959e+03 1.610934138764634982e+00 1.094033575315038531e+00 2.836239951254607149e+03
5.496158471475182523e+02 2.355236758208411629e+03 1.805620911060893377e+03 1.926601727506437767e+00 1.386079668531595699e+00 3.033606342647003657e+03
1.305053354741870635e+03 3.200577632503558561e+03 1.895524277761687927e+03 2.123328277398017772e+00 1.523109059503219953e+00 3.995744154922181224e+03
2.982521600315756586e+03 5.267585831743277595e+03 2.285064231427521008e+03 2.253440642187900522e+00 2.688044592975348035e+00 6.138056947605851747e+03
5.151992745481751626e+03 8.787959651277584271e+03 3.635966905795832645e+03 2.486782448587273819e+00 3.113378927761600412e+00 9.629571905354105184e+03
6.301960322607547823e+03 1.168542397348579652e+04 5.383463650878248700e+03 2.476471302887011117e+00 -5.584291049066597568e-01 1.251882051320813480e+04
6.871791444639921792e+03 1.433682520675806154e+04 7.465033762118139748e+03 2.442001627809470943e+00 -1.662641577572068208e+00 1.511805031190887530e+04
6.885597902357101702e+03 1.448711926372404014e+04 7.601521361366938436e+03 2.484986140366597596e+00 -1.115354482608010622e+00 1.524697412192093543e+04
