5.252153351990759802e+02 3.036361849158699260e+04 2.983840315638791799e+04 2.476265918240255992e+00 -1.480043108482198777e+00 3.140743258398076068e+04
5.252202668726613410e+02 3.036367926847931813e+04 2.983845900160665769e+04 2.579173048859897843e+00 -1.714353705057088673e-01 3.140925424318393925e+04
5.251411034276982264e+02 3.036490841665537300e+04 2.983976731322767591e+04 2.684274148953972983e+00 -5.048624629728934998e-01 3.144609536818315246e+04
5.252302437676200952e+02 3.036852393203000247e+04 2.984329368826238351e+04 2.511464173221116258e+00 -2.652803830563055687e+00 3.155446281846252896e+04
5.252134732917522797e+02 3.036967713239117438e+04 2.984446365909942324e+04 2.530708469574456387e+00 -1.480043108482222536e+00 3.158902756787887483e+04
5.251849011362907049e+02 3.036720609007989333e+04 2.984202118894360319e+04 2.546262995956208641e+00 7.999047974058089983e-01 3.151496330520360789e+04
5.251432156036360084e+02 3.036875459818342279e+04 2.984361138257978746e+04 2.456649560555568268e+00 -2.114115706328673294e+00 3.156137846463666574e+04
5.251542326785122441e+02 3.036854906344980191e+04 2.984339483077128898e+04 2.451678662912524231e+00 -2.114115706328661304e+00 3.155526136777269858e+04
5.251474278391279995e+02 3.036421705600854330e+04 2.983906962816941450e+04 2.545233380073441243e+00 -1.480043108482198777e+00 3.142581431596837865e+04
5.251127682334639530e+02 3.036580633073382342e+04 2.984069356250036071e+04 2.585422843593372377e+00 4.741586601341134521e-01 3.148111263688731924e+04
6.953352989369101124e+03 1.737512348554715209e+04 1.042177049617805096e+04 2.411633500886057657e+00 2.325528292726056989e+00 1.830467913051664073e+04
4.379107055004349604e+03 7.446631518099720779e+03 3.067524463095371175e+03 2.329604639644451414e+00 2.337100345788673206e+00 8.242487028270514202e+03
1.317323402686588906e+03 3.217998416153684502e+03 1.900675013467095596e+03 2.315047360638807561e+00 1.542809658085166680e+00 3.907514788941483857e+03
4.855673715484488753e+02 2.299777156453631505e+03 1.814209784905182687e+03 2.027189236279639761e+00 1.517835695427774523e+00 2.991997938798648192e+03
3.521333296428966264e+02 2.154433009623991438e+03 1.802299679981094869e+03 2.020725758574844821e+00 1.053892666658303279e+00 2.846750564082991332e+03
3.395497622908710582e+02 2.138461601100328608e+03 1.798911838809457549e+03 1.138400591440152043e+00 1.005317396493448534e+00 2.810986246174178632e+03
3.423405031176855573e+02 2.149211162301660806e+03 1.806870659183975249e+03 1.225839444863840333e+00 1.029494005711129923e+00 2.830930475527983162e+03
3.426198713368365247e+02 2.147610319314229855e+03 1.804990447977393387e+03 1.457935536716228997e+00 8.139592125074499585e-01 2.863553418572005739e+03
3.403588017869657278e+02 2.148339044568433565e+03 1.807980242781467950e+03 1.304020218368610928e+00 9.948175617712275987e-01 2.852485377972458082e+03
3.392202851431935073e+02 2.134937127322045399e+03 1.795716842178851948e+03 1.181678436065772608e+00 8.329981170987306172e-01 2.803223413041319873e+03
3.421957621264211866e+02 2.142936021768530281e+03 1.800740259642109095e+03 1.120152140254064177e+00 1.033762068679053181e+00 2.802125366086037957e+03
3.370615454441143584e+02 2.125746324285153150e+03 1.788684778841038678e+03 1.055253001512439726e+00 9.714707609350057282e-01 2.769107050296833677e+03
3.632357335668100404e+02 2.153235261089241703e+03 1.789999527522431663e+03 1.271217851058447978e+00 1.528566449058691878e+00 2.815468621218291446e+03
5.079825324400346744e+02 2.313138624428328058e+03 1.805156091988293383e+03 1.904409683456284919e+00 1.232689026576411218e+00 3.009601356158488215e+03
1.142609581074549396e+03 3.015627278173612012e+03 1.873017697099062616e+03 2.491760996668753503e+00 1.599976815965919341e+00 3.775143062770857341e+03
2.950467520520585367e+03 5.226658372744704138e+03 2.276190852224118771e+03 2.404375460832941069e+00 2.549546613164316522e+00 6.046204135454574498e+03
5.121621530607147179e+03 8.726274890633958421e+03 3.604653360026811242e+03 2.388847419812590189e+00 2.781947134080144934e+00 9.574756423546725273e+03
6.401970682366392793e+03 1.200580384771217359e+04 5.603833165345780799e+03 2.508671211865808548e+00 -6.570541980828509265e-01 1.281669013441806237e+04
6.821600983197802634e+03 1.393127560283500134e+04 7.109674619637198703e+03 2.474476551804638547e+00 -1.595701474081106186e+00 1.474514285145870781e+04
6.933707614733616538e+03 1.493674647210752846e+04 8.003038857373911924e+03 2.505581967477795047e+00 -1.420955445483640167e+00 1.566254063633841724e+04
