5.251512425130160864e+02 3.036089313741368460e+04 2.983574189490066783e+04 2.486517034713575658e+00 -1.480043108482189895e+00 3.132574583886509208e+04
5.251784040772960225e+02 3.036699858366411718e+04 2.984182017958682263e+04 2.597712074718715680e+00 -2.114115706328661304e+00 3.150874371729148334e+04
5.251562389525745402e+02 3.036215949652152267e+04 2.983700325756894745e+04 2.656819507506854361e+00 -1.480043108482162362e+00 3.136370228308971855e+04
5.252213507664999952e+02 3.036405713349554571e+04 2.983883578272904560e+04 2.578562186223404051e+00 -2.066423469522592704e+00 3.142057995034028500e+04
5.251396683490493160e+02 3.036393527650925171e+04 2.983879560816020239e+04 2.479257797817371323e+00 -1.480043108482155256e+00 3.141692754414356386e+04
5.252132260376480417e+02 3.036593553800562586e+04 2.984072231196797657e+04 2.521022581431946019e+00 -2.114115706328663524e+00 3.147688118600361850e+04
5.250813330497516063e+02 3.036466467587374427e+04 2.983958334282399301e+04 2.408955970481542419e+00 -2.114115706328661748e+00 3.143879165742556143e+04
5.251305896778352462e+02 3.036969471596584845e+04 2.984456412628801263e+04 2.466352279528120306e+00 -2.114115706328663524e+00 3.158959957593903164e+04
5.251373026188147151e+02 3.036117209931577963e+04 2.983603479669696389e+04 2.601157234804253982e+00 -1.480043108482209879e+00 3.133454608482014737e+04
5.252076399851322321e+02 3.036599387744782871e+04 2.984078623746269659e+04 2.432616009033600424e+00 -2.114115706328651090e+00 3.148656003616868475e+04
6.960554783566597507e+03 1.740605031968141338e+04 1.044549553611481679e+04 2.440574595993164397e+00 1.675176983972931799e+00 1.833825286719194992e+04
4.235511255668253398e+03 7.196112117161421338e+03 2.960600861493167940e+03 2.400898524203316509e+00 2.266604149709023464e+00 7.883057346100355062e+03
1.474527675068798544e+03 3.409858472910096680e+03 1.935330797841298136e+03 2.096772044852781125e+00 1.609358849487765530e+00 4.116131899082095515e+03
4.546940111176804180e+02 2.256337234651179187e+03 1.801643223533498713e+03 2.109801958155163248e+00 1.513090849404609806e+00 2.911290570478991867e+03
3.911796323818694532e+02 2.198600336421590782e+03 1.807420704039721386e+03 2.065343324425497062e+00 1.052184195772787545e+00 2.893615759881996382e+03
3.383362647086342463e+02 2.126283256174209782e+03 1.787946991465575593e+03 1.108194499260743093e+00 1.221936199127609646e+00 2.766951233822819631e+03
3.385373073483987127e+02 2.135549946586525948e+03 1.797012639238127122e+03 1.399086027497453033e+00 9.547460254078153907e-01 2.781131415801029561e+03
3.419567366599644060e+02 2.140184107818493430e+03 1.798227371158528967e+03 1.070268196490962609e+00 8.572305271701110563e-01 2.806644755341760629e+03
3.353395659891853597e+02 2.120559528594401854e+03 1.785219962605216551e+03 1.138728641429486821e+00 1.309736002916194630e+00 2.750518251672374390e+03
3.361207434055291969e+02 2.126995511893531784e+03 1.790874768488002701e+03 1.082193323507927962e+00 1.065284544204942341e+00 2.794814941576037654e+03
3.396156988744648402e+02 2.139724830082838707e+03 1.800109131208373810e+03 1.485056011685370159e+00 8.809941015487190441e-01 2.809262487617490933e+03
3.388174846063747054e+02 2.134431219013863483e+03 1.795613734407488664e+03 1.346981265515716508e+00 1.066394547209436494e+00 2.805102501445147936e+03
3.496012097440563480e+02 2.139070294751702477e+03 1.789469085007646072e+03 1.361775269619163398e+00 1.516770527972000515e+00 2.811513342685493626e+03
4.712457695788220917e+02 2.279345822718296404e+03 1.808100053139474312e+03 1.692895812406939982e+00 1.182752920912332195e+00 2.968187459286627018e+03
1.094811753310068298e+03 2.950423178822939462e+03 1.855611425512871165e+03 2.172644744914298265e+00 1.600886236437420562e+00 3.668701915724305309e+03
2.665242321902829190e+03 4.856394166556617165e+03 2.191151844653787975e+03 2.334950226082608271e+00 2.528572775206237466e+00 5.703409269166122613e+03
5.352850398564246461e+03 9.212763221489423813e+03 3.859912822925177352e+03 2.432907837304683074e+00 2.904222154079656448e+00 1.007947675157244157e+04
6.315040535506334891e+03 1.173773525303725728e+04 5.422694717530922389e+03 2.442662102605481778e+00 -1.719579828489468554e+00 1.254320002526955614e+04
6.806075852529996155e+03 1.389883500711713168e+04 7.092759154587135527e+03 2.464697186929551975e+00 -1.256066202573925761e+00 1.464585714179588467e+04
6.951704668107267935e+03 1.523562042566311175e+04 8.283915757555843811e+03 2.417923323197046503e+00 -8.010872052382155273e-01 1.593028848147843382e+04
