5.251686540900417413e+02 3.037016072437440380e+04 2.984499207028436285e+04 2.578075805518629693e+00 -2.114115706328673294e+00 3.160352221791600459e+04
5.250458671040204308e+02 3.036128923503382975e+04 2.983624336792980830e+04 2.451045086655691652e+00 -4.469136219256747466e+01 3.133761802988126510e+04
5.252051884798878518e+02 3.036633794263904201e+04 2.984113275415915268e+04 2.578798405406586891e+00 -1.480043108482156811e+00 3.148894239548083351e+04
5.251059902132815296e+02 3.036757449362389525e+04 2.984246850341061509e+04 2.498636295430286314e+00 -1.480043108482169911e+00 3.152600540406653454e+04
5.251939625411184807e+02 3.036770909293027944e+04 2.984251513038916164e+04 2.754378580470648430e+00 -1.480043108482146375e+00 3.153003973452491482e+04
5.250909597045099417e+02 3.036737750151750151e+04 2.984228654181299135e+04 2.596586865110789066e+00 -1.468521675688840178e+00 3.152010100207144933e+04
5.251459193029095331e+02 3.036475206239801628e+04 2.983960614309510856e+04 2.501400775875977089e+00 -2.652803830563025933e+00 3.144141087988760410e+04
5.251708767323966640e+02 3.036492617475525185e+04 2.983975529802285382e+04 2.596470416355855182e+00 7.999047974057913457e-01 3.144667293649149724e+04
5.251729175500922793e+02 3.036529255384219141e+04 2.984011963629210004e+04 2.548225732988570247e+00 -4.436943409768010582e+01 3.145804614625943577e+04
5.251785756948664812e+02 3.036482910806900327e+04 2.983965053237413667e+04 2.470107849423932578e+00 -3.239184191603474261e+00 3.145189440389494848e+04
6.926269715085419193e+03 1.779281647334408626e+04 1.086654675825866798e+04 2.477221698220370083e+00 1.380484808616913694e+00 1.883881404850885883e+04
4.242122488315108058e+03 7.219405065330637626e+03 2.977282577015529569e+03 2.339517368468853054e+00 2.409339616220647962e+00 7.973714228855734291e+03
1.485028134218643572e+03 3.417265529303605035e+03 1.932237395084961463e+03 2.182538132290369859e+00 1.500559405469087393e+00 4.115164838213047915e+03
4.722651432849876869e+02 2.280933789907102891e+03 1.808668646622115148e+03 2.161839393853454361e+00 1.058266456386727894e+00 2.931943171540235198e+03
3.406646525407575723e+02 2.142657155168610188e+03 1.801992502627852673e+03 1.198569923699289275e+00 1.089490013719583095e+00 2.824659829904604521e+03
3.392591350679426228e+02 2.140888673061136615e+03 1.801629537993193935e+03 1.414216854596274331e+00 9.557944488248762971e-01 2.839715010740735124e+03
3.393339520170723631e+02 2.133476655658567324e+03 1.794142703641495018e+03 1.032191022983698803e+00 1.030519996800224547e+00 2.784898541461093373e+03
3.403252424594731451e+02 2.147501960368431355e+03 1.807176717908958153e+03 1.100269859694442687e+00 9.542381253000972174e-01 2.879023433942641532e+03
3.392688330699754715e+02 2.141292996815675451e+03 1.802024163745699980e+03 1.225294786215615384e+00 1.255053170285637121e+00 2.814900689818798583e+03
3.376336724146321444e+02 2.129220767516640990e+03 1.791587095102008789e+03 1.175864359661276115e+00 1.389759431977072524e+00 2.797237971020821533e+03
3.535424814818849200e+02 2.153875881903799382e+03 1.800333400421914575e+03 1.361862424496401713e+00 1.189398831538956314e+00 2.825224645936252273e+03
3.396803942432718486e+02 2.141201943313279571e+03 1.801521549070007723e+03 1.107086333321381622e+00 1.047064060999037816e+00 2.826858667176909421e+03
3.645291882662745593e+02 2.163752975611311285e+03 1.799223787345036726e+03 1.432769530460741292e+00 9.719309735358926394e-01 2.860215666727688131e+03
5.224033625352608396e+02 2.325260278656436640e+03 1.802856916121175800e+03 2.028682201618821068e+00 1.313555006076591480e+00 2.997787582531928820e+03
1.284259293540090312e+03 3.183235412076703597e+03 1.898976118536613285e+03 2.174664320276178842e+00 1.390129979348745159e+00 3.995242814597570941e+03
2.780959009323508326e+03 5.000517146563175629e+03 2.219558137239667303e+03 2.356527832017967672e+00 2.650325414070912711e+00 5.790613566613644252e+03
5.224651722669730589e+03 8.945250355333755579e+03 3.720598632664024990e+03 2.335620778788058960e+00 2.983820649570974037e+00 9.809311214804021802e+03
6.519465161807422191e+03 1.243192781729883791e+04 5.912462655491415717e+03 2.526932203232906016e+00 -2.967324469867156367e-01 1.318836829655628753e+04
6.895612871172162158e+03 1.458263570506288852e+04 7.687022833890726361e+03 2.579078744285275615e+00 -1.184706113854293585e+00 1.532369660826966901e+04
6.977326129293045597e+03 1.566391901388116094e+04 8.686592884588115339e+03 2.681320566801968397e+00 -1.124573463244649352e+00 1.644055377792011859e+04
