5.250965644272719146e+02 3.036990971380179690e+04 2.984481314937452407e+04 2.447151186235974940e+00 -4.608274067288474640e+01 3.159599870524437938e+04
5.251788242057933758e+02 3.036734166615963477e+04 2.984216284195384287e+04 2.640149540757891877e+00 -4.469136219256747466e+01 3.151902689172648752e+04
5.250891204458097263e+02 3.037024166431274352e+04 2.984515254386693414e+04 2.515565365263027875e+00 -1.480043108482189451e+00 3.160594822191344065e+04
5.252192587613127444e+02 3.036697033810878929e+04 2.984175107934747575e+04 2.558217433278213715e+00 7.999047974058154375e-01 3.150789711632563194e+04
5.251778762245779717e+02 3.036571825735173479e+04 2.984054038112715716e+04 2.511978562425805084e+00 -1.468521675688839290e+00 3.147036863559898120e+04
5.251450225440661370e+02 3.037161590573961803e+04 2.984647088319555041e+04 2.572425653920227706e+00 -1.468521675688859496e+00 3.164713823224560110e+04
5.251786613362194203e+02 3.036743421608125936e+04 2.984225555474503926e+04 2.622528425441825295e+00 7.999047974058096644e-01 3.152180277098863735e+04
5.252300878723307278e+02 3.036710237365063222e+04 2.984187228577830319e+04 2.499585267640114239e+00 7.999047974057864607e-01 3.151189961169060189e+04
5.252361013819464688e+02 3.036604423031556871e+04 2.984080812893362236e+04 2.564839823737437019e+00 -1.714353705057195809e-01 3.148057804529751229e+04
5.251976045596536551e+02 3.036500355363799099e+04 2.983980594907833802e+04 2.498297806079020855e+00 -2.114115706328667965e+00 3.145703437045066312e+04
6.967301064604139356e+03 1.696630739195100614e+04 9.999006327346865874e+03 2.412672708758156315e+00 2.281254802057505859e+00 1.800346181581572455e+04
4.182853920349939472e+03 7.118666025289321624e+03 2.935812104939382152e+03 2.391141061585862371e+00 2.297318608691400588e+00 7.809183836650098783e+03
1.536579109419608812e+03 3.483462204725590254e+03 1.946883095305981442e+03 2.482349205185082841e+00 1.832165748261743721e+00 4.226337610661783401e+03
5.360989170307952918e+02 2.350466446120581168e+03 1.814367529089785876e+03 2.088440074524834156e+00 9.821649484997706514e-01 3.000131237827586574e+03
3.786629350482333507e+02 2.178606808445604202e+03 1.799943873397370908e+03 2.100392187888098672e+00 8.793273152355927103e-01 2.838405902992047231e+03
3.386581203084996332e+02 2.133995894951163336e+03 1.795337774642663589e+03 1.295853270628768650e+00 1.109502111052591555e+00 2.805410746567597471e+03
3.409138780488314069e+02 2.138348242417547226e+03 1.797434364368715705e+03 1.026882597840238054e+00 1.201030322588252819e+00 2.814098475512482310e+03
3.400464438832729570e+02 2.135826680594323534e+03 1.795780236711050520e+03 1.133161789698614585e+00 1.113481821964428020e+00 2.834537022324834197e+03
3.379173035127865887e+02 2.137024294262218064e+03 1.799106990749431588e+03 1.191018952677883158e+00 1.230094672363971187e+00 2.844069151588742443e+03
3.430128775286495966e+02 2.156933965180142877e+03 1.813921087651493281e+03 1.133449535433223021e+00 1.086335755596033126e+00 2.894913557507662063e+03
3.343154336726046836e+02 2.124412822237212822e+03 1.790097388564608082e+03 1.240737431037702621e+00 1.348420956243653990e+00 2.800663527238810730e+03
3.387222855887892479e+02 2.127788307559919758e+03 1.789066021971130567e+03 1.215657325081610951e+00 1.036290643163956915e+00 2.774272116492499663e+03
3.786786085453875899e+02 2.185907698145772429e+03 1.807229089600384896e+03 1.278607311489817100e+00 9.312683498210144739e-01 2.904079134814999634e+03
5.620000680796704273e+02 2.376861676937806806e+03 1.814861608858136378e+03 2.183877414713915499e+00 1.140412260718127513e+00 3.080041089620739058e+03
1.377316252568913569e+03 3.275021289528037414e+03 1.897705036959123845e+03 2.408999501137049304e+00 1.757960052125272732e+00 4.063813018142634974e+03
3.236380103441100346e+03 5.621231875512942679e+03 2.384851772071842333e+03 2.319278095839350851e+00 2.724415092846542041e+00 6.510813497271168671e+03
5.110843897033798385e+03 8.704431579109928862e+03 3.593587682076130477e+03 2.225701466497438386e+00 3.109021030998644353e+00 9.563155606311411248e+03
6.365681483386370928e+03 1.188665079851236078e+04 5.520969315125989851e+03 2.500951314221198540e+00 -1.223567044823423267e+00 1.260854872613542648e+04
6.801130544573938096e+03 1.386530571381827576e+04 7.064175169244337667e+03 2.528502854736454974e+00 -1.875769155597644344e+00 1.455948582468638961e+04
6.953949506722530714e+03 1.516286031994191035e+04 8.208910813219379634e+03 2.583129175599546912e+00 -8.727388018520919610e-01 1.587940526333694470e+04
