5.251260361894700281e+02 3.037016105128386698e+04 2.984503501509439593e+04 2.493787328999203634e+00 -4.608274067288474640e+01 3.160353201633748176e+04
5.251254233634427919e+02 3.036678737497055772e+04 2.984166195160711504e+04 2.486798382832012155e+00 -1.503289416862727457e+01 3.150241318202173352e+04
5.251344040267148330e+02 3.036630630442176334e+04 2.984117190039504931e+04 2.493959212947991944e+00 -1.480043108482191228e+00 3.148799410662822265e+04
5.251828010770631181e+02 3.036092357330624509e+04 2.983574077222918277e+04 2.469998502417358299e+00 -1.480043108482204772e+00 3.132665809057075603e+04
5.251829669574698300e+02 3.036500751614040928e+04 2.983982454918294025e+04 2.560105510595048539e+00 -1.480043108482139269e+00 3.144906566634038973e+04
5.251273247564222402e+02 3.036972956858499310e+04 2.984460224382857268e+04 2.419012011686577424e+00 -1.468521675688845951e+00 3.159059925315897272e+04
5.252051265476490016e+02 3.036475142354974014e+04 2.983954629700209262e+04 2.528479847374875522e+00 -1.480043108482198777e+00 3.144139171573905332e+04
5.251141383551760100e+02 3.036669189278507838e+04 2.984157775442990169e+04 2.406303063352725147e+00 7.999047974057763577e-01 3.149959652917385392e+04
5.251488772486515018e+02 3.036667951960656501e+04 2.984153064235791317e+04 2.540680275254536102e+00 -1.480043108482179237e+00 3.149962440790328401e+04
5.251870227733694492e+02 3.036549572955626354e+04 2.984030870678289284e+04 2.511616417640227805e+00 -2.114115706328673294e+00 3.147190223627254090e+04
6.908014564114916539e+03 1.801527988601559264e+04 1.110726532190067519e+04 2.557020201028032957e+00 1.843431261990239767e+00 1.896226155004824977e+04
4.145576328900033332e+03 7.048733140058070603e+03 2.903156811158037272e+03 2.557069510753293695e+00 2.568684896749566349e+00 7.849994150943097338e+03
1.282874584300065862e+03 3.193903060053908575e+03 1.911028475753842713e+03 2.169314068178848753e+00 1.146070016491538057e+00 3.938972980804185227e+03
5.361382659596512212e+02 2.352412611934240431e+03 1.816274345974589323e+03 1.943966989709823068e+00 1.188325891176209570e+00 3.032859152797429033e+03
3.494437842959887348e+02 2.146434048585891560e+03 1.796990264289902825e+03 1.744121350980844865e+00 1.040973994946969405e+00 2.835233124211041286e+03
3.371927899262792039e+02 2.140374485581930003e+03 1.803181695655650856e+03 1.052083185076319483e+00 8.974535948283710596e-01 2.826003875907796555e+03
3.437045503639396884e+02 2.148656182458035801e+03 1.804951632094096112e+03 1.698939420316241566e+00 1.112318810266925695e+00 2.859081379611775446e+03
3.387484626469693012e+02 2.136921334679016582e+03 1.798172872032047280e+03 1.468061975462028101e+00 9.861662779375417465e-01 2.795821173481281676e+03
3.402989327931886692e+02 2.137916617048827447e+03 1.797617684255638778e+03 1.450973273084494197e+00 1.148240580510197839e+00 2.802853843412548486e+03
3.359928338885736707e+02 2.127989121500576402e+03 1.791996287612002789e+03 1.175651439972476897e+00 1.269541390631530042e+00 2.764758038109784138e+03
3.419183625918386156e+02 2.139649174828772630e+03 1.797730812236934071e+03 1.139611136204854658e+00 8.507269101587645599e-01 2.786511321377912282e+03
3.377093628494018844e+02 2.132713631418464047e+03 1.795004268569062106e+03 1.335868242952621854e+00 1.244836087615905251e+00 2.808824637022994921e+03
3.637657284484997149e+02 2.159575450479399933e+03 1.795809722030900275e+03 1.320399469200282727e+00 1.223277295258892616e+00 2.831428671361533816e+03
5.860049053081311285e+02 2.398107272327096780e+03 1.812102367018965651e+03 1.662062610929639250e+00 1.201450665666658590e+00 3.075231402484262162e+03
1.318292814417711270e+03 3.218282768307175047e+03 1.899989953889463777e+03 2.148133628580907839e+00 1.558678700826410024e+00 4.030991240323292004e+03
2.812327946002494627e+03 5.059022378242805644e+03 2.246694432240311016e+03 2.352925659525608282e+00 2.445734831309896773e+00 5.930324806981848269e+03
5.155615364854824293e+03 8.781621550648646007e+03 3.626006185793821714e+03 2.472224820862512829e+00 2.947456252034690749e+00 9.629205172172287348e+03
6.424623748046162291e+03 1.208422042722726110e+04 5.659596679181098807e+03 2.416654351061714223e+00 -1.039407808378699949e+00 1.283934043213698351e+04
6.835088498500680544e+03 1.408985011800476423e+04 7.254761619504083683e+03 2.541293147865877788e+00 -6.276510256294378642e-01 1.481805012577231173e+04
6.949731071178361162e+03 1.513678078121016551e+04 8.187049710031804352e+03 2.535176416713885050e+00 -8.809404591625406011e-01 1.596297175028487982e+04
