5.252194767263545145e+02 3.036505874254223454e+04 2.983983926581588094e+04 2.477458655879312577e+00 -2.114115706328651090e+00 3.145060106968925174e+04
5.251698804322617207e+02 3.036831223305411550e+04 2.984314235262185321e+04 2.628275666862169402e+00 -2.114115706328661304e+00 3.154811758801487667e+04
5.252020031208626278e+02 3.036616051231189704e+04 2.984095850919103395e+04 2.603990181322712427e+00 -1.142775538417208248e+00 3.148362429552686081e+04
5.250601634728969884e+02 3.036889299446524456e+04 2.984383283099234905e+04 2.522025827609186255e+00 -2.114115706328663524e+00 3.156552468681626851e+04
5.251781330295386852e+02 3.036646262596370070e+04 2.984128449293416270e+04 2.575195738950350144e+00 7.999047974057708066e-01 3.149267951529071797e+04
5.252395849014419582e+02 3.036428344181275315e+04 2.983904385691131029e+04 2.822143771633926601e+00 7.999047974058196564e-01 3.142736308611109052e+04
5.251566845290412857e+02 3.036426986470050906e+04 2.983911318017146914e+04 2.618942788144203337e+00 -4.427776508184680182e+01 3.142695803167973281e+04
5.251525877173088475e+02 3.036638971492940982e+04 2.984123712721210177e+04 2.516204926552178645e+00 -2.114115706328661304e+00 3.149053920053439651e+04
5.251370499127659741e+02 3.036513913601817330e+04 2.984000208610540722e+04 2.486575651676080856e+00 -2.652803830563047693e+00 3.145345088688505348e+04
5.251228710592105244e+02 3.036238512394264762e+04 2.983726225288343630e+04 2.615765659165971257e+00 7.999047974058113297e-01 3.137926585761403112e+04
6.890747935108931415e+03 1.804314849596498971e+04 1.115240056085605829e+04 2.500686063909668189e+00 2.091608099244311347e+00 1.891671522966608973e+04
4.192473708903940860e+03 7.153598445628187619e+03 2.961124736724246759e+03 2.516881603232512976e+00 2.296122134141354021e+00 7.963640222856730361e+03
1.257443697907979185e+03 3.163345525039741005e+03 1.905901827131761820e+03 2.257054868623551869e+00 1.318883218237836052e+00 3.855363766936211050e+03
4.195637197527465787e+02 2.234032873195325465e+03 1.814469153442578772e+03 1.853661497094465149e+00 1.102162494733934572e+00 2.940087431130227742e+03
3.361620568160511198e+02 2.129386924164817174e+03 1.793224867348766111e+03 1.264288363481993471e+00 1.299639524343837671e+00 2.792938206714593434e+03
3.409087297716669127e+02 2.137669573868780390e+03 1.796760844097113477e+03 1.179059536757960158e+00 8.974505945808760599e-01 2.824158494843898552e+03
3.374711976617446680e+02 2.135618022620792090e+03 1.798146824959047535e+03 1.328986642119654560e+00 1.008302418030722292e+00 2.818462477954190945e+03
3.407402332103273466e+02 2.139318823969612367e+03 1.798578590759284907e+03 1.240370090424721239e+00 1.244730575128364825e+00 2.842847179842663991e+03
3.369490100625227456e+02 2.128134657969840646e+03 1.791185647907317843e+03 1.107828450595903513e+00 9.964145320332041811e-01 2.759542397439158322e+03
3.406181914029352242e+02 2.136277801316767182e+03 1.795659609913831900e+03 1.378368059523328748e+00 1.109097464031803426e+00 2.826281257006447959e+03
3.441223505593101777e+02 2.153726814995892255e+03 1.809604464436582020e+03 1.138479422007125264e+00 9.019506041645298788e-01 2.828371916000889996e+03
3.401782858372296801e+02 2.135092143118845797e+03 1.794913857281616174e+03 1.131915449706465182e+00 1.325277541132702686e+00 2.808300795457298136e+03
3.782312680322369829e+02 2.181806229058771805e+03 1.803574961026534766e+03 1.234242269169435913e+00 1.075319403534212848e+00 2.859675485007983298e+03
5.957976223729612002e+02 2.403719119769273675e+03 1.807921497396312589e+03 2.019874353719603999e+00 1.423976406529791072e+00 3.071936608406025243e+03
1.081151177096080346e+03 2.940938859478207632e+03 1.859787682382127286e+03 2.408231762515526064e+00 1.545114054141067728e+00 3.690870395878674572e+03
2.793536113228434715e+03 5.027834484226043969e+03 2.234298370997609254e+03 2.258552482854558008e+00 2.563079171443874316e+00 5.900012196252353533e+03
5.098719239932152050e+03 8.696459833741540933e+03 3.597740593809388884e+03 2.421845861559653201e+00 3.093748758605851634e+00 9.556746150463446611e+03
6.436792004074862234e+03 1.213541235744188452e+04 5.698620353367022290e+03 2.488171127824343909e+00 -1.494391379895870509e-01 1.291915627907644193e+04
6.842125818260517008e+03 1.412113942392038007e+04 7.279013605659863060e+03 2.410928417359972542e+00 -7.367190302354021947e-01 1.485425678864342262e+04
6.924889600098979827e+03 1.482160005407667995e+04 7.896710453977700126e+03 2.355483197908397219e+00 -1.538002337553034060e+00 1.547391858992080051e+04
