5.252299033972344660e+02 3.036816366740427839e+04 2.984293376400704437e+04 2.584054609413822590e+00 -1.480043108482222536e+00 3.154366464590171017e+04
5.251020929364393623e+02 3.036369504145751125e+04 2.983859294852107269e+04 2.534328624518013218e+00 -3.028758916453907091e+01 3.140972700494860692e+04
5.251447229600671562e+02 3.036361276247973728e+04 2.983846803951967013e+04 2.557861810155036775e+00 -4.427776508184678761e+01 3.140726086606929312e+04
5.251714778707736286e+02 3.036469083837705330e+04 2.983951936050628137e+04 2.509562166690632257e+00 -1.480043108482195224e+00 3.143957391804019426e+04
5.251451926793888560e+02 3.036844957098427403e+04 2.984330437830488518e+04 2.446403693977482252e+00 -1.480043108482185898e+00 3.155223400294005478e+04
5.252013280313117320e+02 3.037068330276183042e+04 2.984548197473051914e+04 2.433096834237565176e+00 -2.114115706328661304e+00 3.161918542437170618e+04
5.251380580924943615e+02 3.036990626838411117e+04 2.984476821029161511e+04 2.509114753786851448e+00 -3.239184191603437402e+00 3.159589734295421295e+04
5.252114191778892973e+02 3.036853976566565325e+04 2.984332834648776407e+04 2.531894689472893756e+00 -2.114115706328660860e+00 3.155498234215821503e+04
5.251572482815432750e+02 3.036427547128349397e+04 2.983911822300195126e+04 2.489037943025353528e+00 7.999047974058385302e-01 3.142756595382588421e+04
5.252047322281097195e+02 3.036851869989699480e+04 2.984331396766888429e+04 2.633990442350307770e+00 -2.114115706328660860e+00 3.156235048992499287e+04
6.945009070148279534e+03 1.762451484632034408e+04 1.067950577617206363e+04 2.513214975043382093e+00 1.947844390055795794e+00 1.855572205374866826e+04
4.028672906935032188e+03 6.877171350864979104e+03 2.848498443929946916e+03 2.371329082776697295e+00 2.443454402114938695e+00 7.650991889415216065e+03
1.389459479374723514e+03 3.313149073451409549e+03 1.923689594076686035e+03 2.244004054713442109e+00 1.576781868167953959e+00 4.011194494258252234e+03
4.157780189235528496e+02 2.218782365617229971e+03 1.803004346693677235e+03 2.037819419982272784e+00 1.056029014285641443e+00 2.860055670134066531e+03
3.382139241200527522e+02 2.138637904237058137e+03 1.800423980117005385e+03 1.441099676331125901e+00 1.164187069098431282e+00 2.831497085978014184e+03
3.505593401837377314e+02 2.148578135513121651e+03 1.798018795329383920e+03 1.851588277591890153e+00 1.165009278905891010e+00 2.851015273371433977e+03
3.388095489964182434e+02 2.132581864824800959e+03 1.793772315828382716e+03 1.260727640524943238e+00 1.288128681492841210e+00 2.796705686921179677e+03
3.401182968942583784e+02 2.135788016179621991e+03 1.795669719285363499e+03 9.183903436125628872e-01 1.066258182479062899e+00 2.816118925071197737e+03
3.389495923327438618e+02 2.131410412179271589e+03 1.792460819846527784e+03 1.316252127051203757e+00 1.121409684337308477e+00 2.786099920107703838e+03
3.384729957379710186e+02 2.132921866736756783e+03 1.794448870998785878e+03 1.178584172533075902e+00 1.161350006174134863e+00 2.797481456490477740e+03
3.466566709983628698e+02 2.164200399422024930e+03 1.817543728423662060e+03 1.257317579262161589e+00 5.582879464535172032e-01 2.885770454370147945e+03
3.397253901161662384e+02 2.140267743382339177e+03 1.800542353266172995e+03 1.382700622428454151e+00 1.102839781238071248e+00 2.828886446777107267e+03
3.556446132197445422e+02 2.164767896466865295e+03 1.809123283247120753e+03 1.084888555066164217e+00 9.126101565032044283e-01 2.869978178596099497e+03
5.231415725900485540e+02 2.335371160739064635e+03 1.812229588149016081e+03 1.956552926906923062e+00 1.414267593102765508e+00 3.052671754866065839e+03
1.118798509231542994e+03 2.987598441975071637e+03 1.868799932743528643e+03 2.293494028886847946e+00 1.446572149889724601e+00 3.736573257323182588e+03
2.749942316036201191e+03 4.962908955524606426e+03 2.212966639488405235e+03 2.275192623346448784e+00 2.602179131414148028e+00 5.800630012738303776e+03
5.031719251595857713e+03 8.567632491067259252e+03 3.535913239471401539e+03 2.528331887034954928e+00 3.009168705895429952e+00 9.413703079244494802e+03
6.303795427698382809e+03 1.165326432232993466e+04 5.349468894631551848e+03 2.474187447556734920e+00 -1.893315902567292541e+00 1.244054960697962633e+04
6.807264995119768173e+03 1.396794916377062145e+04 7.160684168650853280e+03 2.420205395525636405e+00 -1.669331655861458819e+00 1.467269551543841771e+04
6.886148485804305892e+03 1.446719740136346809e+04 7.581048915559162197e+03 2.526158370635096961e+00 -7.494221467815079807e-01 1.516122610875733153e+04
