5.252004686268244313e+02 3.036845798062932226e+04 2.984325751200249942e+04 2.658280624640911416e+00 1.445498828045626682e+00 3.155248606428098719e+04
5.251944058321342936e+02 3.036818153843228720e+04 2.984298713260015211e+04 2.470675111005206315e+00 -4.599107165705146372e+01 3.154420029228525163e+04
5.251502088727085038e+02 3.036282094495244019e+04 2.983767073607972998e+04 2.453033524029068158e+00 7.999047974058138832e-01 3.138352780518270811e+04
5.251977955422802324e+02 3.036644058154823870e+04 2.984124278600595790e+04 2.607764715670704891e+00 -1.480043108482171021e+00 3.149201878037784263e+04
5.251660735748492925e+02 3.036714534776093205e+04 2.984197927418608379e+04 2.477645077200403723e+00 -2.114115706328671074e+00 3.151314266169086113e+04
5.251484582529973295e+02 3.036676885452449278e+04 2.984162039627149716e+04 2.480307807912261353e+00 -2.114115706328673294e+00 3.150185809169671847e+04
5.251645355642973527e+02 3.036607979038842313e+04 2.984091525482412544e+04 2.454252027965499128e+00 -1.480043108482125058e+00 3.148120672806458970e+04
5.252255337487679299e+02 3.036992726010084880e+04 2.984470172635207928e+04 2.582387917652201104e+00 -2.114115706328663524e+00 3.159656954740876608e+04
5.251904528616367998e+02 3.036879128408705219e+04 2.984360083122541619e+04 2.373808188641165273e+00 -1.480043108482094860e+00 3.156291665803650903e+04
5.251412953255411367e+02 3.036765124095241481e+04 2.984250994562687265e+04 2.591994317452780638e+00 7.999047974057749144e-01 3.153656055367712179e+04
6.938657410792462542e+03 1.754250867821932843e+04 1.060385126742686589e+04 2.516091465098543978e+00 2.121822446730926348e+00 1.842534867975223824e+04
4.266274521341500986e+03 7.265064846676305933e+03 2.998790325334804947e+03 2.286327914171971010e+00 2.413441356041845509e+00 8.040910588314996858e+03
1.402880617146846589e+03 3.321286739253058386e+03 1.918406122106211797e+03 2.069179939316896810e+00 1.827405936982929857e+00 4.030861971595245905e+03
4.434698114132668820e+02 2.250393994637899596e+03 1.806924183224632770e+03 2.058706453360481969e+00 8.564221019809877822e-01 2.918508622730628758e+03
3.417571886697792820e+02 2.144163830966951082e+03 1.802406642297171857e+03 1.423820142803268851e+00 1.365274914782427684e+00 2.888656336145482328e+03
3.378275912868395494e+02 2.131330281991314678e+03 1.793502690704475071e+03 1.102670832272814927e+00 1.063562914445542074e+00 2.813625108546220417e+03
3.424817668746786126e+02 2.147567235569653349e+03 1.805085468694974679e+03 1.124485927291650311e+00 8.108583742890725921e-01 2.841316283595879668e+03
3.394957753250428141e+02 2.135678192923322513e+03 1.796182417598279699e+03 1.075987391637928114e+00 9.669507173483019580e-01 2.792449288824257565e+03
3.407457379325870761e+02 2.147011787140041633e+03 1.806266049207454671e+03 1.136348375753840623e+00 8.444183874644357601e-01 2.836740525718033496e+03
3.395151376836523696e+02 2.136726556841730144e+03 1.797211419158077661e+03 1.064248997343552938e+00 8.374736629223361595e-01 2.796046576595178067e+03
3.404266267356667299e+02 2.134025041771766610e+03 1.793598415036099823e+03 1.349639508503129859e+00 1.247538679994495192e+00 2.806970593155218467e+03
3.396845696155373275e+02 2.138768574456346414e+03 1.799084004840809030e+03 1.240729589409106604e+00 8.301110349120782717e-01 2.798727886476606272e+03
3.778601793745487498e+02 2.172927912509059297e+03 1.795067733134510490e+03 1.495320678342754173e+00 1.297035496332099358e+00 2.858250646479501029e+03
5.487542215339984750e+02 2.368207368025942742e+03 1.819453146491944153e+03 1.774912939031591863e+00 1.219345083483932335e+00 3.085444160034616289e+03
1.219512092430779603e+03 3.082105281781433860e+03 1.862593189350654256e+03 2.208207722023731279e+00 1.705790211557750347e+00 3.829349407891618284e+03
2.972720920039776956e+03 5.263961918190128017e+03 2.291240998150351061e+03 2.450476190382838926e+00 2.651591391431287636e+00 6.118998452011534937e+03
5.056740374401987538e+03 8.600876295813888646e+03 3.544135921411901109e+03 2.423421629931276300e+00 2.817176994662636158e+00 9.439110428348400092e+03
6.451412387821589618e+03 1.219168710732852560e+04 5.740274719506935980e+03 2.569686407246942750e+00 -6.551098926291054614e-01 1.291234396789737002e+04
6.836610341577745203e+03 1.411516501236739714e+04 7.278554670789651937e+03 2.392967268643809486e+00 -1.446970271495704452e+00 1.489139113089778039e+04
6.957602510892883402e+03 1.525062850993852953e+04 8.293025999045647040e+03 2.474436183725004401e+00 -1.025954998951994712e+00 1.608211280832694320e+04
