5.252231170372460838e+02 3.036517224302803879e+04 2.983994912599079180e+04 2.659880852068748247e+00 -1.480043108482190783e+00 3.145400300744309789e+04
5.252464162024214147e+02 3.036511471956166861e+04 2.983986830335924606e+04 2.580863335633707845e+00 -1.480043108482198777e+00 3.145227886282186591e+04
5.251920545100638265e+02 3.036920008138406774e+04 2.984400802687400574e+04 2.575567958979590344e+00 -1.472362153286601805e+00 3.157472896973259049e+04
5.251559014666380563e+02 3.036569336919027774e+04 2.984053746772363957e+04 2.477165073092562064e+00 -1.468521675688844397e+00 3.146962266539772099e+04
5.251736013325297563e+02 3.036302049352586982e+04 2.983784689219334177e+04 2.528146451736541511e+00 -3.239184191603455165e+00 3.138950885297557761e+04
5.250518311936034479e+02 3.036422739391232244e+04 2.983917556271871945e+04 2.544791468190175099e+00 -1.480043108482228531e+00 3.142568316817501182e+04
5.251960300606961027e+02 3.036655347841291950e+04 2.984135744835222431e+04 2.649647009694958033e+00 -1.480043108482156589e+00 3.149540453523446195e+04
5.251564875349878321e+02 3.036524091737540220e+04 2.984008442984041540e+04 2.645401658984481319e+00 -1.480043108482173020e+00 3.145610633428007350e+04
5.251831612997564207e+02 3.036703363167693169e+04 2.984185047037717595e+04 2.690769470598250113e+00 -5.048624629728836188e-01 3.151023224297471097e+04
5.251366204837927398e+02 3.036865465490304996e+04 2.984351803441925586e+04 2.454949044122064716e+00 -1.480043108482146152e+00 3.156665075981113478e+04
6.918286742892019902e+03 1.783345124906589626e+04 1.091516450617387636e+04 2.557299397099662475e+00 1.547237058059290904e+00 1.865622745752808623e+04
4.020419215418383374e+03 6.842263683723404029e+03 2.821844468305020655e+03 2.438260869719076851e+00 2.602639817619462281e+00 7.599728083197191154e+03
1.511918911309976920e+03 3.443267432362838917e+03 1.931348521052861997e+03 2.258162332014737927e+00 1.758033487849150811e+00 4.173080231045385517e+03
4.846687903896385592e+02 2.286572206092533634e+03 1.801903415702895018e+03 2.104452149496060631e+00 1.261110549133835468e+00 2.940770024699919759e+03
3.519136161750313931e+02 2.151207843511556803e+03 1.799294227336525410e+03 1.358488049763971084e+00 1.556874697256466433e+00 2.850314298028567919e+03
3.383944234223051239e+02 2.134931231154208490e+03 1.796536807731903309e+03 1.294934497959145725e+00 1.223399564033550879e+00 2.800931549569986601e+03
3.394023114074304317e+02 2.136004572996002480e+03 1.796602261588571992e+03 1.529289036000974988e+00 1.014689936341949039e+00 2.809637539982648377e+03
3.400397472738610531e+02 2.142323060145063209e+03 1.802283312871202270e+03 1.386588674947808242e+00 1.007031027647433907e+00 2.810246636947852494e+03
3.391444531766903197e+02 2.141784765480246278e+03 1.802640312303555902e+03 1.454741234812888750e+00 1.205565301528093158e+00 2.831827386143252625e+03
3.390763498990586413e+02 2.130434667742416423e+03 1.791358317843357781e+03 1.087591007705188240e+00 1.242735236745883931e+00 2.801798401279118934e+03
3.395873066585550646e+02 2.142408095051183409e+03 1.802820788392628401e+03 1.224613845686164826e+00 9.721471072039156169e-01 2.821143430705802984e+03
3.534620760377167130e+02 2.160535585626220382e+03 1.807073509588503612e+03 1.248350747539238137e+00 1.025940483692533212e+00 2.850613009802334091e+03
3.526842096932838899e+02 2.159230395187434624e+03 1.806546185494150677e+03 1.382976494331324746e+00 9.229628911573510841e-01 2.887538995300483748e+03
5.353996206689653263e+02 2.348325524368581682e+03 1.812925903699616356e+03 2.073188331780597249e+00 1.033005918178946825e+00 3.049805578886346211e+03
1.294456775399480421e+03 3.196344863422543767e+03 1.901888088023063347e+03 2.338333489770089813e+00 1.689491168699158052e+00 4.033413485424890041e+03
2.897441017478196045e+03 5.158953895185019064e+03 2.261512877706823019e+03 2.666645590476932171e+00 2.501508282614854917e+00 5.987068831235502330e+03
5.046204336931202306e+03 8.594193861143619870e+03 3.547989524212417564e+03 2.423811754147971786e+00 2.982635818706147912e+00 9.470221526217581413e+03
6.445585015775297506e+03 1.219262977919117293e+04 5.747044763415875423e+03 2.481548574127664164e+00 -4.704515593321479394e-01 1.290957292126433640e+04
6.743624076507887366e+03 1.350627778971624684e+04 6.762653713208359477e+03 2.547619944422216953e+00 -9.117526224194647533e-01 1.416647391459412211e+04
6.934516479068124681e+03 1.501277979693432644e+04 8.078263317866201760e+03 2.441158501279094839e+00 -1.028105207836628843e+00 1.574556296637116429e+04
