5.252345644510569400e+02 3.036802984555572766e+04 2.984279528110467072e+04 2.489262046289600683e+00 -1.468521675688848838e+00 3.153965361814654534e+04
5.251306108400171979e+02 3.036415311350595221e+04 2.983902250266593546e+04 2.498318907113695975e+00 -1.480043108482177017e+00 3.142345674878506907e+04
5.251846936495256841e+02 3.036571144485404147e+04 2.984052675120451750e+04 2.460912744262207408e+00 -1.480043108482200997e+00 3.147016444530560693e+04
5.251577154899121069e+02 3.036428978078459113e+04 2.983913206529467789e+04 2.657319090156792019e+00 -1.480043108482155922e+00 3.142755306230968563e+04
5.252467022834053978e+02 3.036974391713701334e+04 2.984449721485360715e+04 2.452784654009702248e+00 -1.468521675688847283e+00 3.159102929982637579e+04
5.251466782293870210e+02 3.036704350747295757e+04 2.984189682924357112e+04 2.591125298351031336e+00 -1.142775538417188264e+00 3.151009023464722486e+04
5.251622710393245370e+02 3.036658599112684169e+04 2.984142372008751772e+04 2.634972952539035518e+00 -1.480043108482211656e+00 3.149637904354780039e+04
5.252047425837113224e+02 3.036701075408706311e+04 2.984180601150335133e+04 2.476632694346971864e+00 -1.480043108482155256e+00 3.150915354389265849e+04
5.251234120392393834e+02 3.036955095514134518e+04 2.984442754310210512e+04 2.440264458950104132e+00 -4.510781755216558508e+01 3.158568932141353798e+04
5.251724087007390835e+02 3.036660528063165111e+04 2.984143287193091237e+04 2.484048196344213810e+00 -1.480043108482207437e+00 3.150496126239192017e+04
6.910041610454354668e+03 1.797517626577477131e+04 1.106513465532041664e+04 2.465991502599420127e+00 1.649687228220334312e+00 1.879589777160385347e+04
4.073643579650706215e+03 6.948491812904317158e+03 2.874848233253610942e+03 2.479361371798164182e+00 2.186495731843947521e+00 7.730792309986112741e+03
1.558531939789711259e+03 3.502312218180333275e+03 1.943780278390622016e+03 2.207737442112736037e+00 1.505103181907335497e+00 4.153873114234866989e+03
4.700439827466418592e+02 2.281862349081573484e+03 1.811818366334931625e+03 2.082030368225327610e+00 1.184321515813680170e+00 2.989497685861607351e+03
3.523006860290537929e+02 2.149555721578941302e+03 1.797255035549887452e+03 1.776069271275915851e+00 9.781813823923483087e-01 2.794356639490926682e+03
3.354316153319502973e+02 2.133998988527539950e+03 1.798567373195589653e+03 1.125539406843047319e+00 1.018091286589484001e+00 2.790444483238368775e+03
3.371087618325342419e+02 2.124775012964545112e+03 1.787666251132010984e+03 1.286473883292760467e+00 1.343641462951626009e+00 2.783142036045849181e+03
3.389201222093293495e+02 2.132049433046657214e+03 1.793129310837327921e+03 1.135882286511098904e+00 1.304898584623730207e+00 2.804549570313476124e+03
3.377436034153197966e+02 2.137189953498637806e+03 1.799446350083318066e+03 1.658540260381357045e+00 1.199574591371856513e+00 2.836633838456545163e+03
3.373140713749410224e+02 2.140168548767904667e+03 1.802854477392963645e+03 1.064041879068130081e+00 9.128172828438912978e-01 2.832628191797389718e+03
3.376830384790698645e+02 2.138270120482682614e+03 1.800587082003612750e+03 1.428095969078285288e+00 7.650975534993667004e-01 2.821006395180417712e+03
3.365701211228486045e+02 2.127245143837368232e+03 1.790675022714519628e+03 1.368115840186690413e+00 1.351896984333125884e+00 2.785690733820974856e+03
3.664596291946070323e+02 2.169932424646978234e+03 1.803472795452371201e+03 1.351323636438449327e+00 1.093643665289474987e+00 2.852273247008704402e+03
5.101988387422044298e+02 2.322862571341738658e+03 1.812663732599534342e+03 2.031965247938189556e+00 9.468850394475837318e-01 3.006379955040016284e+03
1.254069875354897931e+03 3.140830792185249720e+03 1.886760916830351789e+03 2.339533871314142477e+00 1.952029509014396425e+00 3.915189185645786893e+03
2.927956345751213121e+03 5.201565556426187868e+03 2.273609210674974747e+03 2.342673446624748745e+00 2.521899325625785782e+00 6.018038946093920458e+03
4.983016182232121537e+03 8.446219722367317445e+03 3.463203540135195908e+03 2.417312046510276868e+00 2.915248669825960093e+00 9.257893911488357844e+03
6.477463135764809522e+03 1.226350743320980473e+04 5.786044297444995209e+03 2.390236220620544305e+00 2.272781968030298805e-01 1.302048053869702744e+04
6.886162301231101083e+03 1.447988411139359778e+04 7.593721810162496695e+03 2.381296423960953756e+00 -8.000474713460684617e-01 1.527761860705313120e+04
6.974443046296795728e+03 1.544496189849155780e+04 8.470518852194762076e+03 2.564593020466466200e+00 -1.154888939067289400e+00 1.617326366734763542e+04
