5.252200127518436830e+02 3.036620160904217482e+04 2.984098159629033034e+04 2.428759117218513897e+00 -2.114115706328680400e+00 3.148485608336470250e+04
5.252273928803717808e+02 3.036509787562704878e+04 2.983987048274667541e+04 2.524891104664739316e+00 -4.442010179549512117e+01 3.145177400139988822e+04
5.251507108730542086e+02 3.036517313164605366e+04 2.984002242077299888e+04 2.596206028895753359e+00 -4.628057827424644444e+01 3.145402964189370687e+04
5.251697871203294881e+02 3.036784842267739441e+04 2.984267863555706572e+04 2.536369830330054143e+00 1.445498828045639117e+00 3.153421584988568793e+04
5.251729941375485851e+02 3.036564185032603200e+04 2.984046885618848319e+04 2.455345750261942683e+00 -1.480043108482198777e+00 3.146807849610320773e+04
5.251379273267965573e+02 3.037003250306518385e+04 2.984489457573838808e+04 2.521212526206110471e+00 -4.605676799259074272e+01 3.159967907524015391e+04
5.251723657292358212e+02 3.036880137534101959e+04 2.984362900961178457e+04 2.493893183528875568e+00 -2.114115706328661304e+00 3.156278049272609132e+04
5.252203026652849758e+02 3.036348277000946473e+04 2.983826246734417873e+04 2.406653054381221235e+00 -4.452143719112515186e+01 3.140340931546400680e+04
5.251783323150420983e+02 3.036970067378201202e+04 2.984452234146697083e+04 2.489152652861688075e+00 -4.532100404128846094e+01 3.159017597273254069e+04
5.251694160209120810e+02 3.036470130591926136e+04 2.983953188989834962e+04 2.437183648096297173e+00 -2.114115706328663524e+00 3.144843772150885707e+04
6.953380140603635482e+03 1.721723508745842264e+04 1.026385494685478625e+04 2.556285396811574628e+00 2.329166311402280698e+00 1.817941559946111011e+04
4.069124731726566552e+03 6.921351363600610057e+03 2.852226631874043505e+03 2.380166539088334421e+00 2.567337272590091590e+00 7.647216112346246518e+03
1.487795505880309520e+03 3.434491709072735375e+03 1.946696203192425855e+03 2.250523992985031807e+00 1.313181431413411593e+00 4.157747943020790444e+03
4.309946266697304509e+02 2.232617194983841728e+03 1.801622568314111277e+03 1.920166996701520246e+00 1.340319407478247626e+00 2.897343107576718012e+03
4.053269409046949363e+02 2.201532857733468518e+03 1.796205916828773525e+03 1.830155491743341800e+00 1.346551426240220950e+00 2.886511777173590872e+03
3.373461389864000921e+02 2.131266111571207148e+03 1.793919972584807056e+03 1.024540338411265905e+00 1.239229939552810356e+00 2.782582723681754487e+03
3.354757044631475651e+02 2.120623479992210378e+03 1.785147775529062756e+03 1.422999997146313866e+00 1.213104666058238079e+00 2.744207748584610272e+03
3.424367823472390455e+02 2.151759387788257754e+03 1.809322605441018823e+03 1.528604919292656739e+00 7.281324528294984555e-01 2.838236327268577043e+03
3.444598484298726362e+02 2.152843647836556102e+03 1.808383799406683465e+03 1.320843197598091434e+00 8.855757626658674608e-01 2.873627990550070990e+03
3.387165116764942923e+02 2.136718237328088435e+03 1.798001725651594143e+03 1.050449462129407374e+00 9.167707567791910650e-01 2.778053170541226791e+03
3.398577769496781116e+02 2.137252287949272159e+03 1.797394510999594104e+03 1.223886373086582990e+00 1.030573134947323943e+00 2.823453011754111685e+03
3.543371288711940679e+02 2.165271228013516520e+03 1.810934099142322339e+03 1.247097431398875855e+00 1.287958079376929410e+00 2.922564488494800571e+03
3.639099941732808929e+02 2.152469616903392307e+03 1.788559622730111414e+03 1.387306347308147059e+00 1.404410275031909849e+00 2.778007210147650312e+03
4.557871688833623693e+02 2.257170335018750393e+03 1.801383166135387910e+03 1.844059458455757250e+00 1.647973134782167115e+00 2.953763503563572613e+03
9.193086746814807384e+02 2.764105172016119468e+03 1.844796497334638843e+03 2.250905631591196610e+00 1.600241572195804318e+00 3.518001660729563355e+03
2.757771991267250542e+03 4.970751273975709410e+03 2.212979282708458868e+03 2.208026904871049467e+00 2.594909119109735318e+00 5.768552388064010302e+03
4.842775088732203585e+03 8.202901785704212671e+03 3.360126696972009086e+03 2.319541197117010345e+00 2.980976045195613988e+00 9.005952027109820847e+03
6.417696134222701403e+03 1.206374666878860990e+04 5.646050534565908492e+03 2.433713807495229808e+00 -2.648512226680104775e-01 1.291072222580317066e+04
6.875831537067521822e+03 1.437005875778664449e+04 7.494227220719122670e+03 2.536050566810570839e+00 -1.694195644562367820e+00 1.509495134619105920e+04
6.986025422192126825e+03 1.561281107492887713e+04 8.626785652736751217e+03 2.412967130682682093e+00 -8.526058758858124920e-01 1.641588910145579575e+04
