5.251821960942684200e+02 3.036307498244399176e+04 2.983789278634972288e+04 2.531607553238538255e+00 -1.480043108482174796e+00 3.139114204336961484e+04
5.250623951615026499e+02 3.036582683887089297e+04 2.984076444370939134e+04 2.463431154588999750e+00 -4.469136219256747466e+01 3.147362313766026637e+04
5.251433872578464843e+02 3.036807501528492867e+04 2.984293162802708321e+04 2.526803468176753498e+00 -1.714353705056930188e-01 3.154100748553912126e+04
5.251017313897106078e+02 3.036878032968931802e+04 2.984367859829960798e+04 2.430330171164419628e+00 -4.447076949331012230e+01 3.156214779770352106e+04
5.252275290572487165e+02 3.036679561660924082e+04 2.984156808755199381e+04 2.518189153564948768e+00 -1.468521675688846395e+00 3.150266020780215331e+04
5.251967290442036074e+02 3.036975363462747191e+04 2.984455690558326751e+04 2.476559283684519830e+00 -1.480043108482149705e+00 3.159132058187192524e+04
5.251713885460004576e+02 3.036549131158627642e+04 2.984031992304027517e+04 2.553244994890740305e+00 -1.480043108482156811e+00 3.146356831172607781e+04
5.252311900180106932e+02 3.036721208247730101e+04 2.984198089245929077e+04 2.437482583315194962e+00 -1.480043108482179237e+00 3.151518839456986098e+04
5.251681957195302175e+02 3.036954135981352738e+04 2.984437316409399864e+04 2.577108224851005769e+00 -3.023094749739167142e+01 3.158539818599133287e+04
5.252448672863129104e+02 3.036846823217053316e+04 2.984322336488421934e+04 2.620200825835802938e+00 -1.480043108482156811e+00 3.156104385722977895e+04
6.911757171289563303e+03 1.798048989304653151e+04 1.106873272175696911e+04 2.349009844401630076e+00 2.155296662560660437e+00 1.895207698130956123e+04
4.098303198541367237e+03 6.986625339026358233e+03 2.888322140484990996e+03 2.519650224195796984e+00 2.091890003885298555e+00 7.719475226560289229e+03
1.134126329078406570e+03 3.009928382607143703e+03 1.875802053528737133e+03 2.254393633414256914e+00 1.320931810469279544e+00 3.660946689278938720e+03
4.072917378737309377e+02 2.207767549669728396e+03 1.800475811795997515e+03 2.663588498960443918e+00 9.412463374835079444e-01 2.882870226811150133e+03
3.742624695975393934e+02 2.172544941031992039e+03 1.798282471434452646e+03 1.870718627425057790e+00 1.304052195576219653e+00 2.832405509870525293e+03
3.378919734907734096e+02 2.136282757898141881e+03 1.798390784407368528e+03 1.161500159565773904e+00 9.825436438364141267e-01 2.772442521806266996e+03
3.433861652052258364e+02 2.152535785642286555e+03 1.809149620437060776e+03 1.281435225039765591e+00 6.685989374244482031e-01 2.861172093439767195e+03
3.389881264760922477e+02 2.141153000068079564e+03 1.802164873591987316e+03 1.294582282265465345e+00 8.788972434765834896e-01 2.816554127832828271e+03
3.406934223041077985e+02 2.136567390656926364e+03 1.795873968352818565e+03 1.149865693838746816e+00 1.154687645821381947e+00 2.823694258485703358e+03
3.426894389222993027e+02 2.141522121797262116e+03 1.798832682874962757e+03 1.528911381479084897e+00 1.057564629520393984e+00 2.833967388963906160e+03
3.408487218618986958e+02 2.132322339929215559e+03 1.791473618067316920e+03 1.289445493853440761e+00 1.490998930743757667e+00 2.790431398811769668e+03
3.375333571253058267e+02 2.139687180472099499e+03 1.802153823346793615e+03 1.058316176971015210e+00 7.862724723572824814e-01 2.788011562381830117e+03
3.401009024714137468e+02 2.135387801927362034e+03 1.795286899455948287e+03 1.037829652355462429e+00 9.722065890652901166e-01 2.802477552773816569e+03
4.973421314708743921e+02 2.301606091987300715e+03 1.804263960516426323e+03 2.086479671946194880e+00 1.280357332709711304e+00 2.977853399294272094e+03
1.256095430567959511e+03 3.142350951602497389e+03 1.886255521034537878e+03 2.048337120264045463e+00 1.525148142054100875e+00 3.885369227621441041e+03
2.910232900701120343e+03 5.174149618072984595e+03 2.263916717371864252e+03 2.311382678997233153e+00 2.644089978324435375e+00 6.005219310690236853e+03
5.172382536185639765e+03 8.835953572136637376e+03 3.663571035950997612e+03 2.385144984396445622e+00 2.961877816850388978e+00 9.699493216438375384e+03
6.413900620772960792e+03 1.206670782443908683e+04 5.652807203666126043e+03 2.501232358481939588e+00 -5.386565695448630731e-01 1.284708825352686472e+04
6.824035247775957941e+03 1.401510337427100421e+04 7.191068126495046272e+03 2.683630429259853400e+00 -1.786004708667927376e+00 1.463039193104451624e+04
6.936456776564501524e+03 1.502118251105216041e+04 8.084725734487658883e+03 2.416839919196768438e+00 -3.784392407059312124e-01 1.569542217976751635e+04
