5.251731724917528936e+02 3.036258461797284690e+04 2.983741144548109514e+04 2.582812326045561324e+00 -1.480043108482198777e+00 3.137644440224908249e+04
5.251434540689878077e+02 3.037028564875110169e+04 2.984514219468211377e+04 2.564366980695224285e+00 -1.480043108482187231e+00 3.160726656271439060e+04
5.252049571010602449e+02 3.036513168385347672e+04 2.983992672675241556e+04 2.477592577505700167e+00 -3.239184191603462271e+00 3.145278733170287160e+04
5.251535735542512384e+02 3.036925068929008921e+04 2.984409711573583627e+04 2.462756991126546335e+00 -4.463472052542004320e+01 3.157624583501402230e+04
5.252326527213710960e+02 3.036450239416924160e+04 2.983926974144787164e+04 2.468962572233603492e+00 -1.480043108482222536e+00 3.143392570027339389e+04
5.251968172607089400e+02 3.036444542984377767e+04 2.983924861258306919e+04 2.773702363488702805e+00 -1.480043108482163250e+00 3.143221833564458939e+04
5.251630962654161294e+02 3.036833617454162959e+04 2.984317307827621335e+04 2.447549671568014507e+00 -1.480043108482187231e+00 3.154883709978111801e+04
5.250575176666148991e+02 3.036609081496454746e+04 2.984103329729793404e+04 2.574010729652293605e+00 -4.469136219256746045e+01 3.148158015611361770e+04
5.251434401083977264e+02 3.036693814066182676e+04 2.984179470055342972e+04 2.436136688487354096e+00 -3.239184191603416085e+00 3.150736920008012021e+04
5.252231767859464071e+02 3.036955068930878406e+04 2.984432751252283924e+04 2.480483932407748338e+00 -2.114115706328664412e+00 3.159334980291034663e+04
6.923711619972468725e+03 1.782803904715304816e+04 1.090432742718057852e+04 2.406295460985967694e+00 2.258010286920552279e+00 1.876514570772256047e+04
4.260257531038591878e+03 7.253858396291231657e+03 2.993600865252639778e+03 2.511711749841399666e+00 2.387058695739947112e+00 8.044389019356070094e+03
1.364581875846210096e+03 3.266970986109854493e+03 1.902389110263644397e+03 2.239464800367713337e+00 1.882471282201025886e+00 3.936407031780955549e+03
4.462443428863813324e+02 2.248883354045648957e+03 1.802639011159267739e+03 2.098066718880062798e+00 1.419147391693832860e+00 2.930127223149520432e+03
3.406062932375557466e+02 2.141633669627201925e+03 1.801027376389646179e+03 1.109908629737460517e+00 1.093010878877615832e+00 2.824990338543390862e+03
3.404657641998737176e+02 2.141497968700217825e+03 1.801032204500344051e+03 1.121899347765747512e+00 8.716056534889110585e-01 2.812994984082784867e+03
3.411031748473397442e+02 2.146143117950881333e+03 1.805039943103541646e+03 1.338032665562247869e+00 8.846465428629053385e-01 2.828806134343734811e+03
3.402715988003811844e+02 2.148384875123983875e+03 1.808113276323602804e+03 1.163226170481843402e+00 1.059198727476679203e+00 2.888407657956169260e+03
3.378304347718071767e+02 2.137369038826513588e+03 1.799538604054706411e+03 1.221184825040430910e+00 9.952741001804713550e-01 2.798173531438796090e+03
3.364099515757787344e+02 2.129998412588584870e+03 1.793588461012806192e+03 1.287736934507638153e+00 1.174376943235647452e+00 2.785485627870581538e+03
3.399537319915848457e+02 2.139761614901451594e+03 1.799807882909866748e+03 1.053600639326384814e+00 1.108207172019093134e+00 2.806645245018039986e+03
3.376614249329327322e+02 2.138876579678017606e+03 1.801215154745084874e+03 1.181556881797706016e+00 1.218558880409196021e+00 2.832994695575084279e+03
3.556461494148542215e+02 2.158618028128117203e+03 1.802971878713262868e+03 1.598206699938987008e+00 1.388303288267413116e+00 2.886660124668758726e+03
5.097887927619976836e+02 2.316156259177642823e+03 1.806367466415645140e+03 2.066613370237766922e+00 1.548441739575786569e+00 3.026922000287694118e+03
1.278009435873740586e+03 3.157470099188656604e+03 1.879460663314916019e+03 2.019274855204932440e+00 2.050100300199030112e+00 3.901200788014852606e+03
3.153677585278897823e+03 5.517532894068702262e+03 2.363855308789804440e+03 2.414625015349548764e+00 2.581039552062958098e+00 6.370617282831572993e+03
4.880266158992608325e+03 8.268224146396865763e+03 3.387957987404257437e+03 2.288012359538791340e+00 3.124718655491523389e+00 9.110841298051829654e+03
6.463357643634806664e+03 1.223749450453944883e+04 5.774136860904642162e+03 2.499337610121152853e+00 -1.619628358152133352e+00 1.301471303913231168e+04
6.848613575905983453e+03 1.422513096918651354e+04 7.376517393280530086e+03 2.650082041610527739e+00 -1.319634479794460136e+00 1.492922224754119634e+04
6.927987673554138382e+03 1.481216537315948699e+04 7.884177699605348607e+03 2.683576743209766580e+00 -1.320359648079109993e+00 1.552014813883420902e+04
