5.251796807239741156e+02 3.036396608922712403e+04 2.983878640850315060e+04 2.572651087662382707e+00 -2.114115706328671074e+00 3.141785109035496134e+04
5.252214207515618227e+02 3.036891500980220007e+04 2.984369358905063928e+04 2.638235961391573792e+00 -1.468521675688837957e+00 3.156618455012280174e+04
5.251923910201506942e+02 3.036591189876918361e+04 2.984071950774903235e+04 2.431772124503124743e+00 7.999047974057881261e-01 3.147617262876843597e+04
5.251820564327440479e+02 3.036619483935495373e+04 2.984101278292221104e+04 2.567844038275930885e+00 -1.480043108482161252e+00 3.148465317626387696e+04
5.251643374050693183e+02 3.036549862932187170e+04 2.984033429191680261e+04 2.461926770637234085e+00 -1.480043108482142600e+00 3.146378574847547134e+04
5.251417990300357133e+02 3.036748534888191352e+04 2.984234354985187747e+04 2.438184908609692059e+00 -2.114115706328672406e+00 3.152333349937839012e+04
5.251469767076503103e+02 3.036343057454484733e+04 2.983828359783719861e+04 2.552844481233725649e+00 -1.683719685902119068e+00 3.140180206476456078e+04
5.252118354972634506e+02 3.037153746906031665e+04 2.984632563356305400e+04 2.426471308730365539e+00 -2.114115706328661304e+00 3.164483267239444831e+04
5.251776348025941843e+02 3.036711716061974585e+04 2.984193952581714984e+04 2.496673874884033140e+00 -1.714353705057461708e-01 3.151273852487478871e+04
5.251337720479256177e+02 3.036637538213841617e+04 2.984124161009049203e+04 2.557833000707955495e+00 -4.628057827424644444e+01 3.149782786124957420e+04
6.934919530876194585e+03 1.768627391829105181e+04 1.075135438741485632e+04 2.509978647314711875e+00 1.602691896748156930e+00 1.857632127675803713e+04
4.139835636485598116e+03 7.040763933430383986e+03 2.900928296944785870e+03 2.427138245057693933e+00 2.417760302672609996e+00 7.713074792163653001e+03
1.194597473895744997e+03 3.074666912454888916e+03 1.880069438559143919e+03 2.472605523997734700e+00 1.242082741027267900e+00 3.743288698000616478e+03
3.960275793480586799e+02 2.205827030771394220e+03 1.809799451423335540e+03 1.745962949168135436e+00 8.811372478339332126e-01 2.939469396209863135e+03
3.578067936507436002e+02 2.167285300167392961e+03 1.809478506516649304e+03 1.971491701525386775e+00 1.118731656174373867e+00 2.903328032551490651e+03
3.377711843881414211e+02 2.124509153130674804e+03 1.786737968742533440e+03 1.201527278352059858e+00 1.310051907181557507e+00 2.760748471548566613e+03
3.408965158621261367e+02 2.141850418343326965e+03 1.800953902481200885e+03 1.484975609858442125e+00 1.133049020587497013e+00 2.824675444387916286e+03
3.410863339674966142e+02 2.135150439059012115e+03 1.794064105091515557e+03 1.357259634100151047e+00 1.090886603212216421e+00 2.810139041173869373e+03
3.381542810544069084e+02 2.136553415910422245e+03 1.798399134856015280e+03 1.143593975621787662e+00 7.914471786321706226e-01 2.769766319317544458e+03
3.424167793402368716e+02 2.147261470906530576e+03 1.804844691566293704e+03 1.280702081102094825e+00 9.542013575066859987e-01 2.851521376325419169e+03
3.353675839511219579e+02 2.126071461883685060e+03 1.790703877932563046e+03 1.252524997743087454e+00 1.460773649077502734e+00 2.753093713881008171e+03
3.375732637471091948e+02 2.135359649778055882e+03 1.797786386030946687e+03 9.994365740770119189e-01 1.339407589491452333e+00 2.843277646636352983e+03
3.669919313119381172e+02 2.163972513287461425e+03 1.796980581975523364e+03 1.195492413499355200e+00 9.756815363050774792e-01 2.835598810041421984e+03
5.355724695901695895e+02 2.346148130228172704e+03 1.810575660638003228e+03 1.692322896957866307e+00 1.243187070110437054e+00 3.047395450718966458e+03
1.280366085854614084e+03 3.173568299458459023e+03 1.893202213603844939e+03 2.197334453952029865e+00 1.740421988403577425e+00 3.990782809565278512e+03
2.738952289746968290e+03 4.944074199345335728e+03 2.205121909598367438e+03 2.301240459436952879e+00 2.643721702121406114e+00 5.731512775940323081e+03
5.256884112879101849e+03 8.994815322847825882e+03 3.737931209968724033e+03 2.366531818157793676e+00 2.906953790629923873e+00 9.821789998303143875e+03
6.407351405508002244e+03 1.204576742152266706e+04 5.638416016014664820e+03 2.345549933143532773e+00 -3.671387730739498867e+00 1.280438986125562587e+04
6.812809813720951752e+03 1.393983991863524534e+04 7.127030104914293588e+03 2.349080155746146925e+00 -4.007106298181820070e-01 1.477064824577540458e+04
6.980201945578687628e+03 1.571577123794926774e+04 8.735569292370579205e+03 2.528206857903485538e+00 -9.752725888639762752e-01 1.646184586578769449e+04
