5.251728457023426699e+02 3.036773758761264980e+04 2.984256474191030793e+04 2.647738137591612695e+00 -2.114115706328678179e+00 3.153089380250780232e+04
5.251779341487256261e+02 3.036538715304003927e+04 2.984020921889131205e+04 2.467317948945006112e+00 -1.480043108482174796e+00 3.146044448192925120e+04
5.251319671940378839e+02 3.036572435735063482e+04 2.984059239015659841e+04 2.488241435130470691e+00 -3.239184191603456497e+00 3.147055147016838964e+04
5.252059764704225699e+02 3.036811175347453900e+04 2.984290577700411814e+04 2.632139606529743769e+00 -3.007297043461414887e+01 3.154210863531385985e+04
5.251027138570946136e+02 3.037032162403718758e+04 2.984521891018009410e+04 2.483032993364278962e+00 -1.480043108482205438e+00 3.160834484610466825e+04
5.250978486496870801e+02 3.036480369314560812e+04 2.983970584449592207e+04 2.475972781824868463e+00 -3.239184191603455165e+00 3.144295652259448980e+04
5.251308619695653306e+02 3.036714981987838473e+04 2.984201895790881827e+04 2.565332570632554710e+00 -4.457807885827259042e+01 3.151327862331697179e+04
5.252481383427709716e+02 3.036351642475389599e+04 2.983826828641112661e+04 2.531776782439868256e+00 -1.480043108482187009e+00 3.140441864441128200e+04
5.251499269776525125e+02 3.036539276487284587e+04 2.984024283789519177e+04 2.529390585659902602e+00 -1.480043108482185010e+00 3.146104940861151044e+04
5.250940315858456415e+02 3.036570854872778000e+04 2.984061451714193390e+04 2.410068318544106081e+00 -2.114115706328651090e+00 3.147812816943597136e+04
6.938733117314983247e+03 1.764082962544281327e+04 1.070209650812783002e+04 2.443529972196144318e+00 1.833349680779510216e+00 1.859364456244400935e+04
4.468959156455877746e+03 7.602002304122547685e+03 3.133043147666669938e+03 2.509191940959498712e+00 2.393256308205026439e+00 8.307242095499846982e+03
1.320862602497042189e+03 3.239335648422752911e+03 1.918473045925710721e+03 2.344133893326649343e+00 1.079325146242258393e+00 3.963489398220516705e+03
4.316684288621379437e+02 2.226704843564134080e+03 1.795036414701996137e+03 2.110584092190570971e+00 8.487967852023149407e-01 2.854033019776120000e+03
3.547013014446322359e+02 2.159213314062975314e+03 1.804512012618343078e+03 1.365632891091900669e+00 9.496836218001113439e-01 2.871815490379184666e+03
3.527820832580957244e+02 2.151855401647577764e+03 1.799073318389481983e+03 1.267981844574563199e+00 1.386874685275520491e+00 2.880722645587175975e+03
3.374739759840298348e+02 2.137911553431059474e+03 1.800437577447029526e+03 1.185272337581281032e+00 8.267136637137951771e-01 2.790391863073178229e+03
3.391644271848792869e+02 2.140930003259445130e+03 1.801765576074565843e+03 1.241701063170879804e+00 1.082715072585334726e+00 2.825839410623611457e+03
3.383080802496452861e+02 2.135015596812113017e+03 1.796707516562467845e+03 1.037818649463304821e+00 1.259756197612911688e+00 2.806567603969900574e+03
3.427393480818155922e+02 2.139618248267975559e+03 1.796878900186160081e+03 1.192448185005381411e+00 1.413058741570910826e+00 2.829213087640741833e+03
3.374187008112126023e+02 2.136815186344672838e+03 1.799396485533460236e+03 1.427331010641214482e+00 1.030399633721936103e+00 2.844599652886335662e+03
3.361014946347758610e+02 2.127167308760784181e+03 1.791065814126008263e+03 1.369186891667717676e+00 1.212317348342362600e+00 2.793837989516591279e+03
3.658361249196461813e+02 2.164490639277539231e+03 1.798654514357893049e+03 1.170629425027601256e+00 1.271900185590252086e+00 2.860601235802420888e+03
4.698419124709979542e+02 2.274667679174440309e+03 1.804825766703442241e+03 1.733702728431762319e+00 1.180428668144587023e+00 2.953519503945332417e+03
1.168521768519211491e+03 3.035157542778147672e+03 1.866635774258936181e+03 2.260319888549890521e+00 1.631358825329560558e+00 3.773667421996048688e+03
2.899841229663167724e+03 5.151685636968948529e+03 2.251844407305780805e+03 2.377184132677192085e+00 2.700737585832854393e+00 6.014753179786647706e+03
4.901800756954363351e+03 8.304621876066195910e+03 3.402821119111832559e+03 2.421466291760412837e+00 3.147921319154621589e+00 9.089964313084616151e+03
6.417863357704521150e+03 1.207770363547377565e+04 5.659840277769254499e+03 2.447055218177567770e+00 -5.893501082600198782e-01 1.284338891323110511e+04
6.883865058190410309e+03 1.443416295704295226e+04 7.550297898852541948e+03 2.402748468340454746e+00 -1.122264824027463304e+00 1.523230222321642214e+04
6.889231778220727392e+03 1.450055284983001184e+04 7.611321071609284445e+03 2.503173482109898984e+00 -4.694003102979881770e-01 1.532492898070494812e+04
