5.251141305615844885e+02 3.036117086286139602e+04 2.983605673229981039e+04 2.538363979933080383e+00 7.999047974057922339e-01 3.133407007359344425e+04
5.251214405072375939e+02 3.036769390972193287e+04 2.984257246921469414e+04 2.545958504175328763e+00 -5.048624629728934998e-01 3.152958464982450823e+04
5.252203220660388752e+02 3.036878957683245972e+04 2.984356925476642209e+04 2.562153440433597940e+00 -2.114115706328663524e+00 3.156242496131848020e+04
5.250328738104275317e+02 3.036605676222426700e+04 2.984102388841383799e+04 2.586091038740386594e+00 -1.468521675688825745e+00 3.148051460539960317e+04
5.251000860621521724e+02 3.036632080545590725e+04 2.984122071939375382e+04 2.500001914646256651e+00 -1.480043108482175240e+00 3.148842874458910592e+04
5.251786432117720551e+02 3.036265651086347134e+04 2.983747786765169803e+04 2.603082114422728743e+00 -1.480043108482174796e+00 3.137859926094285402e+04
5.251903387833393708e+02 3.036945379404398409e+04 2.984426345526064324e+04 2.560977070064411887e+00 -2.917947515612355858e+01 3.158233536909630857e+04
5.251707968660610959e+02 3.036657399944784265e+04 2.984140320258178326e+04 2.493134805824188227e+00 -1.480043108482198777e+00 3.149606298120904830e+04
5.251951769306269853e+02 3.036723950236650489e+04 2.984204432543587609e+04 2.621491686996378245e+00 -1.480043108482169911e+00 3.151640515198656794e+04
5.252084605797018639e+02 3.036686404787295760e+04 2.984165558729325494e+04 2.523266891389325028e+00 -2.114115706328661304e+00 3.151294089259194880e+04
6.957705072938833837e+03 1.730563698418999775e+04 1.034793191125116391e+04 2.507061002228595736e+00 2.354216188468000848e+00 1.818247654964221147e+04
4.389132978004991855e+03 7.463542894077961137e+03 3.074409916072969281e+03 2.430450510477344839e+00 2.270596837589217376e+00 8.234822414754456986e+03
1.339421560800019051e+03 3.244745733159519204e+03 1.905324172359500153e+03 2.133761475128720608e+00 1.405709737422248251e+00 3.912615472384772147e+03
4.442129168453780039e+02 2.255174141045774832e+03 1.810961224200396828e+03 2.008522108057166022e+00 1.003585082979512100e+00 2.956394663158072944e+03
3.664652588700131446e+02 2.157865953321227607e+03 1.791400694451214349e+03 1.942761687342234644e+00 1.169987004915508555e+00 2.844240955401111478e+03
3.405239933189909607e+02 2.138199683551801627e+03 1.797675690232810666e+03 1.333371342366766577e+00 1.122375386114150997e+00 2.770433813131421630e+03
3.388624106421697775e+02 2.135534370190952814e+03 1.796671959548782979e+03 1.266573319851018953e+00 1.100920572936325170e+00 2.844239188195370389e+03
3.390076922015777541e+02 2.143013068006801859e+03 1.804005375805224048e+03 1.339095114245780094e+00 1.124834472143225073e+00 2.832032272848103275e+03
3.408568132508647182e+02 2.144508106303356726e+03 1.803651293052492065e+03 1.409774140154243405e+00 8.279978422363595270e-01 2.804891711008584934e+03
3.361359516970058507e+02 2.125110993342587335e+03 1.788975041645581541e+03 1.168887534057165167e+00 1.310921331566624159e+00 2.764775949487252547e+03
3.412272086209778763e+02 2.129774787977635242e+03 1.788547579356657479e+03 1.209325861179169959e+00 1.185651330442664797e+00 2.768446486372979052e+03
3.391734736788049531e+02 2.138818960293058808e+03 1.799645486614253969e+03 1.068161401407116573e+00 9.788829657448420152e-01 2.806684240559798582e+03
3.516651779956444557e+02 2.143729402310223122e+03 1.792064224314578723e+03 1.634602134223112513e+00 1.465607061692573376e+00 2.798690033012378990e+03
4.293347300584027835e+02 2.231108281399218868e+03 1.801773551340816084e+03 1.908013722054447747e+00 1.162710890521623464e+00 2.925758812116173885e+03
1.020737919463465573e+03 2.878726303222119896e+03 1.857988383758654436e+03 2.058409084905161279e+00 1.475984351180446019e+00 3.635268842922315343e+03
2.866860154391918513e+03 5.115809001829332374e+03 2.248948847437413860e+03 2.342993649996934380e+00 2.405442090315258241e+00 5.952886738033917027e+03
5.235425231848787007e+03 8.963659945317907841e+03 3.728234713469120834e+03 2.426032809994882466e+00 2.869817038411387689e+00 9.794922142939105470e+03
6.303647904259111783e+03 1.162721183822249986e+04 5.323563933963388081e+03 2.466297149398901212e+00 -5.249802900833370201e-01 1.233666575146990544e+04
6.803344642262551133e+03 1.389988418584742249e+04 7.096539543584871353e+03 2.652699368734102947e+00 -2.013576174019557907e+00 1.468588557076261168e+04
6.972958997878632545e+03 1.537847610458075906e+04 8.405517106702125602e+03 2.489180262380688013e+00 -5.906152321465593102e-01 1.610069192536008995e+04
