5.251502102592006622e+02 3.036985898137819822e+04 2.984470877111899608e+04 2.465791434871063004e+00 -2.114115706328661304e+00 3.159447810781262888e+04
5.251996274482623903e+02 3.036593990648410545e+04 2.984074027903584283e+04 2.449252761446728766e+00 -4.423193057393016403e+01 3.147701210097218427e+04
5.251815331707255154e+02 3.036418473596000695e+04 2.983900320278928120e+04 2.464013390444831586e+00 -2.114115706328663524e+00 3.142440456517335042e+04
5.251739983325815047e+02 3.036552342534899435e+04 2.984034942701641194e+04 2.555782724709432685e+00 -1.480043108482174796e+00 3.146452895706804702e+04
5.251148058156104526e+02 3.036642321966966847e+04 2.984130841385405802e+04 2.510819010228052761e+00 -1.480043108482150593e+00 3.149149839471270752e+04
5.251698040923092776e+02 3.036557622798734519e+04 2.984040642389503773e+04 2.556059835377617162e+00 -1.480043108482169911e+00 3.146611162560644516e+04
5.251111589009288991e+02 3.037028691418048038e+04 2.984517575527954978e+04 2.622895630658936383e+00 -2.114115706328673294e+00 3.160730638435562651e+04
5.251571355376842121e+02 3.036859919955258010e+04 2.984344206401489646e+04 2.544786443394103426e+00 1.445498828045603146e+00 3.155676370179198057e+04
5.252723925123705158e+02 3.036459801087325468e+04 2.983932561836088280e+04 2.590131208448191558e+00 -2.114115706328673294e+00 3.143723107973193328e+04
5.251654621891859733e+02 3.036359683800021230e+04 2.983843137581102565e+04 2.514652217066720929e+00 -1.480043108482193004e+00 3.141481790476263996e+04
6.930751987642093809e+03 1.762015133219922791e+04 1.068939934455713410e+04 2.477689881865645205e+00 2.014908750041883412e+00 1.851755362760700882e+04
3.999154458997341408e+03 6.818751579421676070e+03 2.819597120424334662e+03 2.353313029650684118e+00 2.596620382064692478e+00 7.572799252230542152e+03
1.232429610657606418e+03 3.135914493421702900e+03 1.903484882764096483e+03 2.396732219974534228e+00 1.508590589276436189e+00 3.884645153590188329e+03
4.454226435469383318e+02 2.248599467129034565e+03 1.803176823582096176e+03 2.092327208290774454e+00 1.502984117951529752e+00 2.918954432651585194e+03
3.380377866642637059e+02 2.133764997044531810e+03 1.795727210380268161e+03 1.200826313098416476e+00 1.175813491603501681e+00 2.814452095882270442e+03
3.417708512420819034e+02 2.150704303037986392e+03 1.808933451795904602e+03 1.384457702061167694e+00 7.953297232938774108e-01 2.840637841710453813e+03
3.389300703895300444e+02 2.138842455650574266e+03 1.799912385261044165e+03 9.733985883090544577e-01 1.033176948255624561e+00 2.807058974780043627e+03
3.388718161249914829e+02 2.135171503767837748e+03 1.796299687642846266e+03 1.175753713645385945e+00 1.337106268416766275e+00 2.803446660199252165e+03
3.401703981349128867e+02 2.142009470090666582e+03 1.801839071955753752e+03 1.206128851444514760e+00 8.764627505364940285e-01 2.807955374389025565e+03
3.408410467367281171e+02 2.139588673918838140e+03 1.798747627182110136e+03 1.234364272207969293e+00 1.026629711173067117e+00 2.796671130179209285e+03
3.391512613715498787e+02 2.140429005967593639e+03 1.801277744596043703e+03 1.098017027105611554e+00 1.272896649112296830e+00 2.812425856272991041e+03
3.388097881536587010e+02 2.132525986110587837e+03 1.793716197956929136e+03 1.539447189093120505e+00 1.305996526658135037e+00 2.803096723251700041e+03
3.528536479880322076e+02 2.153251445415874514e+03 1.800397797427842306e+03 1.126297027669808992e+00 8.799588133525281242e-01 2.831101296360019660e+03
4.838816650260535539e+02 2.285591055160101405e+03 1.801709390134047908e+03 2.060397965247937169e+00 1.317876885699845735e+00 2.965284097420499165e+03
1.204142111148395998e+03 3.081747630521811061e+03 1.877605519373415063e+03 2.467734402915010339e+00 1.837328958124518907e+00 3.825588665426627813e+03
2.687088929453670062e+03 4.879457289183816101e+03 2.192368359730146040e+03 2.375154535972702874e+00 2.499638279793913842e+00 5.738686684464635618e+03
5.219195462712527842e+03 8.945491999616810062e+03 3.726296536904282220e+03 2.476103951489431854e+00 3.045629976382619120e+00 9.806832634697513640e+03
6.312117249243027800e+03 1.168398118911407437e+04 5.371863939871046568e+03 2.545162065843439070e+00 -7.952965031313968813e-01 1.254487574937986938e+04
6.894260293661226569e+03 1.452454982373858365e+04 7.630289530077357085e+03 2.426833107054433114e+00 -1.366884685110137054e+00 1.528902814087537081e+04
6.978254936682696098e+03 1.542583106946280168e+04 8.447576132780104672e+03 2.556070160939368119e+00 -9.525798005998699081e-01 1.630649239009090525e+04
