5.252113072765591824e+02 3.036829092714845319e+04 2.984307961987189265e+04 2.583152284509500074e+00 -2.114115706328671074e+00 3.154747898841187998e+04
5.250505721927377181e+02 3.036063482087737066e+04 2.983558424868463408e+04 2.500839597483158538e+00 -1.480043108482174796e+00 3.131800334533060595e+04
5.251992688163761613e+02 3.036738210669970795e+04 2.984218283788333065e+04 2.434020021752292706e+00 -1.898917696115388409e+00 3.152023901165159259e+04
5.252051136934237547e+02 3.036813796014466789e+04 2.984293284645124368e+04 2.517121534568079078e+00 -2.114115706328663524e+00 3.154289412499580794e+04
5.251317020084062506e+02 3.036668263999741976e+04 2.984155093798901362e+04 2.540846523013961189e+00 -2.114115706328651978e+00 3.149927397206638125e+04
5.251736096061678154e+02 3.036405952635353242e+04 2.983888591674736381e+04 2.571774644169903201e+00 -1.480043108482163250e+00 3.142065169221797623e+04
5.251613384213420659e+02 3.036562600124553865e+04 2.984046466282419715e+04 2.672983176061054511e+00 -3.239184191603475593e+00 3.146760536607480753e+04
5.251640918703319585e+02 3.036800503110111822e+04 2.984284093923078763e+04 2.565302937409740025e+00 -1.480043108482193892e+00 3.153895496263606037e+04
5.251243269928086193e+02 3.037377795567201247e+04 2.984865362867920339e+04 2.608226687117062514e+00 -2.114115706328663968e+00 3.171238185032543697e+04
5.251921453475105181e+02 3.036228146893415396e+04 2.983708932358664242e+04 2.539512486948743319e+00 -3.017430583024417601e+01 3.137596286213771236e+04
6.848841623515982064e+03 1.845009983935386481e+04 1.160125821583788274e+04 2.573761773900244965e+00 1.060047909985867065e+00 1.935206090828543529e+04
4.453140347348111391e+03 7.579306915334108453e+03 3.126166567985997062e+03 2.412520297878964826e+00 2.475578321385385028e+00 8.341550930184332174e+03
1.453987366663715420e+03 3.390218765341335256e+03 1.936231398677619836e+03 2.757059996315819106e+00 1.312277254109153857e+00 4.109033923249140571e+03
4.562233925945158148e+02 2.259383816433891752e+03 1.803160423839375881e+03 1.995051297828201342e+00 1.483918869130511409e+00 2.944027364893680442e+03
3.553437620196844478e+02 2.155698208354645431e+03 1.800354446334961040e+03 1.283715111702892209e+00 1.165787818851012902e+00 2.848813436528048442e+03
3.401780243827179788e+02 2.138850099160351874e+03 1.798672074777633952e+03 1.072593832155795734e+00 1.142937971859615764e+00 2.829260019200458373e+03
3.403727038841335570e+02 2.147369127212209150e+03 1.806996423328075707e+03 1.170087028967622400e+00 1.061999472851411275e+00 2.843550500157300576e+03
3.341921516548843556e+02 2.123091564694588669e+03 1.788899413039704314e+03 1.274511149300777690e+00 1.170922790330274132e+00 2.747279241637832456e+03
3.410239837911274208e+02 2.143739255759637217e+03 1.802715271968509796e+03 1.246422411604235725e+00 9.020651638712834375e-01 2.826994650775098307e+03
3.369338869824932772e+02 2.135750580466087285e+03 1.798816693483594008e+03 1.282283911422037237e+00 1.157984484385889301e+00 2.810541545547187525e+03
3.398878146094144768e+02 2.139100826068074184e+03 1.799213011458659821e+03 1.054650225366763783e+00 1.175434438014535621e+00 2.796879687376074344e+03
3.541353985359468766e+02 2.153266657917157772e+03 1.799131259381210839e+03 1.039335431279773569e+00 1.023906530852648267e+00 2.833403407313745447e+03
3.373024676526438270e+02 2.133536680426528619e+03 1.796234212773884792e+03 1.186321619591202525e+00 8.912220552214779046e-01 2.782942347557035191e+03
5.457899638058655682e+02 2.350991114604159520e+03 1.805201150798293838e+03 1.741186515301007764e+00 1.383143687211547013e+00 3.064381353668261454e+03
1.166698049184663205e+03 3.037219397201840366e+03 1.870521348017177161e+03 2.210019259226388755e+00 1.551874497671739128e+00 3.752779612631847613e+03
2.980162969880635046e+03 5.259839696195486795e+03 2.279676726314851749e+03 2.282197379760356526e+00 2.735997311459060111e+00 6.071764312566510853e+03
5.002470650605605442e+03 8.492347753871079476e+03 3.489877103265474034e+03 2.716022527796603470e+00 3.191767297625171196e+00 9.350076938195459661e+03
6.483742247652431615e+03 1.226781233221950970e+04 5.784070084567078084e+03 2.352892247719218233e+00 -9.090418174590704226e-01 1.300536424830409123e+04
6.795606719723300557e+03 1.385943795153424253e+04 7.063831231810941972e+03 2.528634052804100918e+00 -1.371335678391086832e+00 1.462359386063978855e+04
6.956308567952446538e+03 1.535137564524387562e+04 8.395067077291429086e+03 2.458401050776453545e+00 -4.823827489939524482e-01 1.613399511858667938e+04
