5.251845453171114286e+02 3.036492420554565615e+04 2.983973966022854438e+04 2.473299294429196049e+00 -2.114115706328663524e+00 3.144656860687957669e+04
5.251226090134889546e+02 3.036577570457364345e+04 2.984065309556015563e+04 2.407080442813607668e+00 -2.114115706328661304e+00 3.147209049491546466e+04
5.251885882750510746e+02 3.036553586099947643e+04 2.984034727272442615e+04 2.418994968077170515e+00 -2.114115706328662636e+00 3.146490168947197526e+04
5.251496767918551996e+02 3.036974565771864582e+04 2.984459598092679153e+04 2.536536951236583182e+00 -2.114115706328671074e+00 3.159108147004921557e+04
5.251774156565306839e+02 3.036836723807957969e+04 2.984318982242304992e+04 2.554457883701644061e+00 -4.469136219256747466e+01 3.154976624771604838e+04
5.251784183000357871e+02 3.036379963513827170e+04 2.983862121683823716e+04 2.572801011018239326e+00 -1.480043108482190783e+00 3.141286200095595996e+04
5.251397441353313980e+02 3.036288462547905510e+04 2.983774488134372223e+04 2.442894014808484116e+00 -1.480043108482171688e+00 3.138543837519987574e+04
5.251205110521882489e+02 3.036049102440057322e+04 2.983537051334838543e+04 2.538872943606937049e+00 -1.480043108482204772e+00 3.131373799356787276e+04
5.250794073145040102e+02 3.036382531165692853e+04 2.983874590434242418e+04 2.518640046231245933e+00 -4.427776508184680182e+01 3.141407419382876105e+04
5.251336434360183603e+02 3.036705763675962953e+04 2.984192399332360947e+04 2.513090344198154025e+00 -1.468521675688833739e+00 3.151876161437316841e+04
6.906422599919334971e+03 1.794880985379391495e+04 1.104238725387457998e+04 2.621721781935967055e+00 1.496392823004835337e+00 1.892583921678620027e+04
4.396453542512595959e+03 7.470975185986271754e+03 3.074521643473675795e+03 2.404493263945370884e+00 2.549802803050231770e+00 8.246109076585793446e+03
1.474473491328350519e+03 3.409014040858893622e+03 1.934540549530543103e+03 2.445163836036359228e+00 1.439060441142147262e+00 4.121562551277277635e+03
4.584407507958707129e+02 2.262349167287023192e+03 1.803908416491152366e+03 2.059364052191340999e+00 1.055442674911724943e+00 2.937965522819764828e+03
3.385381194153088131e+02 2.137357636580390135e+03 1.798819517165081379e+03 1.357735296290349503e+00 1.297813449304911160e+00 2.812892744209781085e+03
3.388748329631020511e+02 2.139941775290456007e+03 1.801066942327353900e+03 1.059460697247180283e+00 1.370744577255527119e+00 2.812228456251941225e+03
3.430291474979150053e+02 2.150198635255611407e+03 1.807169487757696515e+03 1.721599735781585538e+00 1.101209684588275728e+00 2.883211585058238143e+03
3.413840310628949624e+02 2.139085999937722590e+03 1.797701968874827571e+03 1.043478814610541816e+00 1.175859181905112960e+00 2.827634719549579586e+03
3.422927243885740154e+02 2.152053430262129041e+03 1.809760705873555025e+03 1.132633322476552351e+00 8.616737712526495452e-01 2.869127148586949261e+03
3.372191102688267961e+02 2.133296250951028014e+03 1.796077140682201161e+03 1.339428657328716632e+00 9.946803255348859452e-01 2.793092112330778491e+03
3.423151038274418738e+02 2.146555633992976709e+03 1.804240530165534892e+03 1.090610394845761055e+00 9.035139047343626606e-01 2.833976851730699764e+03
3.399438221678223044e+02 2.134083312144110550e+03 1.794139489976288132e+03 1.508668231135485094e+00 1.159807150968239275e+00 2.771429222986836521e+03
3.475411499453948068e+02 2.145758725865691304e+03 1.798217575920296440e+03 1.163659207461399392e+00 9.644172742803203136e-01 2.808164525146626147e+03
5.461133201163048625e+02 2.349377526893968025e+03 1.803264206777663276e+03 1.800921078965977307e+00 1.434062711007690227e+00 3.031935323612802677e+03
1.182286699086838098e+03 3.054958527572865023e+03 1.872671828486026925e+03 2.114087357082284235e+00 1.443162333340225478e+00 3.787854129097044279e+03
2.930096225261879681e+03 5.210511780830623138e+03 2.280415555568743457e+03 2.386186290644517261e+00 2.489687876180625814e+00 6.026422898817455462e+03
5.088007441883977663e+03 8.657689844461696339e+03 3.569682402577718676e+03 2.455147610348579867e+00 2.932940681896459623e+00 9.491766809757842566e+03
6.347786483002005298e+03 1.181801379152995287e+04 5.470227308527947571e+03 2.411377403536509867e+00 -1.554832439630982277e+00 1.261579607313320957e+04
6.718384014533411573e+03 1.337837953854292209e+04 6.659995524009510518e+03 2.472540802924021008e+00 -1.613048750115286145e+00 1.400411045580261998e+04
6.933753559596140803e+03 1.503142560334863811e+04 8.097672043752497302e+03 2.595119172351728398e+00 -6.531816166902971732e-01 1.583164362307419287e+04
