5.251657561061815613e+02 3.037077141303563621e+04 2.984560565692945602e+04 2.640994258298893893e+00 -2.114115706328663524e+00 3.162182632294157520e+04
5.251251725745364638e+02 3.036854248467471552e+04 2.984341731210018042e+04 2.496131109884454080e+00 -1.480043108482162806e+00 3.155501889487020890e+04
5.251378327028451167e+02 3.036249131469114582e+04 2.983735348198829888e+04 2.545236352114268019e+00 -4.603690616496810861e+01 3.137364783310621351e+04
5.251968134786145583e+02 3.037152242564762855e+04 2.984632561216901377e+04 2.521140674346792121e+00 -3.239184191603493357e+00 3.164433634252608317e+04
5.251935836146803922e+02 3.036467224394330333e+04 2.983947866032862294e+04 2.610614256770465769e+00 -4.447076949331013651e+01 3.143901658913479696e+04
5.252661152760482537e+02 3.036697784432873959e+04 2.984171172905269123e+04 2.492346042464722800e+00 -2.114115706328656863e+00 3.150812212014960460e+04
5.252284993462866396e+02 3.036677264093583653e+04 2.984154414158955115e+04 2.611915604943571001e+00 -2.114115706328661304e+00 3.150197347796014583e+04
5.250927344233892882e+02 3.036731771440645025e+04 2.984222497998306062e+04 2.530967389671012757e+00 -2.114115706328661304e+00 3.151835370447328023e+04
5.251635624122445734e+02 3.036654760179888763e+04 2.984138403938664123e+04 2.525501981492809467e+00 -1.480043108482159253e+00 3.149566953048215873e+04
5.251538245006462375e+02 3.036294464632400195e+04 2.983779082182335696e+04 2.534143966241235280e+00 -1.480043108482181013e+00 3.139545689652898000e+04
6.912553464478640308e+03 1.782865851634032879e+04 1.091610505186168848e+04 2.491625474666094853e+00 1.326627829605967923e+00 1.885486919103563559e+04
4.269979499899402981e+03 7.263612829223895460e+03 2.993633329324492479e+03 2.306701035091545560e+00 2.355055244280582993e+00 8.001722114771479028e+03
1.171308440609642957e+03 3.052168066015620752e+03 1.880859625405977795e+03 2.075364905393361159e+00 1.637769215721190719e+00 3.758813537719474425e+03
5.732977901082354037e+02 2.389049650710824153e+03 1.815751860602588749e+03 2.074348757278302813e+00 1.025134065917526316e+00 3.073704235880135457e+03
3.512492202494668732e+02 2.142873224563853000e+03 1.791624004314386184e+03 1.264413705638377516e+00 1.264094455849496645e+00 2.804309025434210980e+03
3.378124063927296561e+02 2.136974521917559741e+03 1.799162115524830142e+03 1.439961180313424904e+00 1.082403752020747012e+00 2.786034667658643684e+03
3.404523090961628782e+02 2.139541954644869747e+03 1.799089645548706812e+03 1.256573492777949053e+00 8.979336728224719399e-01 2.793317993453866620e+03
3.392121901599562648e+02 2.140740858793459211e+03 1.801528668633503003e+03 1.386662807844546874e+00 9.622711958011690436e-01 2.810308865916325885e+03
3.384819735344399305e+02 2.128386194370642443e+03 1.789904220836202512e+03 1.105888173032371080e+00 1.162943226713242462e+00 2.770551542692722705e+03
3.397576208220484659e+02 2.139126796142363673e+03 1.799369175320315208e+03 1.205251907645705778e+00 9.481563730429112269e-01 2.804511423282118358e+03
3.391081089579094510e+02 2.133116611174355512e+03 1.794008502216446004e+03 1.335071726005195414e+00 1.089839133386084180e+00 2.795246618593794210e+03
3.400128529675262712e+02 2.138289943665058217e+03 1.798277090697532003e+03 1.358536391101409668e+00 1.156055544096944887e+00 2.805700876688697463e+03
3.677391117324230549e+02 2.167169960004233417e+03 1.799430848271810419e+03 1.269491265358526855e+00 1.125808977556509438e+00 2.851506920681554675e+03
4.574509779402393974e+02 2.266166835219976747e+03 1.808715857279737293e+03 1.987362891287064670e+00 8.934546874091218172e-01 2.953671062243946835e+03
1.207396929493879497e+03 3.087035125544935454e+03 1.879638196051055957e+03 2.167521429460764537e+00 1.460977642362548012e+00 3.867211025784642516e+03
3.206577585476456534e+03 5.587414721325166283e+03 2.380837135848709750e+03 2.362754389244774433e+00 2.507226555900817999e+00 6.500030631610008641e+03
4.759986617809780910e+03 8.067522826219598755e+03 3.307536208409817846e+03 2.335213066564312268e+00 3.183262521950199098e+00 8.835183670550137322e+03
6.394976287726433839e+03 1.198007511204747243e+04 5.585098824321038592e+03 2.617936806861179466e+00 -1.482628794279827078e+00 1.279402219410661201e+04
6.819295244926238411e+03 1.399954922693252956e+04 7.180253982006291153e+03 2.582948838265768376e+00 -2.173347068603259213e+00 1.476132033710140422e+04
6.987890626551203241e+03 1.585136630849105313e+04 8.863475681939849892e+03 2.527528853044538781e+00 -1.026980291417371793e+00 1.666831356159257484e+04
