5.252149456616056113e+02 3.036346329818081722e+04 2.983824835251921104e+04 2.534771836981522863e+00 -2.114115706328649313e+00 3.140278098884446081e+04
5.251238290226222034e+02 3.036392223394266330e+04 2.983879840492004223e+04 2.614015280196424484e+00 7.999047974058353105e-01 3.141653662066849211e+04
5.251997056575044098e+02 3.036541553724551704e+04 2.984021583158801150e+04 2.614278687728267325e+00 1.445498828045655770e+00 3.146129523864427028e+04
5.252592935744582974e+02 3.036524995485761610e+04 2.983999066128315826e+04 2.475327333453660739e+00 -1.480043108482181013e+00 3.145633225568504349e+04
5.251563619990296274e+02 3.036758016636504908e+04 2.984242380436601889e+04 2.501815318725046922e+00 -1.480043108482175240e+00 3.152617543256381032e+04
5.252047875575528906e+02 3.036771583866814035e+04 2.984251105111058860e+04 2.474765075371893719e+00 -1.480043108482181013e+00 3.153024194470240764e+04
5.252101703012808684e+02 3.036823315950169854e+04 2.984302298920041721e+04 2.591409760309245414e+00 -2.114115706328663524e+00 3.154574944231066547e+04
5.251054531377916419e+02 3.036820802870117768e+04 2.984310257556338547e+04 2.548123343858186729e+00 -1.480043108482232084e+00 3.154503937699642120e+04
5.251937671287832927e+02 3.036847619666709215e+04 2.984328242953831068e+04 2.521644281254600273e+00 -1.480043108482174796e+00 3.155347180566331735e+04
5.251925713597233880e+02 3.036814442158795646e+04 2.984295185022823352e+04 2.639460458637093776e+00 -2.114115706328668853e+00 3.155124500194939174e+04
6.863165304209866008e+03 1.824719334902735136e+04 1.138402804481748535e+04 2.441002984225776107e+00 1.416144222837226740e+00 1.918142077769002572e+04
4.080738216331289550e+03 6.952667617597971912e+03 2.871929401266682362e+03 2.451183015811443600e+00 2.387003979265980735e+00 7.619786660688733718e+03
1.352710157553704676e+03 3.262932603079613273e+03 1.910222445525908597e+03 2.465057743711325244e+00 1.451143238521282575e+00 3.935734304475736735e+03
4.537331964401116124e+02 2.248330026039707263e+03 1.794596829599595594e+03 2.030875309062218470e+00 1.456123131991697628e+00 2.913691630611941946e+03
3.798899822334531109e+02 2.177137270873311081e+03 1.797247288639857970e+03 2.149473205685149768e+00 1.385960141067646312e+00 2.824093687040397526e+03
3.408603681261530483e+02 2.151864884280048500e+03 1.811004516153895565e+03 1.575488629816402808e+00 1.261947878277392965e+00 2.878524414718488515e+03
3.424322627034330822e+02 2.141360014276668608e+03 1.798927751573235582e+03 1.056657873046439100e+00 8.790537824161467340e-01 2.838437267960434838e+03
3.386666089710724350e+02 2.132859990385295532e+03 1.794193381414223040e+03 1.129828464885927364e+00 9.888386508968508570e-01 2.797179708808348096e+03
3.417438049350296296e+02 2.149785700744093447e+03 1.808041895809063817e+03 1.188568204696327291e+00 1.019321698347520178e+00 2.849035874336344932e+03
3.411799287069294451e+02 2.140805890132040076e+03 1.799625961425110745e+03 1.255212436225593864e+00 1.127187012867570504e+00 2.844994483107685937e+03
3.392540810416266481e+02 2.132364661056906243e+03 1.793110580015279538e+03 1.430860404487422244e+00 1.372312960377720215e+00 2.784065959951913101e+03
3.410790965940103092e+02 2.130528235623639375e+03 1.789449139029629123e+03 1.311507080074956422e+00 1.139237621537551703e+00 2.799503621236005074e+03
3.551650241656605544e+02 2.147904208457985078e+03 1.792739184292324580e+03 1.303123365688985791e+00 1.182652179538097315e+00 2.777380503950768343e+03
5.364720553875911264e+02 2.351675829837911351e+03 1.815203774450320225e+03 1.749070983010722502e+00 1.105843221309496860e+00 3.092346540608726627e+03
1.181635563753839051e+03 3.054841239580499405e+03 1.873205675826660354e+03 2.277607513753464374e+00 1.690377935160748635e+00 3.846601105178779108e+03
2.826729371448190705e+03 5.067116587691297354e+03 2.240387216243106650e+03 2.349674676202738066e+00 2.495591110709554972e+00 5.941883245318129411e+03
5.145470562138871173e+03 8.789766742842542953e+03 3.644296180703671780e+03 2.449511707751633072e+00 2.997280543796723151e+00 9.595861763996947047e+03
6.431182680061149767e+03 1.210173830794262176e+04 5.670555627881471992e+03 2.631600451507945859e+00 -1.436150972158352745e+00 1.296272070476691806e+04
6.845146536668831686e+03 1.411787067202269100e+04 7.272724135353859310e+03 2.487910318273599319e+00 -1.104470734214203942e+00 1.484711783403397385e+04
6.945327837398117481e+03 1.513537718482531636e+04 8.190049347427198882e+03 2.551612686175672717e+00 -9.503877148317082524e-01 1.586615853720726773e+04
