5.251930410280765500e+02 3.036508039078094589e+04 2.983988734975286934e+04 2.481476561300457462e+00 -2.114115706328659527e+00 3.145124993000084214e+04
5.252412994491983227e+02 3.036851159603736232e+04 2.984327029658816537e+04 2.533645609152909373e+00 1.445498828045614248e+00 3.155409307309180440e+04
5.251736859399983359e+02 3.036453720733342561e+04 2.983936352139342853e+04 2.426947605714042666e+00 -1.480043108482159253e+00 3.143496915143033038e+04
5.251329957271698277e+02 3.036706160191291565e+04 2.984192860618574559e+04 2.586445073142769946e+00 -1.480043108482123060e+00 3.151063255643040247e+04
5.251555324198355947e+02 3.036966680243534574e+04 2.984451127001551140e+04 2.422291174123802460e+00 -2.114115706328646649e+00 3.158871794923147536e+04
5.251416485520757078e+02 3.036992419919282474e+04 2.984478255064074983e+04 2.576322741096169988e+00 -1.142775538417193371e+00 3.159643289510456088e+04
5.251708434720420655e+02 3.036372057475245674e+04 2.983854973128041456e+04 2.607809973730726316e+00 -2.114115706328663524e+00 3.141049422665717793e+04
5.251442218126738908e+02 3.037290252263212460e+04 2.984775830081945242e+04 2.480127038026270103e+00 -2.114115706328668853e+00 3.168574717722773130e+04
5.251370361173944730e+02 3.036458775659440289e+04 2.983945072047700887e+04 2.725559563592998114e+00 -4.469136219256747466e+01 3.143692672688715174e+04
5.251262021477167536e+02 3.036424078344602822e+04 2.983911458129831226e+04 2.493617579922295047e+00 -4.622991057643142199e+01 3.143425102336585769e+04
6.954905264590464867e+03 1.736930621565797992e+04 1.041440095106751505e+04 2.401828920614401230e+00 1.720164590736892762e+00 1.821948668867265224e+04
4.415883439455225925e+03 7.509179125750039020e+03 3.093295686294813095e+03 2.373588855204437298e+00 2.605574804867027527e+00 8.220508357456352314e+03
1.490456870999460534e+03 3.434220951302281719e+03 1.943764080302821185e+03 2.279692359623056053e+00 1.114707684625416917e+00 4.167771876363613046e+03
4.815071100569235227e+02 2.288927175199292833e+03 1.807420065142369367e+03 1.860920425063723904e+00 1.341664497288546087e+00 2.985727312358254039e+03
3.537382659937925382e+02 2.154548891091571932e+03 1.800810625097779393e+03 2.083404663307508731e+00 1.043760451231275477e+00 2.853068698102834333e+03
3.371844534973474765e+02 2.140713321523449395e+03 1.803528868026101918e+03 9.839775210429699825e-01 9.260448288640316106e-01 2.827351625787711782e+03
3.386739675745961335e+02 2.144892143208584002e+03 1.806218175633987812e+03 1.105807700610806910e+00 8.196270013121896847e-01 2.811321654386194496e+03
3.409795002986311943e+02 2.135362039653762622e+03 1.794382539355131485e+03 1.120968458413344138e+00 1.245973742740660972e+00 2.799282326216909041e+03
3.407759298702198407e+02 2.130683739846390381e+03 1.789907809976170483e+03 1.448338641692818785e+00 1.076785344638349295e+00 2.772354830923098234e+03
3.401587436034303096e+02 2.135528520779446808e+03 1.795369777176016441e+03 1.132114419780533288e+00 1.121924036928787283e+00 2.812447763504556406e+03
3.383624404473513891e+02 2.130987844336375929e+03 1.792625403889024483e+03 1.206163193570912950e+00 1.038944016818906357e+00 2.775061851903231855e+03
3.331524142582960053e+02 2.122043066235924016e+03 1.788890651977628067e+03 1.345434300313502973e+00 1.163757724039797603e+00 2.749145689570331342e+03
3.621764619758196773e+02 2.152199172828186420e+03 1.790022710852366799e+03 1.272702295067304368e+00 1.488957785382554411e+00 2.802478746827264331e+03
4.825728994389955346e+02 2.287460874777816571e+03 1.804887975338820979e+03 1.777964594128170539e+00 1.079356920618804283e+00 2.959536982602869102e+03
1.230942738711724587e+03 3.107281155382199358e+03 1.876338416670474771e+03 2.301791726613216849e+00 1.762273178046838140e+00 3.864974988149777801e+03
2.828798888074797105e+03 5.063031804749014555e+03 2.234232916674217449e+03 2.467788260430465730e+00 2.622908846419733653e+00 5.865721176627982459e+03
4.812733251383946481e+03 8.137979315931839665e+03 3.325246064547893184e+03 2.387802739889824721e+00 3.129197434581442394e+00 8.947222493118959392e+03
6.376970069545886872e+03 1.194829214646235232e+04 5.571322076916465448e+03 2.631242150425451509e+00 -5.315202692265111883e-01 1.267499817042255017e+04
6.817027816417695249e+03 1.396272464468446015e+04 7.145696828266764896e+03 2.448063968722384409e+00 -1.313409893739705847e+00 1.476854896348546754e+04
6.938694337219986664e+03 1.503569919265768476e+04 8.097004855437698097e+03 2.520726592280079448e+00 -1.150539387740677766e+00 1.576541762512374953e+04
