5.252247986762159826e+02 3.036471678573062673e+04 2.983949198705441086e+04 2.496615931901153385e+00 -1.480043108482174796e+00 3.144035163525441021e+04
5.251014116931964963e+02 3.036255231941278544e+04 2.983745090771959076e+04 2.467677671798030214e+00 -1.480043108482233860e+00 3.137547632101262934e+04
5.251737795603989980e+02 3.036450445131672677e+04 2.983933067175632823e+04 2.543211445164523798e+00 -1.480043108482187231e+00 3.143398735889123418e+04
5.251254703860362270e+02 3.036308501704946684e+04 2.983795954666343096e+04 2.474972358313287657e+00 -5.048624629728655222e-01 3.139144280951189285e+04
5.251352937589218755e+02 3.036764148404379375e+04 2.984250619028487199e+04 2.415810024019319879e+00 -2.114115706328660860e+00 3.152801330069492906e+04
5.252240253477075385e+02 3.036647635571643696e+04 2.984125233036873033e+04 2.554945119726634406e+00 7.999047974057708066e-01 3.149309105665926836e+04
5.252317974391989992e+02 3.036963876455684658e+04 2.984440696711764758e+04 2.533096809439149499e+00 -2.114115706328662636e+00 3.158787949200726143e+04
5.251602295274107064e+02 3.036096726555602800e+04 2.983580703602861831e+04 2.470753917775925235e+00 -4.433242366021715952e+01 3.132801261011807219e+04
5.251855011695769235e+02 3.036924823085820026e+04 2.984406272968862322e+04 2.521117177136031895e+00 -1.898917696115397957e+00 3.157660874878771574e+04
5.251585139620855216e+02 3.036526416126968252e+04 2.984010564730759870e+04 2.376839972491110231e+00 -1.480043108482156811e+00 3.146479562678679940e+04
6.870347131925946996e+03 1.816164623764993303e+04 1.129129910572398512e+04 2.542540612624330620e+00 9.534840182991617397e-01 1.915516576585868097e+04
4.102053828811189305e+03 6.987117551196035492e+03 2.885063722384846187e+03 2.440349366922120122e+00 2.314153915413104556e+00 7.732742578273025174e+03
1.310880805390527712e+03 3.219905418028301028e+03 1.909024612637773316e+03 2.149328479524729829e+00 1.492047533515284963e+00 3.956053769352179188e+03
4.470708023081410261e+02 2.264411977392289828e+03 1.817341175084148745e+03 1.855349136004282196e+00 1.132160572591234038e+00 2.976815722114296022e+03
3.779221605435763536e+02 2.167370522443880873e+03 1.789448361900304462e+03 2.096307648850985306e+00 1.368214212603419577e+00 2.798934968347597078e+03
3.397635074162913611e+02 2.143604374391946749e+03 1.803840866975655445e+03 1.096918176134710654e+00 1.017257777713779676e+00 2.811679631856210563e+03
3.400659728406128579e+02 2.141596181277360756e+03 1.801530208436747898e+03 1.057472770888858493e+00 1.086410801556788819e+00 2.810145545054921968e+03
3.374147571724231511e+02 2.126813954184273825e+03 1.789399197011850674e+03 1.171328345181279262e+00 1.612414936633075113e+00 2.804754284078668206e+03
3.395590311816542908e+02 2.133345177525928648e+03 1.793786146344274357e+03 1.301155374759606298e+00 1.294344142648085949e+00 2.805300239903105648e+03
3.391857135766510396e+02 2.131302137601312097e+03 1.792116424024661001e+03 1.145546994910088712e+00 1.247799019008429822e+00 2.784568993400575891e+03
3.398016911736744987e+02 2.134134579290740476e+03 1.794332888117065977e+03 1.541922835966503813e+00 1.121523693971139268e+00 2.789188724469701810e+03
3.370790667553204685e+02 2.127303178989991011e+03 1.790224112234670429e+03 1.171786716582500221e+00 1.261978723184148388e+00 2.791208669197825657e+03
3.526394290402799925e+02 2.143629639960986424e+03 1.790990210920706431e+03 1.321960168628518284e+00 1.175850751383315851e+00 2.795554370107362047e+03
4.161955850882674213e+02 2.214820276723920870e+03 1.798624691635653562e+03 1.635146554044694112e+00 1.252366233503236392e+00 2.905571901306867403e+03
1.267879457705576897e+03 3.158862295173518305e+03 1.890982837467941408e+03 2.177990098404553709e+00 1.402060362051592790e+00 3.932216864147368597e+03
2.763669826322511199e+03 4.972983451564225106e+03 2.209313625241713908e+03 2.354089901088272541e+00 2.642047099252426090e+00 5.791716459692393983e+03
4.911583446568361069e+03 8.325888736090302700e+03 3.414305289521941631e+03 2.402654733177052915e+00 3.005344475925925796e+00 9.128118954750907506e+03
6.294283940229115615e+03 1.163876413797176428e+04 5.344480197742648670e+03 2.450161861712909950e+00 2.833445163254156296e-01 1.241397586833316018e+04
6.893403632794828809e+03 1.448556586129433163e+04 7.592162228499502817e+03 2.361998120005643909e+00 -1.409806328504920714e+00 1.515617002211591534e+04
6.962479149762001725e+03 1.535989837006576454e+04 8.397419220303763723e+03 2.471820798979884604e+00 -8.151507678699996262e-01 1.610380199807810823e+04
