5.251679952626423074e+02 3.036394065969525036e+04 2.983877266443260669e+04 2.463484893265892151e+00 -1.480043108482133052e+00 3.141708889375413855e+04
5.251739623549627822e+02 3.036824311462121477e+04 2.984306915226625279e+04 2.494937998797991607e+00 -1.480043108482179237e+00 3.154604590871992332e+04
5.251910367185754467e+02 3.036536946298045586e+04 2.984017842626188212e+04 2.443689133464118424e+00 7.999047974057980070e-01 3.145991425969239208e+04
5.251687026435021153e+02 3.036716875273006372e+04 2.984200005008656080e+04 2.611573674836286774e+00 -1.480043108482196557e+00 3.151384417625267815e+04
5.251793142584843963e+02 3.036589813101298932e+04 2.984071881675450641e+04 2.477905133735557985e+00 -1.480043108482191672e+00 3.147575996934644718e+04
5.251687017229778576e+02 3.036609336358130895e+04 2.984092466185833109e+04 2.490150267115619709e+00 -4.469136219256746045e+01 3.148161167453123562e+04
5.251892453895084145e+02 3.036402461312179730e+04 2.983883536773228843e+04 2.508682087851405118e+00 -1.480043108482171021e+00 3.141960711800247736e+04
5.250798611114115602e+02 3.036345566821845932e+04 2.983837580710704788e+04 2.442066163246841004e+00 -1.480043108482165026e+00 3.140259703035508210e+04
5.251765085589288446e+02 3.036827093568631608e+04 2.984309442712738746e+04 2.677585814565527134e+00 -4.469136219256747466e+01 3.154731909476941655e+04
5.251527766590728561e+02 3.036283513168522404e+04 2.983768235502615062e+04 2.630614610183551250e+00 -1.480043108482165692e+00 3.139227473820486557e+04
6.861862860259105219e+03 1.832552101446803135e+04 1.146365815420892613e+04 2.352887445486607554e+00 2.240910933310586550e+00 1.923809938319745197e+04
4.506958124991218938e+03 7.674342406108376963e+03 3.167384281117158025e+03 2.415139212244315825e+00 2.528931620762687071e+00 8.405742813273922366e+03
1.430504805801813745e+03 3.348495387080713954e+03 1.917990581278900208e+03 2.211838842950847095e+00 1.521873476839993744e+00 4.081846221702311141e+03
4.295476346805485832e+02 2.238660621389691642e+03 1.809112986709143115e+03 2.011499674405653248e+00 1.266284763008688863e+00 2.941858895141987887e+03
3.656296809436348667e+02 2.170408740072998626e+03 1.804779059129363759e+03 1.899256923953503984e+00 1.219742105409384436e+00 2.853106677587647937e+03
3.398878980457571402e+02 2.131311247892339907e+03 1.791423349846582823e+03 1.368252985300140834e+00 1.505303618062782123e+00 2.800859620832751716e+03
3.369010528694875575e+02 2.134805006667636007e+03 1.797903953798148450e+03 1.202979316649195773e+00 9.564194025642295260e-01 2.797585809329968015e+03
3.400328803792065173e+02 2.144213084206155145e+03 1.804180203826948627e+03 1.035280041375022941e+00 8.952735430250499116e-01 2.808245862299913369e+03
3.372354338764331487e+02 2.117863774608215863e+03 1.780628340731782828e+03 1.274253616711512826e+00 1.338407910226870001e+00 2.722695882888564029e+03
3.398351183013230639e+02 2.132366706653801430e+03 1.792531588352478366e+03 1.499420938862538577e+00 1.147991844704828068e+00 2.774728915735068767e+03
3.381426493775481958e+02 2.138169045762379483e+03 1.800026396384831287e+03 1.242928584230140521e+00 1.204274581818628675e+00 2.849293883570466733e+03
3.380645467662355372e+02 2.134749072875117236e+03 1.796684526108881755e+03 1.471714233044547404e+00 1.206997094266364590e+00 2.826256517850409182e+03
3.659452293257795077e+02 2.159916102729568593e+03 1.793970873403789028e+03 1.597117273376973623e+00 1.280634340359999346e+00 2.825520922049512592e+03
4.559448411231727505e+02 2.252521806995791849e+03 1.796576965872618985e+03 1.606215766741809992e+00 1.171474137518871528e+00 2.949027746387147090e+03
1.338781098293828109e+03 3.232416422737472658e+03 1.893635324443644549e+03 2.479146264078871287e+00 2.171796598863982908e+00 4.065135792806994232e+03
3.053135199064617154e+03 5.386487167092101117e+03 2.333351968027483963e+03 2.261971280253295635e+00 2.581342734847984488e+00 6.276316304165171459e+03
5.142096890525835079e+03 8.749879931752055199e+03 3.607783041226220121e+03 2.276457053608615055e+00 2.586391547732224350e+00 9.604207039311984772e+03
6.336758008214179426e+03 1.176471891168422553e+04 5.427960903470046105e+03 2.517038360655498241e+00 -8.958025428331811701e-01 1.248773789332054912e+04
6.817412877326451962e+03 1.397038307573689053e+04 7.152970198410438570e+03 2.439634159335496211e+00 -1.313916593833267976e+00 1.470692478387007577e+04
6.921252738052781751e+03 1.475891987371506912e+04 7.837667135662287365e+03 2.586906822616181767e+00 -8.928607986996336399e-01 1.552043301809040167e+04
