5.252089999247783680e+02 3.036276817197869968e+04 2.983755917205391961e+04 2.532543403802492765e+00 7.999047974058154375e-01 3.138194604656396041e+04
5.251988746606061795e+02 3.036596818623283616e+04 2.984076931157222862e+04 2.497114095194508110e+00 -1.480043108482198777e+00 3.147785972681536441e+04
5.252168095947021129e+02 3.036901460403388046e+04 2.984379779443917869e+04 2.543100956141667979e+00 -2.114115706328655531e+00 3.156916967722951449e+04
5.251374643706758434e+02 3.036891326589279925e+04 2.984377580152212249e+04 2.504213333744128800e+00 -1.468521675688833072e+00 3.156613228011709361e+04
5.251265989578234894e+02 3.036463149739830988e+04 2.983950489844048570e+04 2.463284516941839808e+00 -2.114115706328661304e+00 3.143779529735670803e+04
5.252581807276044401e+02 3.036636893793444688e+04 2.984111075720684312e+04 2.582651138759054277e+00 7.999047974057905686e-01 3.148987143494788688e+04
5.251440525895764040e+02 3.036914421581776696e+04 2.984400016322818919e+04 2.520081319189482194e+00 -1.480043108482194114e+00 3.157305641400071909e+04
5.252009964376934477e+02 3.036901956621650970e+04 2.984381856977881762e+04 2.540279109650287026e+00 7.999047974058269839e-01 3.156936303464174853e+04
5.251354125089929994e+02 3.036400692918855930e+04 2.983887151667956641e+04 2.525559329330816727e+00 -1.142775538417181824e+00 3.141951305409799170e+04
5.250785253549604477e+02 3.036460713329941427e+04 2.983952860794445223e+04 2.567020587142422983e+00 -2.652803830563112086e+00 3.144502979974898699e+04
6.958110483245515752e+03 1.735575756381752944e+04 1.039764708057201278e+04 2.325767454434104042e+00 2.142286355606429993e+00 1.836640589648327295e+04
4.242665895838621509e+03 7.228148769319094754e+03 2.985482873480473245e+03 2.455229074143372880e+00 2.449089689219267729e+00 7.959954352091758665e+03
1.339784263553962091e+03 3.255858863643158202e+03 1.916074600089196110e+03 2.238862066416027918e+00 1.475207949566370580e+00 3.920559404937699583e+03
4.315708719161321483e+02 2.236832095748658503e+03 1.805261223832526412e+03 1.904351104131778660e+00 1.143668986615301142e+00 2.927533972878363329e+03
3.540737292438242889e+02 2.145889660068420199e+03 1.791815930824595853e+03 1.683356987597860455e+00 1.296081949519347631e+00 2.851764167187320254e+03
3.414657565204714160e+02 2.145413223668120281e+03 1.803947467147648922e+03 1.059539406997407562e+00 8.785000035607822833e-01 2.807253608089358750e+03
3.385176198894914705e+02 2.140189975131288065e+03 1.801672355241796595e+03 1.372137148160282427e+00 1.221692353412156651e+00 2.828811926209431931e+03
3.408811835102779355e+02 2.141806764194850530e+03 1.800925580684572651e+03 1.155964694627056755e+00 9.597305083148074401e-01 2.806814579679506551e+03
3.361346217082397629e+02 2.128166574592390134e+03 1.792031952884150314e+03 1.494077605549952059e+00 1.258889693565471424e+00 2.781228486403111674e+03
3.430473234936571316e+02 2.148684173890203965e+03 1.805636850396546834e+03 1.029326552145682916e+00 1.034925075104929704e+00 2.854040469562367434e+03
3.358263384852207878e+02 2.131807027215234029e+03 1.795980688730013298e+03 1.394696998162010759e+00 1.262042703132051580e+00 2.787298163215924887e+03
3.382859461469399776e+02 2.132698696062935142e+03 1.794412749915995164e+03 1.101913877435934941e+00 1.312166233243542868e+00 2.818761916861623831e+03
3.668368543822875267e+02 2.167691523092235002e+03 1.800854668709947418e+03 1.250877742779562540e+00 1.171962333535693235e+00 2.858362518768003156e+03
6.160221595081001169e+02 2.448423635411622854e+03 1.832401475903522623e+03 1.812083045346970067e+00 1.042513235241865344e+00 3.212315107812251881e+03
1.252671782225516381e+03 3.126170972835822340e+03 1.873499190610305959e+03 2.181094951555555994e+00 1.923601204063279724e+00 3.871468732096208896e+03
3.092923033263329216e+03 5.437007615510719006e+03 2.344084582247389790e+03 2.371630208500126624e+00 2.459303819316148942e+00 6.328475914961362832e+03
5.070627672774538041e+03 8.607300992965718251e+03 3.536673320191180210e+03 2.368083139259610892e+00 3.054954366580027614e+00 9.395088426228818207e+03
6.393240495825949438e+03 1.194276169129930167e+04 5.549521195473352236e+03 2.543761750954666390e+00 -8.152624805003548802e-01 1.277584841778892041e+04
6.847430223557020327e+03 1.419594175580381125e+04 7.348511532246790921e+03 2.539397326720348680e+00 -1.257668431832882794e+00 1.499549243922767528e+04
6.977389859398573208e+03 1.560879995116993632e+04 8.631410091771362204e+03 2.476990316781084278e+00 -8.723983572618051463e-01 1.641574675795256917e+04
