5.251812322334867531e+02 3.036354661294547259e+04 2.983836538071198447e+04 2.613782554211629527e+00 -3.239184191603476481e+00 3.140527817325254364e+04
5.251880597706445997e+02 3.036463551505626310e+04 2.983944745528561907e+04 2.517022053153376238e+00 1.445498828045649775e+00 3.143791571814451527e+04
5.251825231082987102e+02 3.036741754159699485e+04 2.984223501848869637e+04 2.501727869836548379e+00 -2.114115706328674182e+00 3.152130109798517879e+04
5.251296078749221579e+02 3.037056200849797460e+04 2.984543240062305267e+04 2.533244048529993631e+00 -3.239184191603493357e+00 3.161554986344131248e+04
5.252265850158621561e+02 3.036754350267107293e+04 2.984231691765521100e+04 2.406109138786235224e+00 -2.114115706328663524e+00 3.152507651563764739e+04
5.252336190220124763e+02 3.036521478760221362e+04 2.983998116858020148e+04 2.446078228435220048e+00 -1.480043108482118619e+00 3.145527821236043746e+04
5.252082591928399324e+02 3.036711370219771561e+04 2.984190544300487454e+04 2.474285082700113492e+00 1.445498828045618467e+00 3.151219606655043026e+04
5.251476958603554976e+02 3.036658145295546274e+04 2.984143375709510656e+04 2.432971671182007523e+00 -4.564353021539100297e+01 3.149628651307079053e+04
5.251677676374665680e+02 3.036362446411494238e+04 2.983845669647747491e+04 2.652641869649561279e+00 -4.452143719112515186e+01 3.140805516312248437e+04
5.252352102510050145e+02 3.036786108146277184e+04 2.984262587121176693e+04 2.482288500736743231e+00 -4.971815077773775182e-01 3.154266646851399128e+04
6.915437625919000311e+03 1.779674746083307036e+04 1.088130983491407096e+04 2.586362831516213934e+00 2.390382898189177485e+00 1.870675687104388271e+04
4.294276057464966470e+03 7.308223475888297799e+03 3.013947418423331328e+03 2.230978007508296557e+00 2.491907188330278800e+00 8.064996685926543250e+03
1.290947097355183587e+03 3.190133461089806133e+03 1.899186363734622546e+03 2.182014539663702735e+00 1.497941810703201204e+00 3.897848187989026428e+03
4.287885744256668659e+02 2.224067530034947595e+03 1.795278955609280729e+03 2.103030698185055503e+00 1.056420754489355573e+00 2.859865716085137592e+03
3.772528124453897362e+02 2.172527357869559182e+03 1.795274545424169446e+03 2.278502117813784533e+00 1.094433601977436998e+00 2.829373032769604833e+03
3.375208017387502082e+02 2.127068810165302693e+03 1.789548008426552542e+03 1.252672222375462052e+00 1.551616289341026800e+00 2.791733341257279335e+03
3.398748313289818839e+02 2.138872180218516860e+03 1.798997348889535033e+03 1.003079880248715083e+00 1.122294924935952620e+00 2.799315968785700989e+03
3.378666516845731849e+02 2.132515494773286719e+03 1.794648843088713420e+03 1.096890299025578663e+00 1.240843663887730486e+00 2.801906291431216232e+03
3.422069674744109307e+02 2.143359656387897303e+03 1.801152688913486372e+03 1.258972885258557772e+00 1.043862264358092595e+00 2.840127687019807126e+03
3.375130332123998755e+02 2.136405021038825907e+03 1.798891987826425975e+03 1.473990981171207304e+00 1.080058490867627397e+00 2.798810329428127261e+03
3.397424640508767766e+02 2.132495828403339601e+03 1.792753364352462768e+03 1.378452789750481911e+00 1.326920825105278645e+00 2.809034630912909506e+03
3.436699631381970335e+02 2.143603423615970769e+03 1.799933460477773679e+03 1.101446308748987191e+00 1.437210204911333777e+00 2.874146799741210998e+03
3.892269624695709354e+02 2.184749329148683501e+03 1.795522366679112565e+03 1.328385677285961464e+00 1.136548284904422390e+00 2.848518569227336684e+03
4.825467892621561532e+02 2.274344476595159904e+03 1.791797687333003751e+03 1.886545555600686264e+00 1.367847432052603063e+00 2.936889595029419070e+03
1.355076824737049265e+03 3.267160413571958088e+03 1.912083588834908824e+03 2.235761407553430224e+00 1.513510206769521860e+00 4.062280044035252104e+03
2.856486970131809812e+03 5.112898034544445181e+03 2.256411064412635369e+03 2.264011674888899872e+00 2.379712862218936298e+00 5.928344443413359841e+03
5.174465449356586760e+03 8.845040066150873827e+03 3.670574616794287067e+03 2.403161111735599320e+00 2.893639722888195820e+00 9.692109298901974398e+03
6.329189400147373817e+03 1.177028376772623778e+04 5.441094367578863967e+03 2.534716129703912912e+00 -7.954780025267602639e-01 1.257863057567988108e+04
6.752461347113734519e+03 1.361498341354618424e+04 6.862522066432449719e+03 2.479340431488104457e+00 -2.071393359697971448e+00 1.435296014434110475e+04
6.963379813979009668e+03 1.525673824076693381e+04 8.293358426787923236e+03 2.561173951516918290e+00 -1.293128842062138295e+00 1.608711723589136818e+04
