5.251336493525890319e+02 3.036835775967847803e+04 2.984322411032588934e+04 2.542673521491012334e+00 -1.480043108482157921e+00 3.154948215258917116e+04
5.251537909775711341e+02 3.036823359015776441e+04 2.984307979918019191e+04 2.589326332650977669e+00 -1.468521675688863715e+00 3.154576043300686797e+04
5.251946916385161330e+02 3.036692841154952112e+04 2.984173371991100430e+04 2.522813597311163392e+00 -2.922131878348485046e+01 3.150664045610755056e+04
5.251375543809816691e+02 3.036984770253631359e+04 2.984471014815533272e+04 2.624751245506573127e+00 -2.114115706328666633e+00 3.159414004830552221e+04
5.251356596187996502e+02 3.036673928748416074e+04 2.984160362786536280e+04 2.533914538353510437e+00 -1.480043108482163250e+00 3.150097186104230423e+04
5.251920152474550605e+02 3.036857908546364342e+04 2.984338707021618757e+04 2.516598860951202443e+00 -2.114115706328672406e+00 3.155611594736740881e+04
5.251377983105733165e+02 3.036535920241581698e+04 2.984022140410524298e+04 2.540483153068470390e+00 -1.480043108482163250e+00 3.145960862578711021e+04
5.251718605756918805e+02 3.036529549837013838e+04 2.984012363779444786e+04 2.504219463520870992e+00 -4.442010179549509985e+01 3.145774202915831484e+04
5.251471441950127428e+02 3.036570382301046266e+04 2.984055667881545014e+04 2.526089970431408815e+00 -4.469136219256746045e+01 3.147037437421972209e+04
5.251050919208065579e+02 3.036524984406031581e+04 2.984014475213950936e+04 2.492376515508021750e+00 -2.114115706328663524e+00 3.146464965826607659e+04
6.841037158792975788e+03 1.846666554336679474e+04 1.162562838457381804e+04 2.368539039885588338e+00 8.506402165516299130e-01 1.938919428773264008e+04
4.227076489903211950e+03 7.201699478405858827e+03 2.974622988502646876e+03 2.329564805945856243e+00 2.291513522430006944e+00 7.984906746480553920e+03
1.451715264511741680e+03 3.385288606937211171e+03 1.933573342425469491e+03 2.189945708267910796e+00 1.431260918742650601e+00 4.134511801006001406e+03
3.950214739733316378e+02 2.204613442875802775e+03 1.809591968902471081e+03 1.803528464354929417e+00 9.488155967352560616e-01 2.905435525498430252e+03
3.938052962887472290e+02 2.198748529539659557e+03 1.804943233250912272e+03 1.836803029806872489e+00 1.066975422615171532e+00 2.885124834297445886e+03
3.421096331118334888e+02 2.142251425420600754e+03 1.800141792308767208e+03 1.410453647428924429e+00 1.082906390793808571e+00 2.843955823600548229e+03
3.395650666230550314e+02 2.147574911466553658e+03 1.808009844843498740e+03 1.088339482717476825e+00 8.514378472211877602e-01 2.849944031686393373e+03
3.432421827980483613e+02 2.143912099294151176e+03 1.800669916496102815e+03 1.353701327360283813e+00 1.170048579838355529e+00 2.864677490578063043e+03
3.406899470137671528e+02 2.140276738136477434e+03 1.799586791122710338e+03 1.501082705917472948e+00 9.542584247740864001e-01 2.843855129484500594e+03
3.368988709655037610e+02 2.128178093327986517e+03 1.791279222362482869e+03 1.025035686265112211e+00 1.360178306046133656e+00 2.813199059766520804e+03
3.391847555141544603e+02 2.130908590300434298e+03 1.791723834786279895e+03 1.064973936684347144e+00 1.336919226689160078e+00 2.787105922301057944e+03
3.428603171493564901e+02 2.153411685927083909e+03 1.810551368777727475e+03 1.131763263062189440e+00 8.045676564423228649e-01 2.850683725970288833e+03
3.529706100107068210e+02 2.154955837371295729e+03 1.801985227360588851e+03 1.449693962396115809e+00 1.035688384918493243e+00 2.859810535840876128e+03
5.235088397437634740e+02 2.335285944792826740e+03 1.811777105049063266e+03 2.015367899817029240e+00 9.432240922711624398e-01 3.023845642467279049e+03
1.171119592034184507e+03 3.050211234419749871e+03 1.879091642385565365e+03 2.282416106706682601e+00 1.713207399247610452e+00 3.842093041844859727e+03
2.770693812134098152e+03 4.998143661171499843e+03 2.227449849037401691e+03 2.319041432356516719e+00 2.473160481201350791e+00 5.817804827079698953e+03
5.131197537627035672e+03 8.746730797945361701e+03 3.615533260318326029e+03 2.340958267080244237e+00 3.199059691761461988e+00 9.563697623960875717e+03
6.471833020404798845e+03 1.226308935261556144e+04 5.791256332210762594e+03 2.387887358057515730e+00 -1.088002065947542230e+00 1.309423088298945913e+04
6.903830541694595013e+03 1.454200246645129118e+04 7.638171924756696171e+03 2.470135615871373869e+00 -9.060743906417488835e-01 1.535387317864261968e+04
6.927757957158963109e+03 1.484165016754688622e+04 7.913892210387923114e+03 2.572771768900605327e+00 -4.892341554607486653e-01 1.555436869748555910e+04
