5.251803760967260359e+02 3.036096659344103318e+04 2.983578621734430635e+04 2.589248946440138255e+00 -1.480043108482154812e+00 3.132794752840400542e+04
5.251654006117911422e+02 3.036321032308345093e+04 2.983804492247166127e+04 2.504123611050538045e+00 -4.447076949331012230e+01 3.139519859368106700e+04
5.251067112976065800e+02 3.037190244289352995e+04 2.984679573159592474e+04 2.628539947502064322e+00 -2.114115706328673294e+00 3.165572655823312743e+04
5.252295293778024643e+02 3.036667508503731369e+04 2.984144555565951305e+04 2.563615307401340804e+00 -1.480043108482207437e+00 3.149904752802769144e+04
5.251231964722512657e+02 3.036121032434719746e+04 2.983608712787494733e+04 2.575898685966452106e+00 -1.480043108482187231e+00 3.133525284846644718e+04
5.251963986036581673e+02 3.037026190809370746e+04 2.984506550949005032e+04 2.505916753738645752e+00 -2.114115706328661304e+00 3.160655500761119401e+04
5.251922460874726539e+02 3.036489614604811140e+04 2.983970389996063750e+04 2.774506212023050811e+00 7.999047974058089983e-01 3.144572947734087575e+04
5.251425630409696623e+02 3.037103335756727029e+04 2.984589079452630176e+04 2.521119726617861545e+00 -2.114115706328671518e+00 3.162972266947009120e+04
5.251486707870925557e+02 3.036609270913301589e+04 2.984094403834592231e+04 2.579809618617742384e+00 -1.480043108482168357e+00 3.148203227254873855e+04
5.252255938660142647e+02 3.036937712749797720e+04 2.984415153363196441e+04 2.630080026695375661e+00 -2.114115706328673294e+00 3.158851314328992521e+04
6.941643756373166980e+03 1.754386070581314561e+04 1.060221694943997863e+04 2.492994866994138636e+00 2.407722993165072101e+00 1.849818618533810513e+04
4.385259997971721532e+03 7.462346219421472597e+03 3.077086221449751065e+03 2.363990492961269840e+00 2.351606033589455080e+00 8.152892449204909099e+03
1.654237288140522423e+03 3.612238924937263164e+03 1.958001636796740740e+03 2.212719760530682755e+00 1.637079340158212881e+00 4.286013930381657701e+03
4.452081564193415488e+02 2.246313575552458587e+03 1.801105419133117039e+03 1.976705772990221988e+00 1.537273579341092544e+00 2.948179293166283969e+03
3.633366670325758605e+02 2.155039355473508749e+03 1.791702688440932889e+03 1.862640550773692283e+00 1.233815703215038750e+00 2.807132951708365454e+03
3.412576727785310595e+02 2.143499107079331225e+03 1.802241434300800165e+03 1.465403853738137974e+00 9.572651789748057860e-01 2.815103063365430444e+03
3.419817478893999692e+02 2.138981968240363130e+03 1.797000220350963218e+03 1.192743977542477962e+00 9.305244902712269672e-01 2.820706556710711993e+03
3.400631147540766506e+02 2.140305093334241519e+03 1.800241978580164869e+03 1.357670836876564868e+00 9.106472662018502140e-01 2.815687918771167460e+03
3.387952382839275742e+02 2.125899256683390831e+03 1.787104018399463257e+03 1.043501360308696890e+00 1.208772788974003198e+00 2.756923005116901095e+03
3.394672463146629866e+02 2.137697009518463346e+03 1.798229763203800303e+03 1.312629232384809885e+00 1.044308119090958664e+00 2.814724739805538320e+03
3.409769371281420831e+02 2.152133289877563584e+03 1.811156352749421558e+03 9.921450701451280940e-01 8.610820576102171664e-01 2.870105088313564465e+03
3.398060880421386400e+02 2.132526716336908066e+03 1.792720628294769540e+03 1.257024514202827126e+00 1.428462192176592538e+00 2.817545275517260507e+03
3.939987284940158929e+02 2.195505754337867984e+03 1.801507025843852034e+03 1.414213836803219770e+00 1.409058564267481328e+00 2.906356331273697378e+03
5.742568945864713896e+02 2.389092671265037552e+03 1.814835776678566162e+03 1.905830022815934166e+00 1.070224451605520821e+00 3.079038235124244238e+03
1.067318253340587944e+03 2.924548953223391891e+03 1.857230699882803947e+03 1.983036122376895305e+00 1.629382437094584857e+00 3.660057237527722464e+03
2.406172494435099452e+03 4.513307850118304486e+03 2.107135355683205034e+03 2.450923033942245421e+00 2.434286891773340233e+00 5.298396390512062681e+03
5.194468399652025255e+03 8.875381089475549743e+03 3.680912689823524488e+03 2.319350707643431875e+00 3.177380480262041562e+00 9.718493999638621972e+03
6.460311182561846181e+03 1.222544968494268323e+04 5.765138502380837053e+03 2.406522675793607124e+00 -1.095769072080459816e+00 1.299858753972056911e+04
6.824659052948961289e+03 1.405408087511421581e+04 7.229421822165254525e+03 2.520601677137825902e+00 -1.939179379339876830e+00 1.483578722063025452e+04
6.948137208649935928e+03 1.505470201999167330e+04 8.106564811341737368e+03 2.623111008468802297e+00 -8.997001093626698642e-01 1.577717012142120257e+04
