5.252201211520816742e+02 3.036752415969936555e+04 2.984230403854728502e+04 2.593475653541804427e+00 -1.480043108482175240e+00 3.152449675080826273e+04
5.250221252074204585e+02 3.037267003627349914e+04 2.984764791106608027e+04 2.374302270627676847e+00 -3.132357604611591739e+01 3.167873355137439285e+04
5.251595684742078447e+02 3.036921303617148442e+04 2.984405346769727475e+04 2.440307158822303535e+00 -1.468521675688833739e+00 3.157511726217029354e+04
5.252103121739843345e+02 3.036372028181781570e+04 2.983850996964383012e+04 2.444237625091290944e+00 -1.480043108482133052e+00 3.141048353152927666e+04
5.251625727136666910e+02 3.036824371184279153e+04 2.984308113912912449e+04 2.778074287974117595e+00 -1.480043108482140823e+00 3.154606380921504751e+04
5.252418175166627634e+02 3.036508913484782170e+04 2.983984731733115768e+04 2.581813874653330565e+00 1.445498828045620909e+00 3.145151203606291165e+04
5.251182692719166880e+02 3.036109577510919917e+04 2.983597750583728339e+04 2.629119336608289004e+00 -1.480043108482236081e+00 3.133182139511607602e+04
5.251901972430731576e+02 3.036816876582734039e+04 2.984297856858426894e+04 2.415608411279231316e+00 -1.480043108482139047e+00 3.154386233307353177e+04
5.250773477466995018e+02 3.036365551767384386e+04 2.983857816992714288e+04 2.476587548988411047e+00 -1.480043108482192338e+00 3.140898530405000565e+04
5.252273256296072077e+02 3.036914729597986661e+04 2.984391997035025997e+04 2.496682699282164020e+00 -4.628057827424644444e+01 3.158127606829591969e+04
6.912320729728961851e+03 1.783887712211792314e+04 1.092655639238896038e+04 2.480751408076956821e+00 1.492677830752777934e+00 1.881212645716256520e+04
4.212632991642935849e+03 7.178061780968699168e+03 2.965428789325763319e+03 2.309559127984455174e+00 2.185974299058582204e+00 7.964742344227603098e+03
1.370076877230721493e+03 3.290058516462703210e+03 1.919981639231981717e+03 2.349710251626837110e+00 1.546673376723540549e+00 4.021188549910170877e+03
4.462762678517786412e+02 2.244954235237159537e+03 1.798677967385380953e+03 2.166271905053231972e+00 1.334917524796018995e+00 2.923420089486785400e+03
3.631283217784224462e+02 2.160749006531613759e+03 1.797620684753191199e+03 1.932234519499640202e+00 1.298524492255526797e+00 2.829435698379281803e+03
3.369721242588115047e+02 2.129016855253945323e+03 1.792044730995133705e+03 1.034446973615588350e+00 1.013982099543459192e+00 2.782416305623802145e+03
3.392722857113874966e+02 2.127530170412990628e+03 1.788257884701603189e+03 1.279339274712870456e+00 1.242527107102322281e+00 2.814027949776087098e+03
3.405224963805239895e+02 2.146800510944689449e+03 1.806278014564165460e+03 1.039284671091872170e+00 1.026319437238257803e+00 2.855438400246357560e+03
3.403455734627329434e+02 2.143716163575265455e+03 1.803370590112532454e+03 1.005255027690997949e+00 7.589997746838496040e-01 2.815123384420248840e+03
3.391847155758828194e+02 2.138078004843639519e+03 1.798893289267756700e+03 1.153456933504291682e+00 1.003863536143839275e+00 2.792512818821622204e+03
3.389686330977395983e+02 2.131080194903287975e+03 1.792111561805548263e+03 1.066189481603773137e+00 1.169294669261402797e+00 2.798885862748601539e+03
3.417743700123344297e+02 2.142963568380018842e+03 1.801189198367684412e+03 1.351311204172252367e+00 1.305794033266540977e+00 2.858452449458567571e+03
3.696348489140989955e+02 2.179851616846804518e+03 1.810216767932705579e+03 1.574345132813941506e+00 9.774940756916236095e-01 2.914858517578501960e+03
5.369569618501791410e+02 2.351491731930258084e+03 1.814534770080078943e+03 1.766395644001648835e+00 1.186563921640351627e+00 3.084890884526665104e+03
1.061447470895657943e+03 2.929844671430016660e+03 1.868397200534358717e+03 2.246640996025510262e+00 1.530435751519457099e+00 3.739796606780181719e+03
2.825941932317986812e+03 5.066110273457908079e+03 2.240168341139921267e+03 2.289717147137352526e+00 2.487752418092013418e+00 5.935756144857075014e+03
4.512513880480765692e+03 7.584931016821304183e+03 3.072417136340538491e+03 2.535746016376240863e+00 2.969789256637014763e+00 8.398163987134847048e+03
6.346486635071681121e+03 1.181128942901796836e+04 5.464802793946287238e+03 2.466176913915456570e+00 -7.898602728687430519e-01 1.265161057512665502e+04
6.846201390738925511e+03 1.416585124657165397e+04 7.319649855832728463e+03 2.590302608178852939e+00 -1.373419887147441010e+00 1.491729235024483569e+04
6.956524924008438575e+03 1.526195316640976853e+04 8.305428242401329044e+03 2.476422704428213439e+00 -1.522165389544601899e+00 1.610267369978353418e+04
