5.251641988616488561e+02 3.036222580452257898e+04 2.983706160566092876e+04 2.566614459464622300e+00 -1.480043108482198333e+00 3.136568972561151531e+04
5.251591673701004765e+02 3.036720773388607631e+04 2.984204856651597584e+04 2.523644597798087474e+00 -1.480043108482168579e+00 3.151501255421535825e+04
5.251739450578378410e+02 3.036532893679506742e+04 2.984015499173722856e+04 2.533019341941021185e+00 -1.480043108482219649e+00 3.145869957273038744e+04
5.251318391813563267e+02 3.037161267154691450e+04 2.984648083236555976e+04 2.491034385997234590e+00 -1.480043108482173020e+00 3.164704127308107491e+04
5.251604668306905523e+02 3.036643687805337686e+04 2.984127641122268687e+04 2.562024056833351437e+00 -1.714353705057112265e-01 3.149190777596778571e+04
5.251473670956945625e+02 3.036770770512049057e+04 2.984256033802479578e+04 2.553735296236048669e+00 -5.048624629728716284e-01 3.152999815852752363e+04
5.251818968798269225e+02 3.036896804590567626e+04 2.984378614902585105e+04 2.426726050792576306e+00 -1.480043108482181013e+00 3.156777610188099061e+04
5.251838697229743502e+02 3.036822955520703181e+04 2.984304568548405587e+04 2.458778444802328433e+00 -2.114115706328659527e+00 3.154568432286041207e+04
5.251948055558613078e+02 3.036605882689544524e+04 2.984086402133958472e+04 2.607585608388152565e+00 -1.480043108482154812e+00 3.148101446490445960e+04
5.251745207606712711e+02 3.036571567093245540e+04 2.984054115017178265e+04 2.510910248323662497e+00 1.445498828045626682e+00 3.147844715246316991e+04
6.914376875833047961e+03 1.781433276978084177e+04 1.089995589394779381e+04 2.453586528765287600e+00 1.765394214579738774e+00 1.868148457146737201e+04
4.222871676832393860e+03 7.176566511554377939e+03 2.953694834721984080e+03 2.679740114755339686e+00 2.194613534398359267e+00 7.908300096730506084e+03
1.378436033055869075e+03 3.295962155805000293e+03 1.917526122749131218e+03 2.179673185142704472e+00 1.353817910646196054e+00 3.995398513242300396e+03
4.337302935268804163e+02 2.232772515448401919e+03 1.799042221921521559e+03 2.127262966042060111e+00 1.481475120040276927e+00 2.905752906401446580e+03
3.535699823927110970e+02 2.148857650969092902e+03 1.795287668576381748e+03 1.418051758779590665e+00 1.156408707376705758e+00 2.831535975317110115e+03
3.420559416354442419e+02 2.146825169153531078e+03 1.804769227518086836e+03 1.324450384159050698e+00 8.377504387480021464e-01 2.832363077169221015e+03
3.410239188253372049e+02 2.141480856054285141e+03 1.800456937228947936e+03 1.059219999730588668e+00 1.192170861608905508e+00 2.816669044138213394e+03
3.409823397647916181e+02 2.140293758054217506e+03 1.799311418289426001e+03 1.219305561193366749e+00 1.102018112590132271e+00 2.822351399804544599e+03
3.359018746772369468e+02 2.120707133343744772e+03 1.784805258666507825e+03 1.245411388670601971e+00 1.401433868720857179e+00 2.762016313485920364e+03
3.410234053798271816e+02 2.145017114032364589e+03 1.803993708652537407e+03 1.340315691213229021e+00 8.779913953521689685e-01 2.813252566853851476e+03
3.359183558062885027e+02 2.127950786044419601e+03 1.792032430238131155e+03 1.251857793275721109e+00 1.314632815584559689e+00 2.782597336043809719e+03
3.386629039264650487e+02 2.132124928895084850e+03 1.793462024968619744e+03 1.247612945555197195e+00 1.544252462384609004e+00 2.782544523444395509e+03
3.822856170657253188e+02 2.174143872003212891e+03 1.791858254937487573e+03 1.165363672860211919e+00 1.403172125469852149e+00 2.842940986066043024e+03
5.591632555632720596e+02 2.373129090332195574e+03 1.813965834768923514e+03 1.908660762692839796e+00 1.407734908556863784e+00 3.121171817692471450e+03
1.254525745460907501e+03 3.143400185362088905e+03 1.888874439901181404e+03 2.356694787968678373e+00 1.404310079275249423e+00 3.915874462693212536e+03
2.816099827738810291e+03 5.044401267282961271e+03 2.228301439544150981e+03 2.387110581772253770e+00 2.589362955294084667e+00 5.881386052790017857e+03
4.880140280054755749e+03 8.270428834509561057e+03 3.390288554454805308e+03 2.437205301733946339e+00 3.020938330390336990e+00 9.171545068895426084e+03
6.399744827021254423e+03 1.198767649169075594e+04 5.587931664669501515e+03 2.423037234090467340e+00 -1.261486143353438116e+00 1.274126967478751976e+04
6.888774503741859917e+03 1.441719887032518636e+04 7.528424366583326446e+03 2.386988927934722060e+00 -1.665427819207518922e+00 1.518652507340395459e+04
6.941348030279773411e+03 1.488509133704005217e+04 7.943743306760278756e+03 2.463110961817532640e+00 -8.661192367226592248e-01 1.560930911056435070e+04
