5.251466908553264830e+02 3.036731452493515826e+04 2.984216783407983166e+04 2.480060111520278721e+00 -1.480043108482156811e+00 3.151821339074940261e+04
5.251455330915705417e+02 3.036359918491543795e+04 2.983845365182386740e+04 2.594722562887302519e+00 -4.481979224452906152e+01 3.140685390720622672e+04
5.251530048615172745e+02 3.036670579719160378e+04 2.984155279233008696e+04 2.451673933003194694e+00 -1.480043108482212988e+00 3.149996806009595821e+04
5.251675058574389823e+02 3.036931221208681382e+04 2.984414470622937370e+04 2.578680924411298481e+00 -1.468521675688853056e+00 3.157808985113034578e+04
5.252027904007574080e+02 3.036176002038668594e+04 2.983655722998592682e+04 2.487498108520135975e+00 1.445498828045652218e+00 3.135172882825312627e+04
5.250987799817760333e+02 3.036770665956951780e+04 2.984260787958774017e+04 2.381042755112894760e+00 -2.114115706328671074e+00 3.152996682025691916e+04
5.252108794614076714e+02 3.036527633649004201e+04 2.984006545702863514e+04 2.474912032759261304e+00 -1.480043108482198777e+00 3.145712490162438553e+04
5.252067494181915208e+02 3.036401943852348268e+04 2.983881268910529252e+04 2.642872055422573752e+00 -1.480043108482183234e+00 3.141949501230724127e+04
5.252009300972877099e+02 3.035964781062873953e+04 2.983444688053145364e+04 2.479405579728833242e+00 -1.480043108482181013e+00 3.128886049361524783e+04
5.251577484918835808e+02 3.036684519259145964e+04 2.984168744409957435e+04 2.447369700381675006e+00 -1.480043108482174796e+00 3.151228579097486363e+04
6.916477420075074406e+03 1.791063759745367497e+04 1.099416017737860057e+04 2.489366728690165065e+00 1.110723862062666711e+00 1.879932510159648882e+04
4.163956297800385073e+03 7.072645012420200146e+03 2.908688714619815073e+03 2.441180870764592559e+00 2.222074002590171293e+00 7.811666899522756466e+03
1.543473233677765847e+03 3.493170660778545880e+03 1.949697427100780033e+03 2.328077352171842307e+00 1.422051005548129465e+00 4.195093633360545027e+03
4.332694974618410129e+02 2.250964695370056234e+03 1.817695197908215277e+03 1.938388519863861958e+00 1.028298958998867585e+00 2.970155359073903128e+03
3.638361247571760941e+02 2.163288131277940920e+03 1.799452006520764826e+03 1.849653152655372113e+00 1.250917037704327051e+00 2.856136143142409310e+03
3.354761844873384575e+02 2.131437099156667500e+03 1.795960914669328986e+03 1.476791770850946151e+00 1.039043511099231987e+00 2.796545430363206378e+03
3.389375111025527190e+02 2.142088123763911881e+03 1.803150612661359219e+03 1.088284564396160059e+00 1.214562906581844182e+00 2.843698965140857581e+03
3.419959317207741947e+02 2.135274874314073259e+03 1.793278942593299007e+03 1.153341960175290337e+00 1.471051149271805691e+00 2.834802064778175009e+03
3.387375441713490432e+02 2.128044292973292613e+03 1.789306748801943513e+03 1.091854307323195217e+00 9.622183708298215343e-01 2.741892151706717868e+03
3.380715196451972702e+02 2.135373851089945674e+03 1.797302331444748461e+03 1.421027525610606856e+00 1.003050903539911776e+00 2.821079472124609310e+03
3.369552285494972352e+02 2.124379731570140848e+03 1.787424503020643670e+03 1.300581866859107150e+00 1.440079620163835949e+00 2.769383446287619336e+03
3.405917842294120419e+02 2.140593599238557545e+03 1.800001815009145503e+03 1.312812396524135172e+00 1.224603570239015227e+00 2.850907055687994216e+03
3.622936238326256557e+02 2.160442903080626365e+03 1.798149279248000767e+03 1.553936399161727877e+00 1.307186784687117020e+00 2.833047546803118621e+03
4.558948247125915145e+02 2.258592964266314084e+03 1.802698139553722513e+03 1.656135679409512784e+00 1.172678755525708771e+00 2.944748966900026517e+03
1.131774100441024530e+03 2.996402430082557657e+03 1.864628329641533128e+03 2.447592799263971219e+00 1.712582460668050865e+00 3.752056738037089872e+03
2.968542596623712143e+03 5.257192878389398174e+03 2.288650281765686032e+03 2.449874752087089380e+00 2.565962013501714267e+00 6.061046177638250811e+03
5.168272996120299467e+03 8.836887705331322650e+03 3.668614709211023182e+03 2.548253915816256043e+00 2.997883967785911263e+00 9.734146478972394107e+03
6.273500588087305914e+03 1.159039080803676734e+04 5.316890219949461425e+03 2.377399140610338080e+00 -1.731253766723235055e+00 1.235471867982600270e+04
6.791840086813901507e+03 1.379282264184037922e+04 7.000982555026477712e+03 2.528531107303444880e+00 -1.913710360219509354e+00 1.453106716973504808e+04
6.875793887693840588e+03 1.445346070492716535e+04 7.577666817233324764e+03 2.489374109830995163e+00 -1.030055577958352009e+00 1.529640721412058701e+04
