5.250903536156639575e+02 3.036926512232412642e+04 2.984417476870846076e+04 2.443720084773735923e+00 -1.468521675688840178e+00 3.157667843477844144e+04
5.251750653975218484e+02 3.036567664232933384e+04 2.984050157693181245e+04 2.623521766157683732e+00 -1.480043108482174796e+00 3.146912131300630790e+04
5.251963118632502301e+02 3.036998009454094063e+04 2.984478378267768858e+04 2.481753452214960021e+00 -2.114115706328665745e+00 3.159810821950450918e+04
5.252029473376127271e+02 3.036557607335459761e+04 2.984037312601698432e+04 2.569219806055190514e+00 -1.480043108482198777e+00 3.146610697003079986e+04
5.251793329195699016e+02 3.036910844593551883e+04 2.984392911301594722e+04 2.439140137644196571e+00 -3.239184191603437402e+00 3.157198239040975386e+04
5.251846178167634207e+02 3.036749728517742915e+04 2.984231266736066755e+04 2.511966572711836321e+00 -3.239184191603525331e+00 3.152369126467984461e+04
5.251335015119624359e+02 3.036582291717842600e+04 2.984068941566646390e+04 2.524813757862519381e+00 -1.480043108482156811e+00 3.147350751579229836e+04
5.251751648947968079e+02 3.036319937057770949e+04 2.983802420568291200e+04 2.517986326456742141e+00 -1.480043108482181013e+00 3.139491561217233539e+04
5.251849774970683029e+02 3.036868353824951191e+04 2.984349856075244315e+04 2.469989440268689940e+00 -4.971815077773844571e-01 3.155968854421624201e+04
5.251635480386673862e+02 3.037054894299984517e+04 2.984538539496117664e+04 2.555696197106246625e+00 -2.114115706328661304e+00 3.162302737943039756e+04
6.897734402465202947e+03 1.797266100136926616e+04 1.107492659890406321e+04 2.438988783132584715e+00 9.815806786418358465e-01 1.889349078431284579e+04
4.307193344438172062e+03 7.348595172742573595e+03 3.041401828304401533e+03 2.331406818637411948e+00 2.406251135921876116e+00 8.165010221781771179e+03
1.327029546985540719e+03 3.238045673411467305e+03 1.911016126425926586e+03 2.307608176855370008e+00 1.383762896955385235e+00 3.928094500772918764e+03
4.547108403852215019e+02 2.257468487919778454e+03 1.802757647534557009e+03 1.939487711705691453e+00 1.282189957099544531e+00 2.921252248834803595e+03
3.774785675084364129e+02 2.173931342733392739e+03 1.796452775224956440e+03 1.710558139523485677e+00 1.046745938467471326e+00 2.814214022491693413e+03
3.558630460383861873e+02 2.153648770351748226e+03 1.797785724313362152e+03 1.513847849866481354e+00 8.118073411095675374e-01 2.830489235281511355e+03
3.403528402886761910e+02 2.143801929604941961e+03 1.803449089316265827e+03 1.461248999932090120e+00 9.539022368958023357e-01 2.841822367658475287e+03
3.386184846654878697e+02 2.134747568701809087e+03 1.796129084036321274e+03 1.157296166725906739e+00 1.007215327807166050e+00 2.813546270648863356e+03
3.405799221368086478e+02 2.130309927221236194e+03 1.789730005084427603e+03 1.416512032378584030e+00 1.075134202972267694e+00 2.777501984895730402e+03
3.376776661982705718e+02 2.124894813769212305e+03 1.787217147570941734e+03 1.210870214524002231e+00 1.357748868553379396e+00 2.750243737040290853e+03
3.366097621714465049e+02 2.123132215007610284e+03 1.786522452836163666e+03 1.138720917039225844e+00 1.311161798120395572e+00 2.756544961469719965e+03
3.380290747206040578e+02 2.129553111117667868e+03 1.791524036397063810e+03 1.063680468008392221e+00 1.077102581438375895e+00 2.775281036150184718e+03
3.391640966541420994e+02 2.138582142131593628e+03 1.799418045477451415e+03 1.199140814280484024e+00 1.109643444969341308e+00 2.836085470990255544e+03
6.432804924522439478e+02 2.471529954725853258e+03 1.828249462273609424e+03 1.901036583185275353e+00 1.185880862804012947e+00 3.221772482961197511e+03
1.243961786644917765e+03 3.123393585613635423e+03 1.879431798968717658e+03 1.982539650155975997e+00 1.517534600874217432e+00 3.871232628058436148e+03
2.633509829270081354e+03 4.805448190359320506e+03 2.171938361089239152e+03 2.282103833087428146e+00 2.400474299134451872e+00 5.573001171407847323e+03
5.109257674677988689e+03 8.704309015827157054e+03 3.595051341149168366e+03 2.365498769708805682e+00 2.630179909621307655e+00 9.547264987210854088e+03
6.557109819654812782e+03 1.257211745205161787e+04 6.015007632396805093e+03 2.459361635631709841e+00 -1.167971135963104201e+00 1.336877800736273821e+04
6.887205180144364022e+03 1.453448360541014335e+04 7.647278425265779333e+03 2.516077445264006229e+00 -1.228680118912178321e+00 1.531321702712877959e+04
6.963668499073186467e+03 1.544094149564354666e+04 8.477272996570360192e+03 2.553882551467623330e+00 -9.876595135252864699e-01 1.617790353660397886e+04
