5.251950159883041351e+02 3.036610330302354851e+04 2.984090828703524312e+04 2.552219631049494009e+00 -1.480043108482183234e+00 3.148190956772792924e+04
5.251744839633173569e+02 3.036786162648734899e+04 2.984268714252403151e+04 2.546403264119915466e+00 -1.673976768990293706e+01 3.153461160625041521e+04
5.251828731561731729e+02 3.036671298965208916e+04 2.984153011649591645e+04 2.509978176440683217e+00 -1.480043108482169245e+00 3.150018363893631977e+04
5.252422951462141327e+02 3.036749656058962137e+04 2.984225426544340735e+04 2.463675217844930376e+00 -1.480043108482181013e+00 3.152366952568304259e+04
5.251749672142799454e+02 3.036565857879768737e+04 2.984048361158340776e+04 2.581768789884421267e+00 -1.480043108482184344e+00 3.146857989676950820e+04
5.251604316865922328e+02 3.036844269959639860e+04 2.984328226790980625e+04 2.547790288155482141e+00 -3.124324001294797526e+01 3.155202806852134745e+04
5.251515850936466450e+02 3.036721032189694233e+04 2.984205873680329387e+04 2.481147491263160365e+00 -2.114115706328651090e+00 3.151509203413642899e+04
5.250455241964336892e+02 3.037316650845110416e+04 2.984812098425467047e+04 2.532856712980904756e+00 -2.114115706328660860e+00 3.169365929719775886e+04
5.251906736986460373e+02 3.036789223969455998e+04 2.984270156599591428e+04 2.501732659986708018e+00 -3.239184191603518226e+00 3.153596747268266336e+04
5.251489461914660524e+02 3.036774830651839511e+04 2.984259936032693076e+04 2.511791934061736953e+00 -2.652803830563069010e+00 3.153937086046623517e+04
6.928993611176702871e+03 1.776155555397603166e+04 1.083256194279932970e+04 2.749028458880716119e+00 1.635640206266553598e+00 1.864598016319246017e+04
4.383919077007857595e+03 7.468945504573472135e+03 3.085026427565614540e+03 2.512528406177112483e+00 2.376462271710447993e+00 8.271436808837759600e+03
1.462593929608625103e+03 3.391963972328827822e+03 1.929370042720202719e+03 2.752358774918201689e+00 1.448113375011950588e+00 4.097412714169559877e+03
4.160177078105677992e+02 2.215678885357535364e+03 1.799661177546967565e+03 1.773745251706722925e+00 1.207801414986683808e+00 2.890717388784953528e+03
3.382361233771370053e+02 2.133901946327441692e+03 1.795665822950304573e+03 1.286262153298736832e+00 1.007993303113933647e+00 2.800916619850150710e+03
3.374839009107157608e+02 2.132955483043223012e+03 1.795471582132507137e+03 1.430501597489466592e+00 1.133394714008091109e+00 2.796334670982783337e+03
3.379046911098540136e+02 2.117198929172721364e+03 1.779294238062867407e+03 1.151156348012120079e+00 1.331703141962951475e+00 2.732122107464515466e+03
3.389093857167455326e+02 2.133208025695058950e+03 1.794298639978313531e+03 1.142966713868244000e+00 1.278868450365127307e+00 2.812633358752952063e+03
3.401027198365938489e+02 2.137983113538530233e+03 1.797880393701936327e+03 1.122220056204701333e+00 1.243257749859901340e+00 2.818252115716975368e+03
3.395973624308023204e+02 2.137197776552948653e+03 1.797600414122146276e+03 1.435236450248702944e+00 1.279616412612278209e+00 2.804290972860666898e+03
3.408038494419972153e+02 2.136259027834094013e+03 1.795455178392096741e+03 1.222489410513827979e+00 1.243395335892119258e+00 2.816625725679955394e+03
3.371076160008535680e+02 2.131942740628581760e+03 1.794835124627728192e+03 1.262115556961450613e+00 1.089631366763387676e+00 2.812360201287126074e+03
3.692208276382123131e+02 2.166905247470867380e+03 1.797684419832655067e+03 1.079447739460883904e+00 1.053538498551562563e+00 2.861392763810084034e+03
4.969112428862327420e+02 2.298478379025371396e+03 1.801567136139138711e+03 1.964216953862632176e+00 1.343658453008102382e+00 2.971859845159783163e+03
1.155923250799272409e+03 3.015833729429873983e+03 1.859910478630601574e+03 2.205433490824092235e+00 1.840675029362596193e+00 3.774104696913776479e+03
2.685463333180641712e+03 4.874787867119724979e+03 2.189324533939083267e+03 2.347246060195140149e+00 2.540393719937526384e+00 5.681642721944667755e+03
5.211250144373690091e+03 8.921364173626743650e+03 3.710114029253053559e+03 2.530868554883163313e+00 3.005971484979408803e+00 9.807046951351750977e+03
6.297492966883743065e+03 1.166817815977565078e+04 5.370685192891907718e+03 2.466873600024223290e+00 -1.023506285758920775e+00 1.247101850303532774e+04
6.867530298167898763e+03 1.429328580317540582e+04 7.425755505007507054e+03 2.617411148222820838e+00 -1.739467624374524179e+00 1.498450157194262829e+04
6.953229380516209858e+03 1.524942986129029850e+04 8.296200480774088646e+03 2.451023710867643590e+00 -7.829763134080250930e-01 1.600873110927110429e+04
