5.252070892200511025e+02 3.036767465191834344e+04 2.984246756269829348e+04 2.503097192617392164e+00 -1.480043108482165692e+00 3.152900743776542731e+04
5.251891858450368318e+02 3.036348701373094082e+04 2.983829782788590455e+04 2.490653027300937516e+00 -4.457807885827259042e+01 3.140349181245568980e+04
5.251345619062683454e+02 3.036374777619383531e+04 2.983861321428756855e+04 2.545132246656776953e+00 -1.480043108482163250e+00 3.141130761748130681e+04
5.251915896600398810e+02 3.036733238750056989e+04 2.984214079784052956e+04 2.606914555932643207e+00 -1.480043108482137493e+00 3.151874878348725179e+04
5.251387887882990526e+02 3.036897487470233318e+04 2.984383608591403390e+04 2.510953186535491266e+00 -1.577650677154821501e+01 3.156797887432264542e+04
5.251630619295893894e+02 3.036720369398963521e+04 2.984204063206004503e+04 2.503893880963657281e+00 -2.114115706328672406e+00 3.151489148785387806e+04
5.251166214839016675e+02 3.036911660500429207e+04 2.984399998352038892e+04 2.424825010691736171e+00 -3.239184191603468932e+00 3.157222882321144061e+04
5.251833852112406475e+02 3.036426165916564059e+04 2.983907827395440108e+04 2.567457691641418904e+00 -3.239184191603474705e+00 3.142675531426633825e+04
5.251636893810167521e+02 3.035990521726683073e+04 2.983474152788581341e+04 2.491850259185206529e+00 -1.480043108482228531e+00 3.129657733621825173e+04
5.252086895242825904e+02 3.036833864218353483e+04 2.984312995265925201e+04 2.412655802102976477e+00 -1.480043108482198777e+00 3.155679731805809934e+04
6.914485968151913767e+03 1.790701414485335044e+04 1.099252817670143668e+04 2.418102250943690468e+00 1.983139509784305643e+00 1.883872463407020405e+04
4.219405747542994504e+03 7.189319673030839112e+03 2.969913925487844608e+03 2.676784880505358455e+00 2.248427601693939959e+00 7.962486438059069769e+03
1.391423189218472771e+03 3.307160974437347704e+03 1.915737785218874933e+03 2.508211333071618920e+00 1.391702063460097394e+00 3.949708103008978014e+03
5.354826688819925948e+02 2.348640189196721167e+03 1.813157520314728572e+03 2.088553671019624858e+00 1.157404839992775436e+00 3.044031903835427784e+03
3.678284209478375715e+02 2.160199045830177056e+03 1.792370624882339598e+03 1.676452843514013580e+00 1.083844549243076827e+00 2.810606759736000186e+03
3.395699355929223771e+02 2.139677311529168946e+03 1.800107375936246626e+03 1.391938666868365759e+00 7.717974981012493130e-01 2.796631275906212522e+03
3.403031955871954324e+02 2.136769798562076630e+03 1.796466602974881198e+03 1.220515203774952928e+00 1.027547291912770833e+00 2.804393619018343088e+03
3.387011958731874302e+02 2.142502707779361117e+03 1.803801511906173801e+03 1.242132161617422126e+00 9.606020058716028265e-01 2.851567802336939621e+03
3.380039531903931902e+02 2.142299111005630493e+03 1.804295157815237417e+03 1.473758091044806484e+00 9.676593248170552997e-01 2.840530260359020303e+03
3.375040268634728022e+02 2.125800271177772174e+03 1.788296244314299429e+03 1.594664344778737863e+00 1.499320296637934868e+00 2.762681407512419810e+03
3.402912871568158266e+02 2.141983275024119848e+03 1.801691987867304078e+03 1.207146397116777736e+00 1.006237242462497017e+00 2.834162026670743671e+03
3.391209652796596856e+02 2.143072798079493623e+03 1.803951832799833937e+03 1.448833847121820950e+00 7.052883834986974909e-01 2.793968265300541589e+03
3.667809728148327508e+02 2.166415524877902044e+03 1.799634552063069350e+03 1.111221014981254696e+00 1.219628267295758794e+00 2.834365054346139004e+03
4.197341373671931706e+02 2.227123155274045985e+03 1.807389017906852814e+03 2.103156252770203238e+00 1.064500440709086115e+00 2.897581574183035627e+03
1.156779054378410137e+03 3.020829418993208947e+03 1.864050364614798809e+03 2.350668057351823936e+00 1.601681368811140205e+00 3.770519823169156098e+03
3.064216984404229606e+03 5.397378580756025258e+03 2.333161596351795652e+03 2.307664832558151247e+00 2.597268129927624347e+00 6.291116707312970902e+03
4.852241236329447929e+03 8.218665426116616800e+03 3.366424189787168871e+03 2.524353311658304122e+00 3.071448468699097045e+00 9.113600052248599241e+03
6.418681976097525876e+03 1.204546530763432384e+04 5.626783331536797959e+03 2.513538960320842008e+00 -3.322233739021072108e-01 1.281469516340363043e+04
6.897676089198358568e+03 1.450600067246168874e+04 7.608324583263330169e+03 2.503793492421989786e+00 -8.492392160412421953e-01 1.528720056461751847e+04
6.911721314545256973e+03 1.487115996962402460e+04 7.959438655078767624e+03 2.473812616283464827e+00 -1.181977111954607196e+00 1.562413932479768118e+04
