5.251212480000415326e+02 3.036738790988528854e+04 2.984226666188524541e+04 2.467254587571587887e+00 -3.239184191603476037e+00 3.152041294990256210e+04
5.251746439206153809e+02 3.036477748848584088e+04 2.983960284456522641e+04 2.443409279284281421e+00 -1.480043108482216097e+00 3.144217107235439471e+04
5.251168882707720513e+02 3.036488077306335981e+04 2.983976388479258821e+04 2.478117041149757949e+00 -1.480043108482179903e+00 3.144526680979639423e+04
5.251966066177744779e+02 3.036484644425212900e+04 2.983964983763435521e+04 2.557148920390560409e+00 -1.480043108482199221e+00 3.144423787606125552e+04
5.251447534216487156e+02 3.036667029843378623e+04 2.984152554501213672e+04 2.461780161524302013e+00 -1.480043108482161918e+00 3.149890405971974542e+04
5.251118200115383843e+02 3.036374395861991798e+04 2.983863213860838005e+04 2.401008674628132500e+00 -2.114115706328667077e+00 3.141119321462893640e+04
5.251006988792527181e+02 3.036692006469552871e+04 2.984181936581627451e+04 2.512048857737875007e+00 -2.114115706328663524e+00 3.150639217985783034e+04
5.251989653923766355e+02 3.036427108907702859e+04 2.983907212368465116e+04 2.591210101900311980e+00 -1.480043108482197001e+00 3.142703745385770526e+04
5.251600785096117079e+02 3.036775570923537816e+04 2.984259563072576566e+04 2.488849437063766157e+00 1.445498828045656436e+00 3.153188062482134410e+04
5.251827919638941466e+02 3.036527806966151184e+04 2.984009527769761917e+04 2.577259435161197931e+00 -4.645050327568875304e+01 3.146533339699837961e+04
6.884406304776380239e+03 1.812304429935129156e+04 1.123863799457491041e+04 2.568938920152373573e+00 1.761081484649823503e+00 1.912820226321760492e+04
4.364557204176392588e+03 7.436796158218686287e+03 3.072238954042293699e+03 2.379121398415158684e+00 2.392404418525962750e+00 8.185290607320312120e+03
1.512288362882496813e+03 3.458632058154048082e+03 1.946343695271551269e+03 2.650171214925815644e+00 1.620013628935816241e+00 4.184575276216662132e+03
5.085208676534439292e+02 2.314720768001540819e+03 1.806199900348096890e+03 2.120279945541445166e+00 1.099990131773391999e+00 3.007013297108620918e+03
3.671923112063994949e+02 2.170162161352670864e+03 1.802969850146271256e+03 1.775314183166012194e+00 8.985336939475597751e-01 2.875641846004738454e+03
3.379691872972897499e+02 2.131048959665233269e+03 1.793079772367943406e+03 1.272590174799673735e+00 1.307134483556494198e+00 2.813093389081873738e+03
3.404860310655068361e+02 2.137619329872563412e+03 1.797133298807056690e+03 1.464666797954929933e+00 1.079467522884205222e+00 2.810731065107848281e+03
3.395925234051503026e+02 2.139967067899969607e+03 1.800374544494819247e+03 1.111036363953929795e+00 1.181712868587777798e+00 2.826180809174509250e+03
3.413186527632222464e+02 2.145597225947361039e+03 1.804278573184138850e+03 1.600532427364321109e+00 1.022126159754800812e+00 2.818119974094110603e+03
3.381858098099297649e+02 2.132060706154589752e+03 1.793874896344660101e+03 1.280164314626675237e+00 1.002957511763727716e+00 2.774352319667501433e+03
3.418501912762227448e+02 2.145681551540196324e+03 1.803831360263973693e+03 1.202193055848852721e+00 9.550663451953896876e-01 2.850798605366748689e+03
3.666010728268798857e+02 2.159373501127193322e+03 1.792772428300313550e+03 1.642333032765420198e+00 1.523760740886049847e+00 2.829943989102445812e+03
3.559974755271264257e+02 2.157120532454136992e+03 1.801123056927010566e+03 1.642900166943150220e+00 1.359636984652897063e+00 2.865518186646940194e+03
5.337404548553188306e+02 2.331900215778372512e+03 1.798159760923053682e+03 2.054694512845983478e+00 1.137142349350242387e+00 2.986334265385311937e+03
1.378478090607463855e+03 3.278750862453661739e+03 1.900272771846197884e+03 2.147926347419447879e+00 1.836518034330208549e+00 4.102340608889883697e+03
2.824612345158573589e+03 5.064133616016036285e+03 2.239521270857462696e+03 2.536361306637924695e+00 2.499327699212439580e+00 5.875265228082343128e+03
5.323092505133005034e+03 9.140016271848428005e+03 3.816923766715422971e+03 2.454057291961562637e+00 2.762639716990283656e+00 1.003444214684024155e+04
6.499460921876452630e+03 1.237343440112001008e+04 5.873973479243557449e+03 2.412659694902405505e+00 -2.288022075682300649e+00 1.322706902051028555e+04
6.808040129041387445e+03 1.384493361038020885e+04 7.036893481338821402e+03 2.462602345441959883e+00 -8.824852812424119897e-01 1.453785581593495772e+04
6.941160219069014602e+03 1.501541504512896245e+04 8.074254826059947845e+03 2.612149524855900129e+00 -7.830961767275148588e-01 1.579220148999061894e+04
