5.251409456049822211e+02 3.036398536292947028e+04 2.983884441732448977e+04 2.659543626781207593e+00 -1.480043108482189451e+00 3.141842877894666162e+04
5.252197098107326383e+02 3.036926762355742903e+04 2.984404791374669730e+04 2.565587464874770962e+00 -2.989761416405825756e+01 3.157675340397378750e+04
5.251829717504364226e+02 3.036426793704704323e+04 2.983908496529660624e+04 2.584823158601001314e+00 -1.480043108482187231e+00 3.142689834233222064e+04
5.251486410109938561e+02 3.036776053236136431e+04 2.984261189135037057e+04 2.633645723649539860e+00 -1.480043108482189451e+00 3.153158152297455672e+04
5.251469713544996694e+02 3.036647185424265626e+04 2.984132488288815512e+04 2.426411694536020125e+00 7.999047974058096644e-01 3.149295611349561659e+04
5.251260687114373695e+02 3.036167964461286465e+04 2.983655357590142739e+04 2.527074949802867732e+00 -1.480043108482224090e+00 3.134931975470095131e+04
5.251711170576882068e+02 3.036795151376297144e+04 2.984278039670528233e+04 2.816146233694713175e+00 -2.062582991924802212e+00 3.153730769632638112e+04
5.251821320308681607e+02 3.036841503933313288e+04 2.984323290730226290e+04 2.479408081623693860e+00 7.999047974057781341e-01 3.155124421394384262e+04
5.251702097351686689e+02 3.037012441185176431e+04 2.984495420211659439e+04 2.558639559287204879e+00 -2.114115706328663524e+00 3.160287466703530663e+04
5.251528667865596844e+02 3.036816021549264406e+04 2.984300734870608358e+04 2.653099614067184309e+00 -2.114115706328651090e+00 3.155173325666846358e+04
6.955846890886612528e+03 1.725122755429603421e+04 1.029538066340942169e+04 2.462081669552618646e+00 2.122585429172004101e+00 1.818219973514551748e+04
3.936913482782696065e+03 6.725745407567098482e+03 2.788831924784402418e+03 2.319917890221487866e+00 2.314283648363302248e+00 7.482124790368105096e+03
1.317760394300617236e+03 3.224143504273193230e+03 1.906383109972575994e+03 2.291595005989557787e+00 1.506399800589163007e+00 3.924487098660231368e+03
4.077505528165843316e+02 2.208954162019597788e+03 1.801203609203013457e+03 2.095935082591853682e+00 1.148536167467485880e+00 2.911967535139319352e+03
3.672253871468367379e+02 2.170883249326266650e+03 1.803657862179429912e+03 1.822709217993203401e+00 1.047320950802627770e+00 2.865249252917414196e+03
3.392743052188263846e+02 2.132536974521553930e+03 1.793262669302727545e+03 1.122333651803559595e+00 1.176805101398531894e+00 2.815881715398790220e+03
3.365169562194185460e+02 2.128591787126048075e+03 1.792074830906629586e+03 1.155294082564269909e+00 1.254414040163939870e+00 2.791152759501950641e+03
3.400729122337277772e+02 2.145349572179043207e+03 1.805276659945315487e+03 1.180590438864049352e+00 1.513090842457681218e+00 2.894545209448351216e+03
3.415062782812553905e+02 2.142664832328075590e+03 1.801158554046820200e+03 1.383220219737766321e+00 1.119071659273059183e+00 2.814361123546706494e+03
3.393201469912253856e+02 2.130833773582816320e+03 1.791513626591590992e+03 1.236639207341895697e+00 1.428596548576186009e+00 2.778916260108645019e+03
3.416588958943790431e+02 2.143942166789192470e+03 1.802283270894813541e+03 1.028621281659928721e+00 9.805312164814635745e-01 2.814388904983872635e+03
3.392355964780518320e+02 2.132293038018638981e+03 1.793057441540587206e+03 1.867336498017121871e+00 1.237257892976482587e+00 2.796957782294254685e+03
3.756182312659450417e+02 2.173967388421759551e+03 1.798349157155814510e+03 1.333582788219185078e+00 1.449713983171757148e+00 2.865927753154921902e+03
5.632527069708280578e+02 2.371215025743194474e+03 1.807962318772366416e+03 1.775992942382133677e+00 1.246850668812627738e+00 3.080289882148274046e+03
1.218843129804532964e+03 3.107618491681715568e+03 1.888775361877182604e+03 2.323496239702964150e+00 1.415877499537358419e+00 3.869644927840684886e+03
2.568929023282383696e+03 4.713099367579210593e+03 2.144170344296826897e+03 2.316943872527725379e+00 2.509262572897978050e+00 5.525031690710682597e+03
4.948003798663238740e+03 8.387689346122340794e+03 3.439685547459102054e+03 2.360870532706855318e+00 2.955216678129600982e+00 9.133695730185769207e+03
6.485600921174286668e+03 1.231149137691261421e+04 5.825890455738327546e+03 2.561547135108842799e+00 -3.698546929642410053e-01 1.307648903655802860e+04
6.870935928073607101e+03 1.432477214498847388e+04 7.453836216914866782e+03 2.545700161178796606e+00 -1.772301002601716080e+00 1.507625047000942322e+04
6.900620230433300094e+03 1.474994344311013992e+04 7.849323212676839830e+03 2.501933268314188830e+00 -1.467757468485129779e+00 1.556536694455237011e+04
