5.252008662274577091e+02 3.036585346094529450e+04 2.984065259471783793e+04 2.529326327358165205e+00 -3.124324001294797881e+01 3.147442107820813180e+04
5.251725716335593006e+02 3.036374128194935474e+04 2.983856871031579431e+04 2.519935729590194295e+00 -1.480043108482197001e+00 3.141111296619635323e+04
5.251038185919449006e+02 3.036972829011021895e+04 2.984462447151827291e+04 2.501836281094879766e+00 7.999047974057922339e-01 3.159056091260714675e+04
5.252103336012987711e+02 3.036614180480184950e+04 2.984093147120055073e+04 2.508309349001823563e+00 -1.480043108482174796e+00 3.148306357735545680e+04
5.251170582138039435e+02 3.037138258221188516e+04 2.984626552399808133e+04 2.631744362911267565e+00 -1.748981334675282184e+01 3.164014483042856591e+04
5.252507332618665714e+02 3.036533478831610046e+04 2.984008405505423434e+04 2.545790499938723972e+00 -1.480043108482186343e+00 3.145887498066718035e+04
5.251496940963270390e+02 3.036624368309471174e+04 2.984109398899838561e+04 2.535616477120345991e+00 -2.114115706328653310e+00 3.148611908135869089e+04
5.251292131689459666e+02 3.037002716101759870e+04 2.984489794784865444e+04 2.512770121176718607e+00 -2.066423469522645107e+00 3.159956394706805804e+04
5.252152655981666385e+02 3.036486528328317945e+04 2.983965001768501315e+04 2.598630579158272447e+00 -1.480043108482191672e+00 3.144524004253755629e+04
5.252134681575855666e+02 3.036459616112205913e+04 2.983938269296447470e+04 2.673634672953486113e+00 -2.114115706328661304e+00 3.144455920753955070e+04
6.921438072051939344e+03 1.785634327187931194e+04 1.093490519982737169e+04 2.465214732208547144e+00 1.334454203315470933e+00 1.876607547108553263e+04
4.455482805984801416e+03 7.571167473728980440e+03 3.115684667744179023e+03 2.410032093810797083e+00 2.522155815466034845e+00 8.344285058026647675e+03
1.292516799709477709e+03 3.200868087610398106e+03 1.908351287900920397e+03 2.130311445597222519e+00 1.465477522520056253e+00 3.937186242189029144e+03
4.971782099549052987e+02 2.313996767108425047e+03 1.816818557153519805e+03 1.915032106857512462e+00 8.972848911732422827e-01 3.010119998926516928e+03
3.542400114915163840e+02 2.147079292218708815e+03 1.792839280727192545e+03 1.429553319825272562e+00 1.211455901607645824e+00 2.829011764838619911e+03
3.362441109953830392e+02 2.129158696843331199e+03 1.792914585847948274e+03 1.131094225689564192e+00 1.484554228343542448e+00 2.812299413530440233e+03
3.433210481438579222e+02 2.141425377896343889e+03 1.798104329752485910e+03 1.359069407133273399e+00 9.460829731309413626e-01 2.800628478759228983e+03
3.373252181954724165e+02 2.129063801069761666e+03 1.791738582874289250e+03 1.152325604321094543e+00 1.305007520089456863e+00 2.820066046557486516e+03
3.399569135799447395e+02 2.138338858386618085e+03 1.798381944806673346e+03 1.202379574055736811e+00 1.248123333968745641e+00 2.831623863012905076e+03
3.383213057487878359e+02 2.137470229266558363e+03 1.799148923517770527e+03 1.473274206780291529e+00 1.010432108218638936e+00 2.821798862437764001e+03
3.417323369239045405e+02 2.143687242280686860e+03 1.801954905356782319e+03 1.221254686487745156e+00 8.613507355755117834e-01 2.850240984265839870e+03
3.388190387206217338e+02 2.143037344358056544e+03 1.804218305637434696e+03 1.433847235308608248e+00 1.219192691979724463e+00 2.844695251926553283e+03
3.672660109483594510e+02 2.175337011246497241e+03 1.808071000298137733e+03 1.568730050586565783e+00 8.802583153204778244e-01 2.858506140479854366e+03
5.090358185756661555e+02 2.315591551225148578e+03 1.806555732649482479e+03 1.909945871492016556e+00 1.227646942246280348e+00 3.014466321031079588e+03
1.254055980885098506e+03 3.140973891754829310e+03 1.886917910869730804e+03 2.195369058151596331e+00 1.596997604310973484e+00 3.924564763438986574e+03
2.729889300917016499e+03 4.936156797025823835e+03 2.206267496108807336e+03 2.329903901240329755e+00 2.473539112311625487e+00 5.776572335163081334e+03
4.951986885767441890e+03 8.409105131156151401e+03 3.457118245388709511e+03 2.349305767847149173e+00 3.000509103220009077e+00 9.255957658415718470e+03
6.454515004509212304e+03 1.219374474248115985e+04 5.739229737971947543e+03 2.444894808909062078e+00 -6.018924270655341413e-01 1.301254061266923236e+04
6.804990077263364583e+03 1.396126471055858383e+04 7.156274633295219246e+03 2.502989278679197849e+00 -7.103652251098676595e-01 1.474958720803870347e+04
6.953287188192462054e+03 1.518755740095341753e+04 8.234270212760955474e+03 2.358715207178149864e+00 -8.322940528916594749e-01 1.591496456582361498e+04
