5.251723641269691143e+02 3.036981555359806589e+04 2.984464318947109859e+04 2.385857357229680620e+00 -2.114115706328663524e+00 3.159317645166846341e+04
5.251228560529111746e+02 3.036799277980747502e+04 2.984286992375456248e+04 2.404894958106895686e+00 -4.971815077773713565e-01 3.153854265048957677e+04
5.251695245870362214e+02 3.036761547862972293e+04 2.984244595404268694e+04 2.559957017896727915e+00 -2.114115706328652866e+00 3.152723384320526020e+04
5.251153199717206235e+02 3.036891277413857824e+04 2.984379745416685910e+04 2.531529224790792565e+00 -3.239184191603452945e+00 3.156611754082137122e+04
5.251865134631549381e+02 3.036942229626305925e+04 2.984423578279990397e+04 2.435896298891625289e+00 -2.114115706328661304e+00 3.158138939224411661e+04
5.251540846383396683e+02 3.036438247186933222e+04 2.983922838723099267e+04 2.494739524991377966e+00 -1.480043108482167469e+00 3.143033130307249667e+04
5.252259364039849743e+02 3.037260637437711193e+04 2.984738043797312639e+04 2.396679923418991276e+00 -2.985912175825161441e+01 3.167682732621656396e+04
5.251922465602991679e+02 3.036632612594178499e+04 2.984113387938148662e+04 2.578297282675844126e+00 -1.480043108482177461e+00 3.148863308716820757e+04
5.252174022298938780e+02 3.036926725187863121e+04 2.984404984964873802e+04 2.609191521972794359e+00 -2.114115706328675071e+00 3.157718405688886196e+04
5.251621105994013305e+02 3.036517930148513915e+04 2.984001719088573736e+04 2.473042337325952023e+00 7.999047974058038912e-01 3.146249189797003419e+04
6.939678360051818345e+03 1.762388962442258708e+04 1.068421126437076964e+04 2.407836322531377249e+00 1.935019349209618822e+00 1.856008433519589016e+04
4.161972350613677008e+03 7.068165660753092197e+03 2.906193310139415189e+03 2.473556897823784961e+00 2.707479811813723547e+00 7.844790836005237907e+03
1.354871580682378180e+03 3.260449772368585855e+03 1.905578191686207674e+03 2.319455379180825894e+00 1.505360568830662826e+00 3.949621939085587201e+03
5.070946869390893994e+02 2.312808551663561047e+03 1.805713864724471705e+03 2.184872426980574378e+00 1.235929307680500244e+00 2.981307973384192337e+03
3.515615808989450102e+02 2.141020164451258097e+03 1.789458583552313030e+03 1.821387440713461148e+00 1.317886889746397339e+00 2.786321055657590932e+03
3.413057982943548723e+02 2.137784936886650485e+03 1.796479138592295612e+03 1.119058538538968639e+00 1.135805964263245871e+00 2.828483992370647229e+03
3.385450842123837560e+02 2.126511071494021962e+03 1.787965987281638263e+03 1.096708592928559378e+00 1.481586650504477687e+00 2.779990442677686588e+03
3.399371453295763104e+02 2.147191942770904916e+03 1.807254797441328719e+03 1.269630478405489704e+00 9.018573591676268819e-01 2.830831730604209042e+03
3.399822790692694525e+02 2.134141980905921628e+03 1.794159701836652175e+03 1.390664753816471588e+00 1.435549586621058138e+00 2.821120016045117154e+03
3.363425007706103429e+02 2.128621930326735310e+03 1.792279429556125024e+03 1.143103246755993618e+00 1.339789071725748570e+00 2.769380786234045445e+03
3.375847226097144471e+02 2.127713363486579510e+03 1.790128640876865120e+03 1.118751489532459731e+00 1.491084567769160429e+00 2.778093599653151614e+03
3.361516872364834967e+02 2.130942767240418107e+03 1.794791080003934667e+03 1.218245195243886192e+00 1.130695734374410177e+00 2.774337311538550239e+03
3.799009081028307264e+02 2.181077291460687775e+03 1.801176383357857048e+03 1.700239049223428944e+00 1.129481975979822028e+00 2.860256777608061384e+03
5.625513916374429755e+02 2.376129288267213269e+03 1.813577896629770294e+03 1.862086351163877884e+00 1.096638020747513265e+00 3.091400424089688386e+03
1.267965945106484014e+03 3.148929903295667827e+03 1.880963958189183813e+03 2.256637488825905979e+00 1.779752319377317704e+00 3.915980595314501898e+03
2.971400483022659955e+03 5.264654121493903403e+03 2.293253638471243448e+03 2.487363339100776560e+00 2.556341335696740824e+00 6.117456147224677807e+03
5.204940552501813727e+03 8.890610759187728036e+03 3.685670206685914309e+03 2.594505103255740242e+00 3.085089947991209502e+00 9.719016259328600427e+03
6.571769573864390622e+03 1.261181004503912118e+04 6.040040471174730556e+03 2.755410345763229518e+00 -4.535038782251785139e-01 1.343188605909352373e+04
6.840912686241745178e+03 1.413270102088590465e+04 7.291788334644159477e+03 2.555290371980873942e+00 -9.570770327815981693e-01 1.484959124042112308e+04
6.883164687179277280e+03 1.439349552432106793e+04 7.510330837141790653e+03 2.441403263288159042e+00 -1.625362781739455142e+00 1.516600704187518568e+04
