5.252310234577929577e+02 3.036367137010429360e+04 2.983844034664650098e+04 2.484296599920039927e+00 -1.480043108482192338e+00 3.140901750604639165e+04
5.251867193031383749e+02 3.036446988776786748e+04 2.983928316846472808e+04 2.468399567583084320e+00 -1.480043108482139269e+00 3.143295138938816672e+04
5.251667221133047860e+02 3.037009292431849099e+04 2.984492620220518438e+04 2.461991688620916108e+00 -2.114115706328651090e+00 3.160149005419664172e+04
5.251950769578339759e+02 3.036936473244814988e+04 2.984416965549031738e+04 2.584593097888429725e+00 7.999047974057648114e-01 3.157966403822552456e+04
5.252298702819231266e+02 3.036626130962108073e+04 2.984103143933915635e+04 2.670897555079735142e+00 -1.480043108482198777e+00 3.148664548238478528e+04
5.252142647469197527e+02 3.036821245317671855e+04 2.984299818842979948e+04 2.537739232924650423e+00 -2.114115706328663524e+00 3.154512691740993978e+04
5.251822585208226428e+02 3.036324887764224331e+04 2.983806661912142226e+04 2.571730464756431189e+00 -4.452143719112515186e+01 3.139635609206026129e+04
5.251881021011042776e+02 3.036410944391231533e+04 2.983892134181121219e+04 2.504314901778514457e+00 -1.480043108482134606e+00 3.142219304342716714e+04
5.251712224381629994e+02 3.036431947321637927e+04 2.983914825077821661e+04 2.608963351208843484e+00 -1.480043108482181013e+00 3.142888336300665469e+04
5.251788887547305649e+02 3.036828318995399241e+04 2.984310430119926241e+04 2.567815331783994015e+00 -2.114115706328662636e+00 3.155567573993229598e+04
6.880129394119619064e+03 1.812162133221517433e+04 1.124149193809555436e+04 2.447370021673622720e+00 1.599466724567383702e+00 1.907085610393860043e+04
4.186845578584485338e+03 7.126809799706766171e+03 2.939964221122280833e+03 2.426401376528631193e+00 2.342668135205140612e+00 7.899441847709372269e+03
1.269850290489554027e+03 3.168477163063158514e+03 1.898626872573604487e+03 2.166305012537340868e+00 1.527783514813868537e+00 3.871812600010445749e+03
4.197543337248566786e+02 2.227298554594593497e+03 1.807544220869736819e+03 2.136392692807456140e+00 1.167716675050703978e+00 2.911560370427725957e+03
3.655700103260442120e+02 2.162140742420029710e+03 1.796570732093985498e+03 1.484720881603628584e+00 1.192222000651055769e+00 2.846719653309402020e+03
3.504864550995808941e+02 2.141459598195121998e+03 1.790973143095541218e+03 1.758792630927705547e+00 1.507759360995913900e+00 2.813987955334603612e+03
3.403500024914954452e+02 2.136346276881205995e+03 1.795996274389710607e+03 1.440963020523607474e+00 1.286887504014973205e+00 2.817289810146542095e+03
3.381674148368526289e+02 2.132128048689402021e+03 1.793960633852549336e+03 1.357784270980905150e+00 1.405808789884810395e+00 2.835567801094737206e+03
3.414941739498741526e+02 2.139580910930958453e+03 1.798086736981084414e+03 1.187922796795610303e+00 1.136500349102850693e+00 2.798318816520841665e+03
3.419929768489510593e+02 2.146769506592098423e+03 1.804776529743147421e+03 1.023493967442699715e+00 8.973038250465720234e-01 2.853712522921099207e+03
3.376723278205952283e+02 2.135449848948651379e+03 1.797777521128056151e+03 1.068610853330544064e+00 9.539290325305603835e-01 2.806509705291272894e+03
3.514608247491639759e+02 2.142914851061427271e+03 1.791454026312263295e+03 1.138212331184484949e+00 1.145607812508610657e+00 2.793633266872614968e+03
3.533595144821326812e+02 2.149200039861453206e+03 1.795840525379320525e+03 1.653531128471281919e+00 1.169256887222216656e+00 2.839320695088738830e+03
5.482289822355764954e+02 2.366814484164145142e+03 1.818585501928568647e+03 2.041133069316972914e+00 1.216923273287825014e+00 3.077283099192619829e+03
1.220507106528011036e+03 3.098563022725135852e+03 1.878055916197124816e+03 2.381759831359798074e+00 1.669984469283398054e+00 3.873619240463110600e+03
2.920603806409738809e+03 5.194790389202189544e+03 2.274186582792450736e+03 2.476653548518371384e+00 2.488724787693844309e+00 6.052241338811403693e+03
5.166422377368044181e+03 8.820720919484781916e+03 3.654298542116737735e+03 2.398152202295891655e+00 2.616870117936017426e+00 9.631476622496824348e+03
6.431382505331491302e+03 1.211364762247677936e+04 5.682265117145288059e+03 2.559978974628597470e+00 -6.247926101561495082e-01 1.294676101556749563e+04
6.893126683431628408e+03 1.451842530043407714e+04 7.625298617002448736e+03 2.401635563690054376e+00 -1.363297235974942678e+00 1.530133207909195880e+04
6.961875275068707197e+03 1.531272534924200227e+04 8.350850074173295070e+03 2.438068991688270959e+00 -1.344831742964804677e+00 1.612440911429865082e+04
