5.252109798502283411e+02 3.037166011371712011e+04 2.984644913386689223e+04 2.568650010382103943e+00 -2.114115706328663524e+00 3.164846325210157738e+04
5.251531833472652124e+02 3.036511678045025474e+04 2.983996359710298930e+04 2.488548419780119314e+00 1.445498828045627349e+00 3.145234063361248263e+04
5.251948720357800084e+02 3.036498518312578381e+04 2.983979031109000425e+04 2.560575313137517295e+00 -1.480043108482173020e+00 3.144839628127657852e+04
5.251170643515038137e+02 3.036466660523456449e+04 2.983954954088306113e+04 2.444243846840249201e+00 -4.436943409768009161e+01 3.143884758068630254e+04
5.252098004280267105e+02 3.036687929796264143e+04 2.984166949753461449e+04 2.463138562470640114e+00 -1.480043108482187231e+00 3.150516837993498484e+04
5.251107814903600683e+02 3.036626011154321532e+04 2.984114933005285639e+04 2.468658259561982149e+00 -2.114115706328670186e+00 3.148660959321439805e+04
5.251853333850021954e+02 3.036812405309990572e+04 2.984293871971490444e+04 2.502927433794770895e+00 -4.594922802969017539e+01 3.154247919124424516e+04
5.251809333782578051e+02 3.036542612688304143e+04 2.984024519350478295e+04 2.463595007876322018e+00 -4.419742904867886324e+01 3.146165791054282818e+04
5.251266960691330041e+02 3.036610989352669276e+04 2.984098319745756089e+04 2.494996852247528096e+00 -4.457807885827258332e+01 3.148254792988173722e+04
5.251415408710765860e+02 3.036949408146320638e+04 2.984435254059212821e+04 2.447766543705608644e+00 -4.488400727050986916e+01 3.159177845202630851e+04
6.923176757488098701e+03 1.772554529110570002e+04 1.080236853361760222e+04 2.602019596419920422e+00 1.893787947149156992e+00 1.866137991788954605e+04
4.251938292220599578e+03 7.250242654973261779e+03 2.998304362752662200e+03 2.339630331446694189e+00 2.255789117704519064e+00 8.075965963382294831e+03
1.536364964023244966e+03 3.475013977741230974e+03 1.938649013717986008e+03 2.111680861845800283e+00 1.753965014953110746e+00 4.211827213492238116e+03
4.220075941930543308e+02 2.223521760339408047e+03 1.801514166146353773e+03 2.491760790537472126e+00 1.215312176022400159e+00 2.882454113083756511e+03
3.545779846479686057e+02 2.161026905351606729e+03 1.806448920703638123e+03 1.804609395813484340e+00 1.161681966197628313e+00 2.879618304284846545e+03
3.422187439284937795e+02 2.136085849986031462e+03 1.793867106057537740e+03 1.356653753023999931e+00 9.564583536529948082e-01 2.806111342030182186e+03
3.426755701827398752e+02 2.140391073704410701e+03 1.797715503521670826e+03 1.464446492646038100e+00 1.533118657527686723e+00 2.848711102472784660e+03
3.373281169532771742e+02 2.132834439438410755e+03 1.795506322485133524e+03 1.294327954595946517e+00 1.069609636548159104e+00 2.805146759388704140e+03
3.387544093803522856e+02 2.133594276776993411e+03 1.794839867396641239e+03 1.208497444143856070e+00 1.281118360541652734e+00 2.835056043353210043e+03
3.446077742778936113e+02 2.148000041318116928e+03 1.803392267040223260e+03 1.443691572718800886e+00 1.067879579260075040e+00 2.840079530715772307e+03
3.403430137982523433e+02 2.147085575811797753e+03 1.806742562013545466e+03 1.287352280377309643e+00 7.855673215306557822e-01 2.822925323542020124e+03
3.533991589569120606e+02 2.151197481704108668e+03 1.797798322747196607e+03 1.410242127627570952e+00 9.385070070282613974e-01 2.860183333305576980e+03
3.791720892853431906e+02 2.190267780557599053e+03 1.811095691272255863e+03 1.327025084609508410e+00 1.081084424732994487e+00 2.898338370192194361e+03
4.675572976345327447e+02 2.261574304941587343e+03 1.794017007307054655e+03 1.742618107695814489e+00 1.250213667790613492e+00 2.906840628786025718e+03
1.217602885702080357e+03 3.095528103349411140e+03 1.877925217647330783e+03 2.134825850157967331e+00 1.711878635173564867e+00 3.847149058498119757e+03
2.781817419258306018e+03 5.002800073825402251e+03 2.220982654567096233e+03 2.275952137211484594e+00 2.621119361151686977e+00 5.763931762720897495e+03
5.132121967884817423e+03 8.747538471208465126e+03 3.615416503323647703e+03 2.426049434680770833e+00 3.113529441717326041e+00 9.634028310637042523e+03
6.372227764764312269e+03 1.190692585399064410e+04 5.534698089226331831e+03 2.391638090891396118e+00 -1.238077259033383060e+00 1.267911507845053893e+04
6.801335508843157186e+03 1.379715140491785314e+04 6.995815896074695956e+03 2.406795190293144149e+00 -1.753910289564888147e+00 1.463687394027865048e+04
6.929889686173520204e+03 1.485105345056356236e+04 7.921163764390042161e+03 2.404665837437321319e+00 -7.475478235086585599e-01 1.567928336805709841e+04
