5.251314420764101669e+02 3.036633725727401543e+04 2.984120581519760526e+04 2.534175087276576033e+00 -3.239184191603435625e+00 3.148892185311100548e+04
5.251966191991065216e+02 3.037058655745437864e+04 2.984538993825527359e+04 2.726382609300332049e+00 -1.898917696115382414e+00 3.161628566664961545e+04
5.251787377896395128e+02 3.036456950598645562e+04 2.983939076819681577e+04 2.419423154151115085e+00 -1.480043108482156811e+00 3.143593723545247121e+04
5.252204625651993410e+02 3.036712802415735860e+04 2.984190756159216107e+04 2.657551786832077045e+00 -2.058742514327045470e+00 3.151262342315911519e+04
5.251883992384148314e+02 3.036686517419721349e+04 2.984167677495879980e+04 2.475615606825510184e+00 -1.480043108482177017e+00 3.150474504984614032e+04
5.251586282032554891e+02 3.036616494451908511e+04 2.984100631631583019e+04 2.482337220507067510e+00 -2.114115706328661748e+00 3.148375716248957178e+04
5.251699196992467478e+02 3.036631796674876387e+04 2.984114804704951530e+04 2.683076670610535341e+00 -1.480043108482177017e+00 3.148834552791276656e+04
5.251915520214529352e+02 3.036199972004610754e+04 2.983680816802465415e+04 2.462150647871542031e+00 -2.114115706328671074e+00 3.135895859372895211e+04
5.252304501042999618e+02 3.036299063915647639e+04 2.983776018905217643e+04 2.642852254029767867e+00 -1.480043108482174796e+00 3.138905544779138654e+04
5.251089422461972163e+02 3.036779708055238007e+04 2.984268813830618456e+04 2.515067953356214137e+00 -4.457807885827259042e+01 3.154056381202319608e+04
6.881207722645031026e+03 1.818450831462956194e+04 1.130330059198453091e+04 2.480727434592797209e+00 1.564807948159075979e+00 1.901398984460712381e+04
4.428631696129623379e+03 7.530392340095040709e+03 3.101760643965417330e+03 2.313359413706451928e+00 2.324778507742323530e+00 8.228320512374604732e+03
1.343038391350020220e+03 3.259513849849331109e+03 1.916475458499310889e+03 2.374098521363347203e+00 1.651965212911696179e+00 3.993952591168142135e+03
3.769764581263063974e+02 2.173028376981122165e+03 1.796051918854815767e+03 1.827805882852343800e+00 1.264004100933248331e+00 2.844887152351288478e+03
3.407833860915599189e+02 2.138330753382980220e+03 1.797547367291420414e+03 1.216405935530865845e+00 1.073259528323480927e+00 2.811045993679049388e+03
3.362682152125193511e+02 2.133356636911108581e+03 1.797088421698589173e+03 1.381068597785457541e+00 1.350782729068791932e+00 2.807107937705678069e+03
3.370937651238729131e+02 2.121963149964711192e+03 1.784869384840838393e+03 1.543808805225358682e+00 1.396743478948348383e+00 2.757310886462586041e+03
3.383484133111339247e+02 2.121302803139872140e+03 1.782954389828738158e+03 1.413068554848864844e+00 1.399159150305010479e+00 2.766142350039384837e+03
3.361942200687594777e+02 2.133390914601293389e+03 1.797196694532533911e+03 1.403845859405857821e+00 1.095364706423403334e+00 2.795475914245529111e+03
3.413279430589295202e+02 2.140346750904323017e+03 1.799018807845393439e+03 1.350137089959381420e+00 1.090695304175537172e+00 2.803398326368748258e+03
3.388711442597657992e+02 2.138731086741653598e+03 1.799859942481887856e+03 1.569251282677917914e+00 9.366173897489403766e-01 2.805731244127056470e+03
3.529826731960479265e+02 2.150441235050805517e+03 1.797458561854757590e+03 1.736219583715280512e+00 9.908076346698804215e-01 2.813718381897755989e+03
3.486364974395222021e+02 2.133541491858189602e+03 1.784904994418667457e+03 1.107803479531115576e+00 1.657172536966696752e+00 2.794472468471015873e+03
5.908187160938713305e+02 2.410293104627939101e+03 1.819474388534067657e+03 1.730487434235316924e+00 1.069289125656290196e+00 3.166347727961422152e+03
1.229423033649799891e+03 3.106182285094673261e+03 1.876759251444873371e+03 2.260161406991052946e+00 2.040315508563165459e+00 3.854957473799090621e+03
3.003143729314449956e+03 5.306457282120501986e+03 2.303313552806052030e+03 2.225130450689412509e+00 2.477865233841092252e+00 6.184567434299559864e+03
4.832858603799865705e+03 8.166572781533972375e+03 3.333714177734106670e+03 2.372254110897807688e+00 2.891370178253206635e+00 9.073509017654740092e+03
6.616379922824570713e+03 1.285506688349465549e+04 6.238686960670084773e+03 2.447525290320335056e+00 -1.661320000646916872e+00 1.365420803262131267e+04
6.928656229919031830e+03 1.487531396448109263e+04 7.946657734562060796e+03 2.467426897856265899e+00 -9.003246628569862020e-01 1.562819433597480020e+04
6.942797515158938950e+03 1.498222981484379306e+04 8.039432299684854115e+03 2.406981679091660276e+00 -1.067160678327688350e+00 1.574776109674470354e+04
