5.252135801945871663e+02 3.036883944832419365e+04 2.984362586812960581e+04 2.611305081565760577e+00 -3.239184191603474705e+00 3.156391975413577893e+04
5.251278220739944800e+02 3.036891491248130842e+04 2.984378709040731337e+04 2.624988910998502067e+00 -1.468521675688833739e+00 3.156618163313589321e+04
5.251562495583981445e+02 3.036261292224524004e+04 2.983745667268684338e+04 2.596094624381271032e+00 -1.480043108482179903e+00 3.137729276313954324e+04
5.251673861499612030e+02 3.036712426320294617e+04 2.984195687705298405e+04 2.570424138407682246e+00 -2.114115706328663968e+00 3.151251069647998884e+04
5.251689637084770084e+02 3.036442833763026283e+04 2.983925937392178457e+04 2.543859798920472759e+00 -1.480043108482161252e+00 3.143170601165958215e+04
5.251734644220597374e+02 3.036912354564504858e+04 2.984395008122298896e+04 2.500897334838820374e+00 -2.114115706328663524e+00 3.157243499314906512e+04
5.251425232647831081e+02 3.036297062699552043e+04 2.983782810373073880e+04 2.730112699851865887e+00 -1.480043108482174796e+00 3.138801609157385246e+04
5.252206758418263917e+02 3.036530780003153268e+04 2.984008712418970754e+04 2.584168479433707422e+00 -5.048624629728676316e-01 3.145811126020833035e+04
5.251742210701872864e+02 3.036324943894166063e+04 2.983807521787147198e+04 2.522079026997754436e+00 -1.480043108482181013e+00 3.139681459846649886e+04
5.251816703602851248e+02 3.036727193313422322e+04 2.984209026277393787e+04 2.530900644225976048e+00 -4.617924287861640664e+01 3.152492202906172315e+04
6.906406130338792536e+03 1.798903888220450244e+04 1.108263275186570900e+04 2.401215992112981645e+00 1.953376159533153356e+00 1.895084709458177531e+04
4.147737632028933149e+03 7.054309069982588881e+03 2.906571437953655732e+03 2.371223501528970434e+00 2.585424489476426668e+00 7.729514689018866193e+03
1.666251246152845169e+03 3.627642733411467361e+03 1.961391487258622192e+03 2.191052524072593766e+00 1.703382376949866384e+00 4.311525478636360276e+03
5.224636934517214968e+02 2.335164933287008353e+03 1.812701239835286742e+03 2.040769713061616475e+00 1.032904166116725087e+00 2.997668816185386731e+03
3.524939426720183064e+02 2.156971899119934733e+03 1.804477956447916313e+03 1.223918104383195482e+00 1.227217006077547579e+00 2.868226608672836392e+03
3.378436982406101379e+02 2.136580276329853405e+03 1.798736578089243267e+03 1.404509296750691361e+00 1.290434750021635102e+00 2.824202829138567722e+03
3.389060384051481947e+02 2.134035038426778556e+03 1.795129000021630418e+03 1.150788616934205644e+00 1.405685700875215050e+00 2.825500794757537278e+03
3.414747033594595109e+02 2.135973500101580612e+03 1.794498796742121158e+03 1.287442076158549220e+00 1.505132221349868127e+00 2.822834385519608531e+03
3.368623164992294505e+02 2.136718621429438372e+03 1.799856304930208807e+03 1.005743361663879343e+00 1.438137671272172513e+00 2.823628203960621704e+03
3.395630846999904406e+02 2.137964226982865966e+03 1.798401142282875526e+03 1.093214054807503111e+00 1.131489279706267670e+00 2.801147313435580600e+03
3.421869250372851070e+02 2.143564985489255378e+03 1.801378060451970214e+03 9.550081558248804114e-01 9.981498436786541140e-01 2.867764170107501286e+03
3.391413369983318375e+02 2.134599077259664682e+03 1.795457740261332901e+03 1.210588758999951109e+00 9.685533626238402860e-01 2.778507879428910201e+03
3.518996663127487068e+02 2.145650272209843479e+03 1.793750605897094829e+03 1.355315901934789125e+00 1.345686393489250676e+00 2.812652548453457712e+03
5.221141164910728776e+02 2.339422723437238801e+03 1.817308606946166037e+03 2.075894039783776623e+00 1.075270969172538615e+00 3.059626599264458036e+03
1.257784225990925279e+03 3.145617427699431119e+03 1.887833201708505840e+03 2.306981981806500048e+00 1.732744476075876561e+00 3.982616983522874762e+03
2.667376659007335547e+03 4.851319132224618443e+03 2.183942473217282895e+03 2.183345948154316485e+00 2.462504192064075337e+00 5.662220540136152522e+03
5.174942984182223881e+03 8.852953210128496721e+03 3.678010225946272840e+03 2.480215149826553667e+00 2.956255633867482135e+00 9.737652343279998604e+03
6.249954906070889592e+03 1.150753769299761552e+04 5.257582786926725930e+03 2.523017207832344067e+00 -7.577728050838438145e-01 1.226677932254638108e+04
6.863143487427564651e+03 1.425895620314081862e+04 7.395812715713253965e+03 2.664292809318036692e+00 -6.531534325418648645e-01 1.502427449325842281e+04
6.905686062564601343e+03 1.470904046384784851e+04 7.803354401283247171e+03 2.472652245971363794e+00 -7.090780057328335273e-01 1.547670052394382401e+04
