5.251784725174379673e+02 3.036710094888142703e+04 2.984192247636399043e+04 2.632957684081319361e+00 -2.114115706328663524e+00 3.151181189884935520e+04
5.251516160818365506e+02 3.036558015345637978e+04 2.984042853737454425e+04 2.432966345179328194e+00 -2.114115706328667077e+00 3.146622926248159638e+04
5.252524580095335978e+02 3.036663508986602756e+04 2.984138263185649339e+04 2.502214127871824623e+00 -1.480043108482187009e+00 3.149784875709733024e+04
5.251989176936190233e+02 3.036771244173202285e+04 2.984251352403840428e+04 2.485089031668651582e+00 -2.114115706328659527e+00 3.153014010775391580e+04
5.251453353019430779e+02 3.036747123609878327e+04 2.984232590079684087e+04 2.399229644482437696e+00 -2.114115706328661304e+00 3.152291047750367215e+04
5.251963058704183140e+02 3.036606613229256982e+04 2.984086982642215298e+04 2.581279299193060428e+00 -2.114115706328663524e+00 3.148079547431769242e+04
5.252516178946074206e+02 3.036614524843280014e+04 2.984089363053819397e+04 2.592776668983110877e+00 -3.124324001294797881e+01 3.148316868859774695e+04
5.251762806240627697e+02 3.036684287917025722e+04 2.984166659854619502e+04 2.459901925343962237e+00 -1.480043108482185232e+00 3.150412167958677674e+04
5.251683839931610009e+02 3.036196545859547041e+04 2.983679707460230929e+04 2.474023560902220087e+00 1.445498828045634454e+00 3.135832475014262673e+04
5.251247040335928205e+02 3.036680245385620219e+04 2.984167774982261108e+04 2.560038682433507518e+00 -2.114115706328662636e+00 3.151087437252986638e+04
6.901403143497813289e+03 1.803297314015923985e+04 1.113156999666142656e+04 2.403570410543190317e+00 1.102976302248834140e+00 1.901142180499259484e+04
4.260950652060537323e+03 7.251984985386778135e+03 2.991034333326240812e+03 2.488401449651005404e+00 2.263957491634252417e+00 7.977810238851094255e+03
1.378682183192430784e+03 3.293690136311646711e+03 1.915007953119215927e+03 2.395178837140682138e+00 1.523969128803155160e+00 3.981487197195196131e+03
4.441538849947040717e+02 2.236638908720002746e+03 1.792485023725298561e+03 1.933029348141931836e+00 1.318647404741792428e+00 2.884598015104823844e+03
3.569026619149669841e+02 2.159171058557953529e+03 1.802268396642986545e+03 1.237369951150660397e+00 9.109955976203197858e-01 2.831153354980694075e+03
3.356549653257567911e+02 2.119373764340198704e+03 1.783718799014441856e+03 1.227894210466568437e+00 1.238696796482777529e+00 2.751018516985492624e+03
3.396893498046747482e+02 2.135588780768451215e+03 1.795899430963776467e+03 1.125032470525851869e+00 1.063851194746425977e+00 2.806812751218154062e+03
3.418140967681216011e+02 2.143243675321636601e+03 1.801429578553515057e+03 1.009503618213998921e+00 8.815343865649701849e-01 2.837046462567749586e+03
3.387731459285654978e+02 2.133936953006581916e+03 1.795163807078016362e+03 1.084725550885346168e+00 1.249619520282655216e+00 2.807648318996157741e+03
3.401175345396618468e+02 2.134868829695303702e+03 1.794751295155641856e+03 1.424617477221115314e+00 1.436939932736632786e+00 2.814909040201727294e+03
3.369533310308517571e+02 2.133605193119569321e+03 1.796651862088717508e+03 1.068390810904139565e+00 1.261863603622985996e+00 2.786457518286623781e+03
3.415417380531608842e+02 2.144023325142873091e+03 1.802481587089712320e+03 1.084835369428765572e+00 9.992396600778249427e-01 2.849361114050269862e+03
3.681381878916046162e+02 2.168175424601092345e+03 1.800037236709487843e+03 1.319370363697852433e+00 9.001708438210097585e-01 2.869385220892851976e+03
4.291643173677895220e+02 2.225251677931199538e+03 1.796087360563410130e+03 1.668798043731278158e+00 1.320118913632078783e+00 2.910660852500211149e+03
1.206060659852808612e+03 3.085357742104482440e+03 1.879297082251673828e+03 2.417239916315205850e+00 1.513237168042735226e+00 3.845731931666969103e+03
2.875574882960462674e+03 5.137341666182570407e+03 2.261766783222107733e+03 2.275306334235184025e+00 2.503089608283696865e+00 5.986160880974499378e+03
5.063928255682031704e+03 8.604410339520258276e+03 3.540482083838226572e+03 2.518401354206830867e+00 3.028196255590510422e+00 9.480680241297362954e+03
6.354371549760616290e+03 1.185426277581255090e+04 5.499891226051934609e+03 2.372906506201049925e+00 -2.819191838097225289e-01 1.265250282909110683e+04
6.886439983437063347e+03 1.442960202403357653e+04 7.543162040596513179e+03 2.495164986078555636e+00 -1.616587927130507474e+00 1.510806527857582296e+04
6.930533978018471316e+03 1.499405227630612171e+04 8.063518298287650396e+03 2.518220218775865771e+00 -1.035976547106283396e+00 1.569044733272734811e+04
