5.252180884708507165e+02 3.036292654168052104e+04 2.983770845320967055e+04 2.464852556212095092e+00 -5.048624629728316604e-01 3.138669284446362508e+04
5.251491892481170680e+02 3.036404070021581720e+04 2.983889151096770001e+04 2.682422389337514090e+00 -1.480043108482187675e+00 3.142008739742887701e+04
5.251716512784869337e+02 3.036950510727285291e+04 2.984433345599436507e+04 2.598679055717962871e+00 -1.480043108482183234e+00 3.158387147762210952e+04
5.251390641469383809e+02 3.036308017414423011e+04 2.983794110999729310e+04 2.577532018032953065e+00 -1.480043108482144376e+00 3.139129765363838669e+04
5.251259897471724116e+02 3.037019424982690543e+04 2.984506826007973359e+04 2.463332651686602315e+00 -2.114115706328661304e+00 3.160452707270946485e+04
5.251732899288150520e+02 3.036355703392738360e+04 2.983838374399856912e+04 2.563185456761628345e+00 -1.480043108482156811e+00 3.140559054113093589e+04
5.251884850661102746e+02 3.036662523188308842e+04 2.984143674681697667e+04 2.561787656901118648e+00 7.999047974058162147e-01 3.149755520263517610e+04
5.251893795946624550e+02 3.036621847571192120e+04 2.984102909611725772e+04 2.600640549747593955e+00 -1.480043108482163250e+00 3.148540677034914552e+04
5.252164469740298500e+02 3.036564313171133472e+04 2.984042668473730373e+04 2.600330463121534041e+00 -1.480043108482153258e+00 3.146855767053232921e+04
5.252003688901509122e+02 3.036399323636252302e+04 2.983879286747237347e+04 2.555785084428437326e+00 -1.480043108482190783e+00 3.142706670170107463e+04
6.892543434114678348e+03 1.806105414787685004e+04 1.116851071376217078e+04 2.470327978549850645e+00 1.141293293971517686e+00 1.903570358125475832e+04
4.396764642915242803e+03 7.479507438059696142e+03 3.082742795144453339e+03 2.380213826470025662e+00 2.430620889378575900e+00 8.248124508906246774e+03
1.426463549233798858e+03 3.352640449355731562e+03 1.926176900121932704e+03 2.242905929015550193e+00 1.431092068039866883e+00 4.077453484743714853e+03
5.236932754948581987e+02 2.336886733975598872e+03 1.813193458480740674e+03 2.136079394597781622e+00 1.372115817783025493e+00 3.029286976938644784e+03
3.636488829802141254e+02 2.152770791968319372e+03 1.789121908988105133e+03 1.763494002430412877e+00 1.551311633013928715e+00 2.780630624499119676e+03
3.399713162254040526e+02 2.138332478971175533e+03 1.798361162745771480e+03 1.325743926190011246e+00 1.163733045889983275e+00 2.826215658338683625e+03
3.378048412376037390e+02 2.130670151372360579e+03 1.792865310134756783e+03 1.125339297147144757e+00 1.345623389054152907e+00 2.816924268013891833e+03
3.412899930763962857e+02 2.147739232502879531e+03 1.806449239426483246e+03 1.156594326565268060e+00 9.983743458897834655e-01 2.829100502824188425e+03
3.400178744218952716e+02 2.135446767884322981e+03 1.795428893462427823e+03 1.032234310673374900e+00 1.300259005493762610e+00 2.809038264174400865e+03
3.419499906666638367e+02 2.134281935864494244e+03 1.792331945197830464e+03 1.379808942322256593e+00 1.415397889714430590e+00 2.832121892217258846e+03
3.394683740587410625e+02 2.135556622846542723e+03 1.796088248787801604e+03 1.105470885737893427e+00 1.347557568462902422e+00 2.821353685206532646e+03
3.413742343973530069e+02 2.145523701296555828e+03 1.804149466899202707e+03 1.265232288595506738e+00 8.840612023647955731e-01 2.801981772563929553e+03
3.401589168791837778e+02 2.141034730078185476e+03 1.800875813199001641e+03 1.279552362496016782e+00 1.238380128675232505e+00 2.839147691132919590e+03
5.209629213477043095e+02 2.329717422028107649e+03 1.808754500680403453e+03 2.134133384700772851e+00 1.018531912034121190e+00 3.034441517689094326e+03
1.092067626253414801e+03 2.953662534566633440e+03 1.861594908313218639e+03 2.299951470585011926e+00 1.663379001942729474e+00 3.680219955624823342e+03
2.857019577378177928e+03 5.105608514473292416e+03 2.248588937095114488e+03 2.202645972374910333e+00 2.578073638881790863e+00 5.984522015570983058e+03
4.941521075144541101e+03 8.381686529450787930e+03 3.440165454306246829e+03 2.655949923049427230e+00 2.989264521079064707e+00 9.188529284066451510e+03
6.488714198985736402e+03 1.232453678115241019e+04 5.835822582166673783e+03 2.565503550378850584e+00 -1.194500675178379323e+00 1.325093607920241811e+04
6.718563998043843640e+03 1.338216732974217484e+04 6.663603331698331203e+03 2.427946144449427024e+00 -1.906102809052640401e+00 1.406877270700756890e+04
6.884654174003728258e+03 1.449986817779483135e+04 7.615214003791103096e+03 2.486583875588830761e+00 -7.763664582437684869e-01 1.530792145840840749e+04
