5.251618485984903373e+02 3.036929943279561849e+04 2.984413758419712758e+04 2.494994220817520425e+00 -2.114115706328666189e+00 3.157770681881915152e+04
5.251895743796789020e+02 3.036667980195635027e+04 2.984149022757667262e+04 2.471293528128716943e+00 -4.428658915230052884e+01 3.149918890773105522e+04
5.251754989463651100e+02 3.036396834666717041e+04 2.983879284772080428e+04 2.771560535068117392e+00 -1.480043108482181013e+00 3.141791875236123087e+04
5.251948231269037706e+02 3.036344068228029573e+04 2.983824585915339048e+04 2.520090395325456978e+00 -2.114115706328658195e+00 3.140210312491116201e+04
5.251702707114055784e+02 3.036031950300844983e+04 2.983514923229704436e+04 2.564388291562428090e+00 -1.480043108482174796e+00 3.130855235707639804e+04
5.251743671688378754e+02 3.036541081911843503e+04 2.984023645194959681e+04 2.607049252534592299e+00 -3.239184191603441842e+00 3.146115384396834634e+04
5.251742135535463376e+02 3.036472289017520598e+04 2.983954867662165998e+04 2.480794053307717295e+00 7.999047974057740262e-01 3.144053651071494096e+04
5.251807944230869225e+02 3.036454779122990294e+04 2.983936699680681704e+04 2.575679368788424295e+00 -1.480043108482180569e+00 3.143533144680869009e+04
5.251820011191998674e+02 3.036589294753819559e+04 2.984071094641899617e+04 2.415716500081086959e+00 -2.114115706328663524e+00 3.147604232341659736e+04
5.251803921058791502e+02 3.037018536533042061e+04 2.984500497322454248e+04 2.539905202513681459e+00 -2.114115706328663524e+00 3.161268619625972860e+04
6.912929381531506806e+03 1.788792914524210573e+04 1.097499976371059893e+04 2.612403206030965208e+00 1.594052736205076926e+00 1.878355368546067984e+04
4.226518450580144417e+03 7.208977163416115218e+03 2.982458712835970800e+03 2.373867685513689985e+00 2.179656689749833731e+00 8.005186088165368346e+03
1.158175295562587053e+03 3.030890664271958485e+03 1.872715368709371432e+03 2.249175264548437081e+00 1.552318525642726099e+00 3.703990792625522317e+03
4.281828208068962454e+02 2.228909060258702084e+03 1.800726239451805895e+03 2.023595800131924527e+00 1.224401221960939923e+00 2.892365412598162038e+03
3.498959451244332968e+02 2.146872375417320200e+03 1.796976430292887017e+03 2.130022066865242980e+00 9.089982693417851811e-01 2.793386256266312103e+03
3.390715135828419307e+02 2.131203471446488493e+03 1.792131957863646676e+03 1.179984795694737798e+00 1.221462754907096881e+00 2.791597774839710382e+03
3.361812040070321359e+02 2.132315589336350968e+03 1.796134385329318775e+03 1.440454676343897900e+00 1.180385545013107773e+00 2.800603816211953017e+03
3.413033879659287209e+02 2.140725835009890488e+03 1.799422447043961711e+03 1.461695647750640425e+00 9.215699645219772584e-01 2.820839852584912478e+03
3.373308417587207373e+02 2.124990722951021326e+03 1.787659881192300645e+03 1.092385279299605383e+00 1.494216085078409195e+00 2.783707779428511913e+03
3.386562796082789646e+02 2.137783911619683295e+03 1.799127632011404330e+03 1.377022211211262670e+00 1.161589461613196761e+00 2.837479213472519859e+03
3.389179828110721928e+02 2.138857663962224251e+03 1.799939681151151945e+03 1.554430453773914644e+00 1.106202020689192489e+00 2.793148734050362236e+03
3.399367521681152766e+02 2.141276548755293334e+03 1.801339796587178171e+03 1.143344019073207818e+00 9.965147559771052599e-01 2.820293167793529847e+03
3.648031261083708614e+02 2.160843722900084231e+03 1.796040596791713369e+03 1.409878480680563095e+00 1.203634397277565382e+00 2.823374773403776544e+03
5.865125958172670835e+02 2.399567814741023085e+03 1.813055218923756001e+03 1.900744358887065388e+00 1.447901820547198293e+00 3.117662252838855238e+03
1.131943255916018416e+03 2.999339363631073411e+03 1.867396107715054995e+03 2.124529371223340846e+00 1.743823293072873426e+00 3.753597415823084702e+03
2.803856036771197523e+03 5.029820632883343933e+03 2.225964596112146410e+03 2.383366936258289215e+00 2.577996017360800973e+00 5.857971891727920593e+03
5.083856384161093047e+03 8.647788573334562898e+03 3.563932189173469851e+03 2.538522130396063670e+00 3.045882192505924735e+00 9.544557373529683900e+03
6.361411539119722875e+03 1.186270306947877907e+04 5.501291530359056196e+03 2.433701638089616814e+00 -7.627542474379703785e-01 1.261825531643084469e+04
6.823483588716180748e+03 1.397973099690556410e+04 7.156247408189383350e+03 2.435654711530293781e+00 -1.306264078780140059e+00 1.472149799822229761e+04
6.958695506395823031e+03 1.537691408156910620e+04 8.418218575173283170e+03 2.736872612615581346e+00 -7.196851647483399894e-01 1.605051651502675668e+04
