5.251496562878769510e+02 3.036604878609921434e+04 2.984089912981133602e+04 2.576076095943911515e+00 7.999047974057864607e-01 3.148027553786854332e+04
5.251781132668374994e+02 3.037178983965600855e+04 2.984661172638917196e+04 2.537378759752257906e+00 -2.114115706328662636e+00 3.165235151360667442e+04
5.251699329223558834e+02 3.036821131691455594e+04 2.984304138399220028e+04 2.527631266813672895e+00 -3.239184191603490692e+00 3.154509283950576355e+04
5.251917854713128690e+02 3.036744763807117124e+04 2.984225585259985746e+04 2.587001236465301890e+00 -1.480043108482187231e+00 3.152220317634374078e+04
5.251670102567253480e+02 3.036832534314976147e+04 2.984315833289303555e+04 2.578585696131284966e+00 -1.480043108482159253e+00 3.154851053552684243e+04
5.251742817969569614e+02 3.037031336570980784e+04 2.984513908391285077e+04 2.504068915243847560e+00 -1.714353705056973209e-01 3.160809734103392475e+04
5.251688772415812991e+02 3.036657349812610119e+04 2.984140462088452114e+04 2.450292779862083048e+00 7.999047974058038912e-01 3.149600457905819349e+04
5.251258676411364377e+02 3.035987600274851866e+04 2.983475013510738063e+04 2.569600676942741746e+00 -1.480043108482168357e+00 3.129530414784521417e+04
5.251664435600878278e+02 3.036597554749698611e+04 2.984080910393689919e+04 2.524041228035365236e+00 -5.048624629728695190e-01 3.147851967568973487e+04
5.251524315651693087e+02 3.036697431231622613e+04 2.984182188075105660e+04 2.558411478948162454e+00 -1.480043108482222758e+00 3.151598580081044929e+04
6.952483515528986572e+03 1.746306418456524625e+04 1.051058066903625877e+04 2.418468284500512322e+00 2.343146161720083498e+00 1.830476539985663476e+04
4.347895290407585890e+03 7.391469677550086999e+03 3.043574387142501109e+03 2.406746371184161681e+00 2.422350245317759221e+00 8.237087767460892792e+03
1.426943032440846537e+03 3.346041125816201202e+03 1.919098093375354665e+03 2.359712045225748955e+00 1.778794927317863594e+00 4.048829628262838469e+03
4.324980689673519123e+02 2.235509969640958843e+03 1.803011900673606988e+03 2.019055274451796667e+00 9.260593224782186494e-01 2.890037121779465906e+03
3.375143016722329321e+02 2.124041045830188523e+03 1.786526744157955591e+03 1.212393166672202538e+00 1.591783998462656280e+00 2.770728042851007558e+03
3.402010746834607744e+02 2.143479064801521872e+03 1.803277990118061098e+03 1.201198277337178100e+00 9.673193425316747307e-01 2.840707162321861233e+03
3.407803414611090602e+02 2.140893389993634628e+03 1.800113048532525681e+03 1.171921069174321595e+00 8.460821491446637310e-01 2.828644077054505033e+03
3.392341897515864275e+02 2.134806185750897839e+03 1.795571995999311412e+03 1.113205738004392931e+00 9.309499336767078637e-01 2.800607560020373057e+03
3.432534713924102903e+02 2.141331151142449471e+03 1.798077679750039124e+03 1.254424641230124982e+00 9.945465655512774061e-01 2.823108987797237660e+03
3.404270464350942120e+02 2.132305702260835005e+03 1.791878655825740680e+03 1.347896521301128914e+00 1.006613726536127684e+00 2.798830136618745655e+03
3.406728729278372612e+02 2.136403399796819940e+03 1.795730526868982679e+03 1.130469777914975715e+00 1.017578309921393531e+00 2.796178951793417127e+03
3.374037802116219495e+02 2.138267269672511702e+03 1.800863489460889696e+03 1.168006154333065316e+00 1.220318929814332654e+00 2.829322121327084005e+03
3.405395506331099114e+02 2.138373247268346404e+03 1.797833696635236493e+03 1.249654202922590107e+00 8.309702750914755853e-01 2.798667818375239221e+03
5.220080407800535340e+02 2.335639467192442225e+03 1.813631426412388691e+03 2.235368902714057526e+00 9.095191083566430690e-01 2.989233458429129769e+03
1.204094002351682093e+03 3.083513758507254806e+03 1.879419756155572713e+03 2.293418337130510576e+00 1.575424946034815088e+00 3.853785718221778097e+03
3.040427937940577976e+03 5.352360537388130069e+03 2.311932599447552093e+03 2.619323323665174730e+00 2.675999439716991279e+00 6.171643544174336967e+03
5.153234037047074708e+03 8.793036312578053185e+03 3.639802275530978477e+03 2.385571914516978254e+00 3.042292240186225794e+00 9.615255175512331334e+03
6.351526328331040531e+03 1.184653341248601646e+04 5.495007084154975928e+03 2.432494679822896355e+00 -1.670091006127092603e+00 1.259574528770923644e+04
6.842404498196915483e+03 1.419190678315328296e+04 7.349502284956367475e+03 2.413024851222749234e+00 -1.309843849496548307e+00 1.488486846152919134e+04
6.980314437716119755e+03 1.562049384860681494e+04 8.640179410890694271e+03 2.501336791489800149e+00 -7.925055906126039496e-01 1.630168433977194400e+04
