5.251846909078883527e+02 3.036692367789900163e+04 2.984173898699111305e+04 2.569246166498389883e+00 -2.114115706328663524e+00 3.150649857491765943e+04
5.250914108363185733e+02 3.036800495926738949e+04 2.984291354843107183e+04 2.703672796635748554e+00 -4.414824331920758738e+01 3.153890770412222992e+04
5.251861044624561146e+02 3.036554060574462710e+04 2.984035450128217053e+04 2.421389138147259867e+00 -2.648963352965276297e+00 3.146504390320308084e+04
5.251600957988947584e+02 3.036861004353787939e+04 2.984344994773898361e+04 2.394489877664497612e+00 -4.452143719112515186e+01 3.155704382935319518e+04
5.251166156234603477e+02 3.036388949916318961e+04 2.983877288353972835e+04 2.485578763229269850e+00 -3.239184191603472041e+00 3.141555546471619164e+04
5.251383606929080088e+02 3.036796205537934657e+04 2.984282369468643810e+04 2.580317552866232322e+00 -1.468521675688851724e+00 3.153762177133528166e+04
5.251036131608780124e+02 3.036772566731903862e+04 2.984262205415816061e+04 2.614905322029129398e+00 -2.114115706328661304e+00 3.153053842031172826e+04
5.251174986073244781e+02 3.036534747126067305e+04 2.984022997265334925e+04 2.663901048000527627e+00 -1.480043108482174796e+00 3.145930004560746238e+04
5.251347885067613106e+02 3.036701111638073417e+04 2.984187632787397160e+04 2.547125268302759427e+00 -1.480043108482107073e+00 3.150955815674283440e+04
5.251831015859191893e+02 3.036698210589729570e+04 2.984179900431137503e+04 2.483370406279013398e+00 -1.714353705056931576e-01 3.151631414633078020e+04
6.954281194025856166e+03 1.727935676338764097e+04 1.032507556936178480e+04 2.580183989442968340e+00 2.244534657103444797e+00 1.831491447208591853e+04
4.002409219017392843e+03 6.818516632923642646e+03 2.816107413906249803e+03 2.413104014066319358e+00 2.339654077208172200e+00 7.569570472110457558e+03
1.390204452756524688e+03 3.303229804335322569e+03 1.913025351578797881e+03 2.254869856677596651e+00 1.551363967634831198e+00 3.977812356283775443e+03
4.976788993430321852e+02 2.302850121789294917e+03 1.805171222446262618e+03 2.215914179127525419e+00 1.319561406029789774e+00 2.947541715421857134e+03
3.784452389670708499e+02 2.181852815747167824e+03 1.803407576780096861e+03 1.980787634642236172e+00 1.239732164415586313e+00 2.888128932944825465e+03
3.412622787420051509e+02 2.141361522350701307e+03 1.800099243608696270e+03 1.166144397797143517e+00 1.276095784821227763e+00 2.864099718751441742e+03
3.381530123043857543e+02 2.133489656301401283e+03 1.795336643997015472e+03 1.159227335936491743e+00 1.241390709895679123e+00 2.785225660654336934e+03
3.392081708404071492e+02 2.147738911000492408e+03 1.808530740160085315e+03 1.002505851870902465e+00 9.510646229546976249e-01 2.855847570788924259e+03
3.371977490410205860e+02 2.133689570204692245e+03 1.796491821163671602e+03 1.084362429429797992e+00 1.135909785341359557e+00 2.783477066412490331e+03
3.398007779702255675e+02 2.135824707196406507e+03 1.796023929226180826e+03 1.173700936926153515e+00 1.315679910509735207e+00 2.801840536533507475e+03
3.398529909911462710e+02 2.132024056984448180e+03 1.792171065993301909e+03 1.479409426492982904e+00 1.387426729466001873e+00 2.777147604927510201e+03
3.519403468373699866e+02 2.150688199689354406e+03 1.798747852851984362e+03 1.429840164231099608e+00 8.876238208877098579e-01 2.798221211178433805e+03
3.792436934119769489e+02 2.178503894931599916e+03 1.799260201519623024e+03 1.433687301828098226e+00 1.333293093656850559e+00 2.879214808092855947e+03
4.951079232628168256e+02 2.294491860319649732e+03 1.799383937056833020e+03 1.872819498331286470e+00 1.542109835901565917e+00 2.991192417210819258e+03
1.081327104921961563e+03 2.943261905779037079e+03 1.861934800857075516e+03 2.036280279370703550e+00 1.864281787475099206e+00 3.720290270199924635e+03
2.835782143380403340e+03 5.081299927443984416e+03 2.245517784063581075e+03 2.401417021706454324e+00 2.499549053357567274e+00 5.921614157503643582e+03
5.144417240063625286e+03 8.774682845426232234e+03 3.630265605362606948e+03 2.487682333402078783e+00 3.046555502222608069e+00 9.591565298179459205e+03
6.361652046646046074e+03 1.186690362366488807e+04 5.505251577018841999e+03 2.543112894579133698e+00 -2.144824298450141997e-01 1.266307742965278339e+04
6.803251699445062513e+03 1.385284964461649361e+04 7.049597945171431093e+03 2.639350208308071544e+00 -1.502441573631448479e+00 1.459885100254178906e+04
6.942812469813808093e+03 1.505916900858446752e+04 8.116356538770659427e+03 2.445415742312967655e+00 -6.935001122078672253e-01 1.578104381423374616e+04
