5.252021342979978726e+02 3.036363541322668971e+04 2.983843327892869274e+04 2.443749631274796830e+00 -1.480043108482187009e+00 3.140793977445170458e+04
5.251702464332284990e+02 3.036798922227561343e+04 2.984281897584238322e+04 2.514214504753990997e+00 -1.480043108482205438e+00 3.153843602097483381e+04
5.251022885788871690e+02 3.036705649316769268e+04 2.984195420458880471e+04 2.517891732159385221e+00 -3.129527974692041070e+01 3.151047943256199142e+04
5.251153381826791247e+02 3.036928543101284959e+04 2.984417009283016887e+04 2.540037788243742600e+00 -2.114115706328662636e+00 3.157728714490470156e+04
5.252272070781707498e+02 3.036770944691788100e+04 2.984248223983971184e+04 2.441216378737041115e+00 -4.971815077773586444e-01 3.153005034455268105e+04
5.251659981067328999e+02 3.036723979033141222e+04 2.984207379222468080e+04 2.534875411133533873e+00 -1.480043108482234304e+00 3.151597339921431194e+04
5.252077363106338908e+02 3.036538314437253939e+04 2.984017540806190664e+04 2.683869032443503500e+00 1.445498828045624906e+00 3.146032623475257424e+04
5.251624925620768636e+02 3.036558744362752986e+04 2.984042495106545175e+04 2.656974985856910720e+00 -4.469136219256746045e+01 3.146649311714561190e+04
5.251856818161602405e+02 3.036844291707425509e+04 2.984325723525809371e+04 2.375358748499809547e+00 -2.114115706328671962e+00 3.155247513084880848e+04
5.251901521719271386e+02 3.036638663522320712e+04 2.984119648305128067e+04 2.511425298413591634e+00 -1.480043108482173020e+00 3.149874976068253818e+04
6.915382762398038722e+03 1.792626762078803586e+04 1.101088485838999623e+04 2.444011918215712953e+00 1.548367332833543886e+00 1.894803694023115168e+04
4.142607957811430424e+03 7.068749054050895211e+03 2.926141096239464787e+03 2.354508933381850966e+00 2.329395478244053574e+00 7.888284156960971814e+03
1.282217525039955262e+03 3.174020229305816883e+03 1.891802704265861621e+03 2.146023303515457226e+00 1.279179706372358005e+00 3.818160700440864275e+03
4.309465552374835511e+02 2.235649102016121560e+03 1.804702546778637952e+03 2.217087664575007278e+00 1.186129709969960588e+00 2.922295099106940143e+03
3.666598821985784866e+02 2.166988309852015846e+03 1.800328427653437302e+03 1.641984435062084913e+00 1.116271222143351727e+00 2.858198043470362791e+03
3.363531335164590814e+02 2.132677821600727839e+03 1.796324688084268701e+03 1.581469589734829206e+00 1.009826233089290648e+00 2.804931487607830149e+03
3.371144188807637079e+02 2.130708934060844967e+03 1.793594515180081316e+03 1.080439510431540517e+00 1.390552066875357040e+00 2.799307254882847246e+03
3.398398841004964197e+02 2.139157635311833474e+03 1.799317751211337054e+03 1.121804733074494020e+00 1.263908325370242780e+00 2.870983549910522925e+03
3.404899597413926813e+02 2.137622072033397217e+03 1.797132112292004422e+03 1.023103010019314363e+00 1.161492391365730237e+00 2.798409661744069126e+03
3.386322380057859505e+02 2.133298296661606400e+03 1.794666058655820507e+03 1.287457311269530669e+00 1.349569857861050215e+00 2.809735014079906705e+03
3.402765933859331540e+02 2.131235036235084863e+03 1.790958442849151652e+03 1.187831013462559815e+00 1.110102292672500601e+00 2.787112769125602881e+03
3.424202281061328677e+02 2.147185411548466618e+03 1.804765183442333637e+03 1.320312672746557725e+00 9.914857940265967562e-01 2.872249871079435252e+03
3.517459643021759348e+02 2.149198814339391447e+03 1.797452850037215512e+03 1.282724142499371833e+00 1.188090469099215118e+00 2.816390235628270148e+03
4.699614760912332940e+02 2.270488940262969209e+03 1.800527464171736028e+03 1.736630437292050244e+00 1.395927248110972796e+00 2.957576887510036158e+03
1.091463198205586650e+03 2.952500395680228849e+03 1.861037197474642198e+03 2.019590956331688503e+00 1.825566145141399588e+00 3.695850416434357612e+03
2.992179542076036796e+03 5.294371860028972151e+03 2.302192317952935355e+03 2.338680664957280442e+00 2.450589073409086271e+00 6.169000361084211363e+03
5.174052140196869004e+03 8.848496783783279170e+03 3.674444643586410166e+03 2.485129852550533425e+00 3.020696828483952157e+00 9.732391564027964705e+03
6.382878551798597073e+03 1.194578130904545469e+04 5.562902757246857618e+03 2.552294464878985369e+00 -5.529794924366492337e-01 1.270253374292071567e+04
6.840204941121595766e+03 1.409463853547993313e+04 7.254433594358337359e+03 2.376320057674045305e+00 -8.041698497076201768e-01 1.487004473312248410e+04
6.930804438213234789e+03 1.503672120406256545e+04 8.105916765849330659e+03 2.454574655876482048e+00 -1.495231957195189976e+00 1.585787168895008290e+04
