5.251890963451886591e+02 3.037115299675891583e+04 2.984596390041372797e+04 2.450957424437790078e+00 -4.971815077773636404e-01 3.163326349050625140e+04
5.251550335805751502e+02 3.036646482402745096e+04 2.984130979044687410e+04 2.665812272620454948e+00 -1.480043108482183234e+00 3.149274539757961247e+04
5.251906032400398772e+02 3.036816080328162934e+04 2.984297020004158912e+04 2.580748530210980718e+00 -1.480043108482208991e+00 3.154357879986086118e+04
5.250895889781338610e+02 3.037035300304572229e+04 2.984526341406758729e+04 2.563829516289232391e+00 -1.480043108482181013e+00 3.160928536568459458e+04
5.251958048111482640e+02 3.036381216233398663e+04 2.983861635752283837e+04 2.638500437609812455e+00 7.999047974057887922e-01 3.141323745631647398e+04
5.251442374930313690e+02 3.036721732087916826e+04 2.984207308338613802e+04 2.486893523392410099e+00 7.999047974058113297e-01 3.151529992497691637e+04
5.251228840237018858e+02 3.036514010318735018e+04 2.984001721916364841e+04 2.456599301948488634e+00 -1.480043108482198777e+00 3.145304158632991312e+04
5.252288248552762298e+02 3.036987947888510462e+04 2.984465065402982873e+04 2.465478622644316165e+00 -2.114115706328673294e+00 3.159513734589513842e+04
5.251977588776081802e+02 3.036853043078017799e+04 2.984333267190256811e+04 2.408775634605318405e+00 -1.468521675688861494e+00 3.155510047065024992e+04
5.251031921404749028e+02 3.036509075834814939e+04 2.983998756620767381e+04 2.539823397194604926e+00 -4.481979224452906152e+01 3.145963755699644389e+04
6.966312274643583805e+03 1.718385950955949011e+04 1.021754723491590630e+04 2.483546511721570926e+00 2.261227749662795272e+00 1.814303957034831546e+04
4.148259852681911980e+03 7.071810548680536158e+03 2.923550695998624178e+03 2.303326695987442552e+00 2.157034724866227382e+00 7.849991291256998920e+03
1.402737896817277260e+03 3.319207606746517740e+03 1.916469709929240480e+03 2.489831741497740225e+00 1.596983517044675560e+00 3.989969833967166323e+03
4.465375498459217738e+02 2.251317019956090007e+03 1.804779470110168177e+03 2.164279318897028848e+00 1.062520722146157004e+00 2.938903842019796230e+03
3.523245007586229463e+02 2.148884625553638671e+03 1.796560124795015781e+03 1.339760861736031927e+00 1.213250987648261336e+00 2.812160218592909132e+03
3.398940004982250684e+02 2.133804978165004286e+03 1.793910977666779218e+03 1.285445271795436994e+00 1.396910354406746935e+00 2.855461330085780446e+03
3.411708443988861745e+02 2.141574679388828372e+03 1.800403834989942197e+03 1.295157961450058570e+00 9.316917571951969235e-01 2.812370142996076993e+03
3.414327645047350188e+02 2.148388178155028072e+03 1.806955413650292940e+03 9.466256892748478036e-01 1.053675118937378086e+00 2.870390330022435137e+03
3.432946526699852257e+02 2.141012439862348401e+03 1.797717787192363176e+03 1.096290578719792075e+00 1.185676329919274963e+00 2.819600134995533153e+03
3.374381995662783424e+02 2.127743511899632722e+03 1.790305312333354323e+03 1.160766611678735183e+00 1.156169977723963127e+00 2.748533232911129744e+03
3.394106717120160397e+02 2.130128383664645298e+03 1.790717711952629315e+03 1.236934338848714843e+00 8.368687243864397773e-01 2.778888870533218778e+03
3.372294774491336966e+02 2.126522729879119197e+03 1.789293252429985387e+03 1.018823526246253941e+00 1.496777866569569682e+00 2.807404801133498495e+03
3.792672333135499230e+02 2.178056620756542998e+03 1.798789387442993075e+03 1.498030445462297466e+00 1.184018805400485430e+00 2.875087242418906499e+03
5.233459796784874243e+02 2.340054404641563451e+03 1.816708424963076141e+03 2.054571742906815768e+00 1.019063649333716626e+00 3.052340290953441581e+03
1.266728629263082894e+03 3.163084968665427823e+03 1.896356339402344929e+03 2.095192314226036689e+00 1.551980154671896761e+00 3.955404964245121846e+03
2.856900515075182284e+03 5.113415064316157441e+03 2.256514549240975157e+03 2.364621955916847096e+00 2.420837876371198849e+00 5.992944240144247487e+03
4.887821405610520742e+03 8.276681955147851113e+03 3.388860549537330371e+03 2.589672262135986447e+00 3.082942618331062423e+00 9.049620260407555179e+03
6.369585646465749960e+03 1.188987872862134100e+04 5.520293082155591037e+03 2.579256017714386839e+00 -4.394698842887634349e-01 1.258134700549375339e+04
6.846558333307017165e+03 1.417068067641245943e+04 7.324122343105442269e+03 2.354469028113726825e+00 -1.101279270933770649e+00 1.498291163555457751e+04
6.944096364013297716e+03 1.506586366502797864e+04 8.121767301014680925e+03 2.475489367591332535e+00 -5.160400609184296883e-01 1.578615896647494264e+04
