5.251689537437258650e+02 3.036296940463379724e+04 2.983780045089007035e+04 2.470081108162656136e+00 -4.971815077773804048e-01 3.138797757111544342e+04
5.252061299543537416e+02 3.036719339804027186e+04 2.984198726808591891e+04 2.569147232440202711e+00 -1.480043108482220759e+00 3.151458286746217345e+04
5.251154610201149353e+02 3.036556933014175956e+04 2.984045386912164395e+04 2.394758193599784146e+00 -1.406155400071577510e+01 3.146590485644378350e+04
5.250818444623134837e+02 3.037049547464795978e+04 2.984541363018564516e+04 2.475996660384990999e+00 -2.114115706328671074e+00 3.161355565156889497e+04
5.252189563766447691e+02 3.036188754418111785e+04 2.983666858780447365e+04 2.521266354150348832e+00 -1.480043108482189451e+00 3.135555108511442450e+04
5.251427287968557494e+02 3.036433802807681059e+04 2.983919529927995609e+04 2.516041078113504081e+00 -1.480043108482156811e+00 3.142899919398858401e+04
5.251239861377761144e+02 3.037030988037686620e+04 2.984518589423908998e+04 2.587887692573665355e+00 -1.480043108482200553e+00 3.160799476677801431e+04
5.251673083716315205e+02 3.036943086596817739e+04 2.984426355759654689e+04 2.355746300378878555e+00 -2.114115706328661304e+00 3.158169125270508812e+04
5.251894131781850774e+02 3.037070567731912524e+04 2.984551626414094062e+04 2.639831329739061871e+00 -2.114115706328663524e+00 3.162029477308400237e+04
5.251856349698509803e+02 3.036996493073949750e+04 2.984477929576964743e+04 2.572862745970569520e+00 -4.447076949331012230e+01 3.160566210892582239e+04
6.938603639489260786e+03 1.762286836821559336e+04 1.068426472872633167e+04 2.480277882286306745e+00 2.223823068298749206e+00 1.844914747959207671e+04
3.887959049813488491e+03 6.659932486326532853e+03 2.771973436513044362e+03 2.693169282957008637e+00 2.215205093378246115e+00 7.379966074570431374e+03
1.331525989327034495e+03 3.247608179209997616e+03 1.916082189882963121e+03 2.136303294238448114e+00 1.432502543491074531e+00 4.010839056353380784e+03
3.908135410354275905e+02 2.192385333934060782e+03 1.801571792898633248e+03 2.010521952193373263e+00 1.044051521380651382e+00 2.818135771422056678e+03
3.945062044165816815e+02 2.200993812481623991e+03 1.806487608065042423e+03 2.196459085553787105e+00 8.879032358254046464e-01 2.876600908486534081e+03
3.510630911795707902e+02 2.145049805508392637e+03 1.793986714328821790e+03 1.768328430901293657e+00 1.093962736055059226e+00 2.805432795574900865e+03
3.426982368993029695e+02 2.149707948360036426e+03 1.807009711460733342e+03 1.177261913438902630e+00 1.009480308755801525e+00 2.835349278869744467e+03
3.417390869703198746e+02 2.134554139079215020e+03 1.792815052108895088e+03 1.220661546906444794e+00 1.296192045422495331e+00 2.781458663015911497e+03
3.373134597349271075e+02 2.133615084794761060e+03 1.796301625059833896e+03 1.232295635153051405e+00 9.786974516440127836e-01 2.792192956066848637e+03
3.379759199601950286e+02 2.133926500499811027e+03 1.795950580539616112e+03 1.098859128390674122e+00 1.303413783867724440e+00 2.797993167521808118e+03
3.399093606730368151e+02 2.137636273816915946e+03 1.797726913143879074e+03 1.199368919211727835e+00 1.408144573882880612e+00 2.831470469242376566e+03
3.434594865326664603e+02 2.133572616187090716e+03 1.790113129654424256e+03 1.280848940791116330e+00 1.119467023806843597e+00 2.766958971245682278e+03
3.535054741673712329e+02 2.152252535182012707e+03 1.798747061014641531e+03 1.177850010165921724e+00 1.048236348767290993e+00 2.840753831715885099e+03
4.274460741540111144e+02 2.217478899490783988e+03 1.790032825336772930e+03 2.121525502344428826e+00 1.491371452839493239e+00 2.878191008570196118e+03
1.181323669285927508e+03 3.056623700261935028e+03 1.875300030976007520e+03 2.345841289080540903e+00 1.647779352392668484e+00 3.790325659345576696e+03
3.180650520122769649e+03 5.543359043996869332e+03 2.362708523874099683e+03 2.291105569208672588e+00 2.573159704205485454e+00 6.362326556078801332e+03
5.044087060455390201e+03 8.581853958419907940e+03 3.537766897964517739e+03 2.407494663134017276e+00 2.871307571016641802e+00 9.491504358662612503e+03
6.468578422364884318e+03 1.221677241071048411e+04 5.748193988345599792e+03 2.456374426197894589e+00 -8.656317238914783552e-01 1.306499906090393597e+04
6.799678038614511934e+03 1.385710845473504742e+04 7.057430416120535483e+03 2.528719631047188887e+00 -8.758621193183125930e-01 1.455038090728758652e+04
6.952389909997565155e+03 1.519838742453887426e+04 8.245997514541308192e+03 2.637804954888526066e+00 -1.111072778318867416e+00 1.585768870655277351e+04
