5.251806930880501341e+02 3.036619094921360374e+04 2.984101025612555532e+04 2.654123653860866572e+00 -2.114115706328661748e+00 3.148453657748207479e+04
5.252058536786604463e+02 3.036790406721910767e+04 2.984269821354044689e+04 2.657249892779138811e+00 -1.468521675688842842e+00 3.153588367769934848e+04
5.251973572258465310e+02 3.036817530399314273e+04 2.984297794676729609e+04 2.481099413625797112e+00 -3.239184191603464935e+00 3.154401342811530412e+04
5.250917642164326935e+02 3.036754536152544824e+04 2.984245359730901691e+04 2.571085031942804022e+00 -1.480043108482140601e+00 3.152513223083816411e+04
5.252121120260982252e+02 3.036704850268544760e+04 2.984183639065934767e+04 2.512077574314023565e+00 -1.480043108482097525e+00 3.151023993474329473e+04
5.252113121926980739e+02 3.037046347013727427e+04 2.984525215794457472e+04 2.613141236598403694e+00 -1.480043108482190783e+00 3.161259640491394748e+04
5.251654255721176696e+02 3.036497360041144930e+04 2.983980817483933060e+04 2.488982444516570691e+00 7.999047974058055566e-01 3.144805101033938990e+04
5.252283036352054069e+02 3.036713735136895411e+04 2.984190904773374859e+04 2.668003426184114346e+00 -2.652803830563017495e+00 3.151294819194119918e+04
5.251696315901704111e+02 3.036475517495723398e+04 2.983958554336706220e+04 2.547494448742936957e+00 -1.480043108482179237e+00 3.144194367032997980e+04
5.251851964463595550e+02 3.036711442999495921e+04 2.984192923354859886e+04 2.427863254086982447e+00 7.999047974057963417e-01 3.151998004700169622e+04
6.893394207673711207e+03 1.803521602855811943e+04 1.114182182088440823e+04 2.571134355784124192e+00 2.195694827640304325e+00 1.882389521960851562e+04
4.307096561004016621e+03 7.317481773981268816e+03 3.010385212977252195e+03 2.486116247576661387e+00 2.547893769008183984e+00 8.082427218050807824e+03
1.487727191801888921e+03 3.419822651498475352e+03 1.932095459696586431e+03 2.306355792013259798e+00 1.586928963085129984e+00 4.091637851609021254e+03
4.594551285615485199e+02 2.268281778608738477e+03 1.808826650047190014e+03 1.996059593322905945e+00 1.148906500840176648e+00 2.953477353198944002e+03
3.898459437028616890e+02 2.183752626150537253e+03 1.793906682447675621e+03 1.961426627557651292e+00 1.490549848915359021e+00 2.864707421723088373e+03
3.399448314894735859e+02 2.151449184302756748e+03 1.811504352813283276e+03 1.164537414183725694e+00 9.228980863907604304e-01 2.866532414718999462e+03
3.424938479385000960e+02 2.146404892023911088e+03 1.803911044085411049e+03 1.201082892905726895e+00 7.956418801185133338e-01 2.839687775570733265e+03
3.411246276399562021e+02 2.135921949640777257e+03 1.794797322000821168e+03 1.022916025484958302e+00 1.200882430501319265e+00 2.817430649814119988e+03
3.409848572749972391e+02 2.144685997171527106e+03 1.803701139896529867e+03 1.591372822068022996e+00 8.642396370309289866e-01 2.837499757513341592e+03
3.372064864226708778e+02 2.141574065754674848e+03 1.804367579332003970e+03 1.036082882676517825e+00 8.896651582270914682e-01 2.797336296859523827e+03
3.392574682275551368e+02 2.135784650087899536e+03 1.796527181860344399e+03 1.540065548871397683e+00 7.951360422249780235e-01 2.788828772033720270e+03
3.372620445009686705e+02 2.126921638249777061e+03 1.789659593748808447e+03 1.108023449100043356e+00 1.124364239234700413e+00 2.746865533336084809e+03
3.600352045336827018e+02 2.148760239323813039e+03 1.788725034790130394e+03 1.994072135733452766e+00 1.471215200825710667e+00 2.820530772633854667e+03
5.493763142446301799e+02 2.356996472699902370e+03 1.807620158455272303e+03 1.602690660523071076e+00 1.222451469597939822e+00 3.068949881632107463e+03
1.194149636855259587e+03 3.059608090803915729e+03 1.865458453948656143e+03 2.285637286608277030e+00 1.725307216560796109e+00 3.802314589326875648e+03
2.847694513193048351e+03 5.107366739234423221e+03 2.259672226041374870e+03 2.245023110402911914e+00 2.322862896787161180e+00 5.966847460594339282e+03
5.038719103892242856e+03 8.571040875461867472e+03 3.532321771569624616e+03 2.556747272300341489e+00 2.839816433542452057e+00 9.413475273887037474e+03
6.329795609396425789e+03 1.177283071718725296e+04 5.443035107790827169e+03 2.405262623671806654e+00 -8.917485648653250552e-01 1.258465952319097778e+04
6.814220243075757935e+03 1.390867168833148571e+04 7.094451445255727776e+03 2.417219347202153923e+00 -1.419230425073637170e+00 1.464181616844882046e+04
6.827905530761399859e+03 1.404362731996387993e+04 7.215721789202480068e+03 2.464191690231145149e+00 -9.118756258103544177e-01 1.490296364295664353e+04
