5.251814349699914146e+02 3.036610493223868616e+04 2.984092349726869361e+04 2.455671386225394492e+00 -2.864161363178551856e+00 3.148195840001949909e+04
5.251960425349316210e+02 3.036865608906320267e+04 2.984346004652827105e+04 2.529211190287137700e+00 -1.468521675688860384e+00 3.155842394688812783e+04
5.251918977868550655e+02 3.036846834514600050e+04 2.984327644735914510e+04 2.632971069906042683e+00 -1.480043108482185898e+00 3.155279671881696413e+04
5.251781962960884584e+02 3.036846108336003817e+04 2.984328288706394960e+04 2.382101890027322977e+00 -4.608274067288474640e+01 3.155257906209273642e+04
5.252170723964346735e+02 3.036736085153826571e+04 2.984214377914183206e+04 2.430668022002951734e+00 -1.714353705057095889e-01 3.151960193304143468e+04
5.251947185427292197e+02 3.037029637939007807e+04 2.984510166084734738e+04 2.589312334493197643e+00 -2.114115706328643984e+00 3.160758821199708473e+04
5.251777429210534365e+02 3.036610004766381826e+04 2.984092230474276585e+04 2.465751448760629128e+00 -1.480043108482204106e+00 3.148181389685111571e+04
5.251623901945180251e+02 3.036267721861868631e+04 2.983751482842416954e+04 2.564703970224014196e+00 -1.480043108482152592e+00 3.137926485185297861e+04
5.250892116124348377e+02 3.036156650792098299e+04 2.983647729630854883e+04 2.608403304312771009e+00 1.445498828045628459e+00 3.134636850378549207e+04
5.251278995496772950e+02 3.036672106589769101e+04 2.984159316634801507e+04 2.503134047994839850e+00 -1.480043108482161252e+00 3.150820815586950266e+04
6.947419508625852359e+03 1.752625474790419685e+04 1.057883523927834540e+04 2.369894065764048818e+00 2.236552706378468702e+00 1.841399051631119073e+04
4.001755939989250237e+03 6.820757632454534360e+03 2.819001692465284123e+03 2.295052874433486156e+00 2.345823900614290025e+00 7.569420337492255385e+03
1.519944037659317928e+03 3.461363881108028181e+03 1.941419843448710253e+03 2.365209170675027561e+00 1.574046895530457846e+00 4.123433485842910159e+03
4.424996766961926369e+02 2.241818258808697010e+03 1.799318582112504373e+03 2.002228049452855263e+00 1.131938113925015310e+00 2.896352301530344448e+03
3.503645414198578578e+02 2.145783776320992729e+03 1.795419234901134814e+03 1.939431234552579042e+00 1.285962188897728176e+00 2.829893719474116097e+03
3.390907105935458503e+02 2.135191160087091703e+03 1.796100449493545966e+03 1.241379557834649372e+00 1.150689055108395475e+00 2.794707866065771213e+03
3.400091731534508313e+02 2.150617052414121190e+03 1.810607879260670416e+03 1.333694629710140189e+00 8.658680856525146075e-01 2.869910182177870411e+03
3.396931638709609160e+02 2.138474673933909344e+03 1.798781510062948428e+03 1.192280339880491757e+00 9.540011598490084621e-01 2.790902068064985087e+03
3.406087385093647981e+02 2.141515127078896512e+03 1.800906388569531828e+03 1.109485056236962919e+00 9.030247054293862874e-01 2.819396581396236343e+03
3.390614550221923196e+02 2.137716538354703971e+03 1.798655083332511595e+03 9.415911065668023383e-01 1.196390145540638272e+00 2.811594104341369075e+03
3.360706906448767768e+02 2.135682973217558811e+03 1.799612282572682034e+03 1.307505005550976707e+00 1.107546881373716152e+00 2.806199047872205483e+03
3.519205042216321431e+02 2.156202864560801117e+03 1.804282360339168918e+03 1.316633793906433203e+00 9.220409617101242850e-01 2.850857775097975718e+03
3.697159192189444070e+02 2.167586593656129935e+03 1.797870674437185471e+03 1.417682921421407061e+00 1.015154184258844738e+00 2.821296158198539615e+03
5.094375125299154092e+02 2.319336771451740788e+03 1.809899258921825322e+03 1.835296833748194301e+00 1.302923626378035271e+00 3.038181591597184706e+03
1.105119653693121791e+03 2.965548105790366208e+03 1.860428452097244417e+03 2.019017004762780676e+00 1.483415689515775737e+00 3.705381728256161296e+03
2.780761552365531770e+03 5.006976214465925295e+03 2.226214662100393525e+03 2.280214526184184631e+00 2.521173831944095500e+00 5.825121332761358644e+03
5.079405123486762022e+03 8.646848299445839075e+03 3.567443175959077053e+03 2.377872118886973585e+00 3.194063432274054204e+00 9.434108553917492827e+03
6.391665596688829282e+03 1.196659980786261804e+04 5.574934211173788754e+03 2.407475981916450625e+00 -4.658088583530984317e-01 1.280974795307444947e+04
6.789778220346993294e+03 1.375472824604580819e+04 6.964950025698814898e+03 2.490298728129304973e+00 -9.034847243106233217e-01 1.453227928202691692e+04
6.907557907064679057e+03 1.465224982271585941e+04 7.744691915651180352e+03 2.391446663416074703e+00 -8.237604426972429117e-01 1.539191068819870088e+04
