5.250887865662275544e+02 3.035933157091779867e+04 2.983424278435157248e+04 2.522717368516348202e+00 -2.066423469522592260e+00 3.127894117560939048e+04
5.251921970569684390e+02 3.036431540337863771e+04 2.983912320632167030e+04 2.577548916388197053e+00 -1.480043108482192338e+00 3.142832104554140460e+04
5.251792381130505873e+02 3.036608402076239872e+04 2.984090478264934791e+04 2.599425671268830396e+00 -2.114115706328662636e+00 3.148133162260683457e+04
5.251724445924210158e+02 3.036532789705179312e+04 2.984015545245937392e+04 2.480399138993111929e+00 7.999047974058023369e-01 3.145866840861882156e+04
5.251643086624484340e+02 3.036411036712212808e+04 2.983894605845967817e+04 2.553503338364145225e+00 -1.480043108482189451e+00 3.142217551609943985e+04
5.252212105678735270e+02 3.036790261759751593e+04 2.984268140702964229e+04 2.422440681839526544e+00 7.999047974057980070e-01 3.153584024935206617e+04
5.252203442708653256e+02 3.036924330436481250e+04 2.984402296009394558e+04 2.468267261723242623e+00 -2.114115706328673294e+00 3.157602640161148156e+04
5.250467413229235945e+02 3.037244692007801859e+04 2.984740017875509511e+04 2.542165799169731066e+00 -2.114115706328663524e+00 3.167209093025191032e+04
5.252099899436592523e+02 3.036810682776356043e+04 2.984289683781990243e+04 2.531626146896706953e+00 -4.423193057393015692e+01 3.154240427021282449e+04
5.251621565898260542e+02 3.036757210491417209e+04 2.984240994832434444e+04 2.407670715381879489e+00 -1.480043108482156811e+00 3.153400041968231744e+04
6.945554761797863648e+03 1.751134254468849758e+04 1.056578778289063484e+04 2.501997528920155034e+00 2.156263545615703325e+00 1.848910268091519902e+04
4.245500410248320804e+03 7.224531653345113227e+03 2.979031243096792423e+03 2.675757219780489304e+00 2.311570074548244147e+00 8.007769727043434614e+03
1.403500416023662638e+03 3.316400111449872838e+03 1.912899695426210201e+03 2.488823519087373537e+00 1.406009279385439958e+00 3.965749621372270212e+03
3.912507885856433631e+02 2.197514095002695740e+03 1.806263306417052263e+03 1.929092212750766144e+00 9.068625291750209705e-01 2.846551391428504758e+03
3.506502037279948922e+02 2.138049883257436704e+03 1.787399679529441755e+03 1.820873735294588291e+00 1.563176268869179042e+00 2.772703950874138627e+03
3.389982005369939202e+02 2.135614879221061074e+03 1.796616678684067210e+03 1.196098861209023312e+00 1.339603931353387622e+00 2.850485923696154714e+03
3.400388820238013636e+02 2.131927441115720740e+03 1.791888559091919433e+03 1.041660067307748294e+00 1.545403031773545210e+00 2.806431393238244709e+03
3.400359950030556320e+02 2.135442635734229043e+03 1.795406640731173411e+03 1.070818199505447987e+00 1.247653630156436266e+00 2.823246983503286174e+03
3.389422253957876023e+02 2.135148563099099647e+03 1.796206337703312101e+03 1.279812422895578727e+00 1.066881572960727498e+00 2.837888188278639063e+03
3.382744686463785797e+02 2.129513614629054700e+03 1.791239145982676064e+03 1.098535515752708358e+00 9.834606682537022637e-01 2.796987731005066053e+03
3.422982195119834046e+02 2.145551225825341135e+03 1.803253006313357673e+03 1.318814553996019878e+00 9.907722578428770355e-01 2.803243852357504693e+03
3.536038896825673987e+02 2.153026807603547695e+03 1.799422917920980353e+03 1.027337262908298188e+00 9.420684621204488129e-01 2.845646335465399261e+03
3.797492004773444592e+02 2.180882648927113223e+03 1.801133448449768821e+03 1.226757224640104171e+00 1.102267490815390660e+00 2.867116970952899919e+03
5.213628929083223511e+02 2.333604912592919391e+03 1.812242019684596926e+03 1.776428549775683541e+00 1.329467152417007414e+00 3.069901785234128056e+03
1.144743598168620565e+03 3.010164547134961140e+03 1.865420948966340575e+03 2.457483390906990639e+00 1.689466111569214890e+00 3.729640828575155865e+03
2.748728097120397251e+03 4.970789440094539714e+03 2.222061342974142462e+03 2.399636949018606913e+00 2.459433269793076082e+00 5.774300451361332307e+03
4.895620705784592246e+03 8.293869364464069804e+03 3.398248658679477558e+03 2.421344964515501630e+00 3.234330612813574035e+00 9.099739434422632257e+03
6.395646256426938635e+03 1.198547962930529138e+04 5.589833372878352748e+03 2.371594562034297304e+00 -1.187604195259865714e+00 1.270838108192643449e+04
6.788092074340428553e+03 1.371840364724210303e+04 6.930311572901674481e+03 2.622776072888076460e+00 -9.139035407905463648e-01 1.442279378165923663e+04
6.900905741186033083e+03 1.461437040100898412e+04 7.713464659822951035e+03 2.424955261122134331e+00 -1.615460881808342242e+00 1.535878354360731646e+04
