5.251313958446881998e+02 3.036583106069211135e+04 2.984069966484742326e+04 2.627351410331243198e+00 -2.114115706328661748e+00 3.147374967784944238e+04
5.251798969633629213e+02 3.036444292650493662e+04 2.983926302954157291e+04 2.482789993751882474e+00 -1.480043108482182790e+00 3.143214328238269081e+04
5.251235119600173675e+02 3.036201917990133006e+04 2.983689566794131315e+04 2.634803220448995731e+00 1.445498828045644224e+00 3.135949658824444123e+04
5.252086588312585036e+02 3.036726679424422036e+04 2.984205813541296084e+04 2.472920248952484190e+00 -4.463472052542002899e+01 3.151678276392757107e+04
5.250699858740737227e+02 3.036271082849549930e+04 2.983764084262142569e+04 2.432009419679085571e+00 -1.480043108482228531e+00 3.138022729659749530e+04
5.251863245451078228e+02 3.036564160689887649e+04 2.984045528235376696e+04 2.692660672735203153e+00 4.703181825363739743e-01 3.146807122080213594e+04
5.251978492778412146e+02 3.036683839882385291e+04 2.984164054954601306e+04 2.571172069310688979e+00 -4.452143719112515186e+01 3.150394442465135216e+04
5.251504373738217737e+02 3.036274261622789709e+04 2.983759217885407634e+04 2.528095634482508736e+00 -1.480043108482189451e+00 3.138122507145675627e+04
5.251805582809635098e+02 3.036483493461938269e+04 2.983965437633841793e+04 2.481140900874903465e+00 1.230300817832350235e+00 3.144433455917809260e+04
5.251096894252085576e+02 3.036753682414685682e+04 2.984242713472164905e+04 2.478453969172670135e+00 -3.239184191603486251e+00 3.153300668311660775e+04
6.885703779301115901e+03 1.803322347350941345e+04 1.114751969420829846e+04 2.362964259512291054e+00 1.426990296989480100e+00 1.899295717258802688e+04
4.614618945949237968e+03 7.873232738377694659e+03 3.258613792428456691e+03 2.381207981706536803e+00 2.450100503936799345e+00 8.606522976036225373e+03
1.355147857343370561e+03 3.268935713319919614e+03 1.913787855976549054e+03 2.276913860945423806e+00 1.481666133478488412e+00 4.004370875095594783e+03
5.083944735852138024e+02 2.319722327492782824e+03 1.811327853907569079e+03 2.195669648652970096e+00 1.143929944091791162e+00 3.017867609449316660e+03
3.415435546719340323e+02 2.134677923225637642e+03 1.793134368553703553e+03 1.204344997909283732e+00 1.047978087627407850e+00 2.793683834106932864e+03
3.378807994714657639e+02 2.126092548403877572e+03 1.788211748932411865e+03 1.255016369839194512e+00 1.343121958255653725e+00 2.755408599333189613e+03
3.377944163746631148e+02 2.140130165814295196e+03 1.802335749439632082e+03 1.370982232472795603e+00 9.655525243067774044e-01 2.814447128114664793e+03
3.373467407828576370e+02 2.132314060534549753e+03 1.794967319751692230e+03 1.110407667920995989e+00 1.246747105199917272e+00 2.819398991283268515e+03
3.397102369906601780e+02 2.137851061204703456e+03 1.798140824214043278e+03 1.367004287698713183e+00 1.298057690325562508e+00 2.808843642029192779e+03
3.439342904643317524e+02 2.143911041568841028e+03 1.799976751104509276e+03 1.179751221798448269e+00 1.045554055696841234e+00 2.840045749324762255e+03
3.422359055058982449e+02 2.137792448520932794e+03 1.795556543015034549e+03 1.102945842701173129e+00 1.284552734754406567e+00 2.783300468428827116e+03
3.544346607626374066e+02 2.149033021813204414e+03 1.794598361050567064e+03 1.054443966636224195e+00 1.129330948897930176e+00 2.818322364031922007e+03
3.632892626376228122e+02 2.166609823886027243e+03 1.803320561248404374e+03 1.109858366462135759e+00 1.332726296436259839e+00 2.890152056423646172e+03
5.096407567458357448e+02 2.312877086633181989e+03 1.803236329887346301e+03 1.670988139159645725e+00 1.254854984373778626e+00 2.975713533484635718e+03
1.092954790057651280e+03 2.954732898516419937e+03 1.861778108458768656e+03 2.474634000545637758e+00 1.796979827182201506e+00 3.726004426609616075e+03
2.835862346359456296e+03 5.084810601263189710e+03 2.248948254903733414e+03 2.521979531124363572e+00 2.317635069450957985e+00 5.890239296188542539e+03
4.696491012294693974e+03 7.912590390519608263e+03 3.216099378224914290e+03 2.308754998889456900e+00 3.189201779814434534e+00 8.653437646004376802e+03
6.490406897270789159e+03 1.232735057354357195e+04 5.836943676272782795e+03 2.465155414209614815e+00 -8.351124128804575664e-01 1.310527460343914390e+04
6.786889260860227296e+03 1.376699373390874825e+04 6.980104473048520958e+03 2.387773494738587576e+00 -1.746035086455464125e+00 1.451169912630115869e+04
6.910870645911686552e+03 1.468188000916366764e+04 7.771009363251981085e+03 2.600790769026628979e+00 -1.398290557046589555e+00 1.544613401351379980e+04
