5.251866413982219228e+02 3.036558637635369814e+04 2.984039973495547747e+04 2.606863488674308726e+00 -3.007297043461413821e+01 3.146641578070695323e+04
5.252288383378551089e+02 3.036380230318698887e+04 2.983857346484913433e+04 2.538660676133714045e+00 -1.480043108482158587e+00 3.141294194913719548e+04
5.250727280958383290e+02 3.036363560616651739e+04 2.983856287807067929e+04 2.442533213841882045e+00 -1.480043108482183234e+00 3.140794555741810836e+04
5.250964927033679714e+02 3.036755071023265918e+04 2.984245421752929178e+04 2.499248625275057645e+00 -2.114115706328673294e+00 3.152529254706355277e+04
5.251311633619401391e+02 3.036480603024354787e+04 2.983967486688160716e+04 2.599940190635636750e+00 -4.469136219256745335e+01 3.144302655140414572e+04
5.251758532881765404e+02 3.036474860062717198e+04 2.983957274733899612e+04 2.553243675552066438e+00 -1.468521675688853056e+00 3.144130524047179642e+04
5.251319390125331665e+02 3.036540353105013855e+04 2.984027159203760675e+04 2.543619431771906303e+00 -1.714353705057178878e-01 3.146093727407521874e+04
5.251935045596646887e+02 3.036800114351489174e+04 2.984280763895522614e+04 2.619470095456204906e+00 -2.114115706328671074e+00 3.153883800381318724e+04
5.251780091838261342e+02 3.036853610471377397e+04 2.984335809552994760e+04 2.556574267732221184e+00 -1.480043108482226755e+00 3.155526551347040368e+04
5.251582064191716199e+02 3.036567073924831857e+04 2.984051253282914695e+04 2.448792233444116562e+00 -3.239184191603455165e+00 3.147724574003981252e+04
6.912362004658630212e+03 1.789189076812784697e+04 1.097952876346921767e+04 2.554628898077154986e+00 1.888598535412699286e+00 1.883652257154574181e+04
4.257470708516984814e+03 7.242970258873175226e+03 2.985499550356190412e+03 2.589824803363950156e+00 2.418189010405486616e+00 8.042683035685781761e+03
1.429891961504500159e+03 3.352204552733222044e+03 1.922312591228721885e+03 2.128751214486096277e+00 1.458433181228898645e+00 4.012078475215973413e+03
4.227934861037695100e+02 2.230178470539234695e+03 1.807384984435465185e+03 1.946449206636448492e+00 1.147712563402236929e+00 2.917317753697391709e+03
3.522834850353759748e+02 2.145400393042793894e+03 1.793116908007417805e+03 1.845379510332085582e+00 9.349146661728090502e-01 2.785894752526024149e+03
3.438152533744224684e+02 2.139475733466223573e+03 1.795660480091801219e+03 1.108141539001383569e+00 1.371345476887396053e+00 2.828855031800115285e+03
3.377151728422032306e+02 2.137505909867963965e+03 1.799790737025760791e+03 1.307655739667478612e+00 1.202169841113468030e+00 2.841911763602833616e+03
3.400131525875852958e+02 2.135047777242266420e+03 1.795034624654681011e+03 1.094708226106926974e+00 1.360305281075382844e+00 2.806149477484853378e+03
3.382899749170015298e+02 2.127325081246462560e+03 1.789035106329461087e+03 1.119837369802889171e+00 9.404464397600343917e-01 2.746559418973473839e+03
3.379338133644585014e+02 2.136030216991912766e+03 1.798096403627454265e+03 1.082059533651469563e+00 1.118320151463731538e+00 2.825555971778296680e+03
3.372527973384421216e+02 2.137246523694106600e+03 1.799993726355664421e+03 9.446578741788312916e-01 1.019321283233485476e+00 2.813237654664191268e+03
3.412964312738648687e+02 2.132773932236390920e+03 1.791477500962525937e+03 1.388170966334115741e+00 1.234796125803168776e+00 2.796763800540245938e+03
3.909727946965202250e+02 2.191238845649806080e+03 1.800266050953285912e+03 1.429428369599088589e+00 1.011986319521122279e+00 2.878122433249497590e+03
5.356577110354362503e+02 2.345524885367301977e+03 1.809867174331865726e+03 2.209876361768116748e+00 9.364536390061483084e-01 3.032112500741909116e+03
9.560268738041198731e+02 2.799462622692186414e+03 1.843435748888066428e+03 2.128113559836471325e+00 1.577103184751004195e+00 3.524905965615226705e+03
2.711612387333640072e+03 4.909664092633984183e+03 2.198051705300344111e+03 2.277197757932254429e+00 2.478609295668638524e+00 5.714656537528173430e+03
4.960387942058349836e+03 8.407761458261604275e+03 3.447373516203254439e+03 2.332577347088574005e+00 2.939324805542154362e+00 9.242239369340402845e+03
6.421623287625660851e+03 1.207728815776630290e+04 5.655664870140642051e+03 2.563877318227274937e+00 3.466571230340404486e-01 1.284276585253270423e+04
6.730665516494437725e+03 1.347018661781667470e+04 6.739521101322236973e+03 2.444702823120692425e+00 -2.575043077452370266e+00 1.430462492178438515e+04
6.940495963718123676e+03 1.501851538638661805e+04 8.078019422668494371e+03 2.666106553135528578e+00 -8.638518834789009615e-01 1.578125036139855547e+04
