5.251794882677854730e+02 3.036804998897184851e+04 2.984287050070406258e+04 2.444367598198345704e+00 -1.480043108482189451e+00 3.154025737457242212e+04
5.251647072974882349e+02 3.036887518440276108e+04 2.984371047710527273e+04 2.409770813414810586e+00 -1.480043108482181013e+00 3.156499086774276657e+04
5.251676642061695475e+02 3.036288216933102740e+04 2.983771450512485899e+04 2.510397743169402673e+00 -1.480043108482193892e+00 3.138536287684256604e+04
5.251785528002795900e+02 3.036917517200278235e+04 2.984399661920250219e+04 2.432488515636976878e+00 -2.114115706328659972e+00 3.157398236355118570e+04
5.251945561315070563e+02 3.036768972505728379e+04 2.984249516892577594e+04 2.469373658154432771e+00 -1.480043108482198777e+00 3.152945922336164949e+04
5.250979799663625727e+02 3.037318521014709768e+04 2.984808723018073579e+04 2.525068489286754758e+00 -3.183211151773543079e+01 3.169417482278732859e+04
5.251908864579345391e+02 3.036853343314264930e+04 2.984334254668471476e+04 2.488462978399968772e+00 -2.114115706328652866e+00 3.155474949107853899e+04
5.251779440751835182e+02 3.036848727940498065e+04 2.984330933532979543e+04 2.538825969997186238e+00 -2.114115706328661304e+00 3.155340939149478800e+04
5.251883358204164551e+02 3.036405091252847706e+04 2.983886257670805935e+04 2.473652769965868803e+00 -1.468521675688853056e+00 3.142083624437221079e+04
5.251264861056017708e+02 3.036714031732192961e+04 2.984201383121632898e+04 2.489005850477432613e+00 -3.239184191603411644e+00 3.152142418565081971e+04
6.921767798184289859e+03 1.783216521675914919e+04 1.091039741857485933e+04 2.522350845694391275e+00 1.922342806613074551e+00 1.875403213481101193e+04
4.169121197946024949e+03 7.094100843005909155e+03 2.924979645059884206e+03 2.442826339598731522e+00 2.369694910155023315e+00 7.840445950389988866e+03
1.333627905873035388e+03 3.243259933196156908e+03 1.909632027323121520e+03 2.264204336564214604e+00 1.451905665562811976e+00 3.974465653462260889e+03
5.508188478760467888e+02 2.370195801109892727e+03 1.819376953233846052e+03 2.174326717624545768e+00 7.942975357762597222e-01 3.059261717403873718e+03
3.819450115748092003e+02 2.185131439659069201e+03 1.803186428084260115e+03 1.938522158900286785e+00 1.010427293398832527e+00 2.889817118255059995e+03
3.380395886134622287e+02 2.134865832549640345e+03 1.796826243936178116e+03 9.779720332678100148e-01 1.054731225229759595e+00 2.796913707783783138e+03
3.422011392517323429e+02 2.132092827053042583e+03 1.789891687801310127e+03 1.245669578711188441e+00 1.143259954301382164e+00 2.792528949722975995e+03
3.383401377593668258e+02 2.133403816085988183e+03 1.795063678326621357e+03 1.574960496358327910e+00 1.078725422299679826e+00 2.793408308092082279e+03
3.381246615393076809e+02 2.134064798995345882e+03 1.795940137456038201e+03 1.113458430204871785e+00 1.052705674538642056e+00 2.812711498056759410e+03
3.413690094616221131e+02 2.152457844581399058e+03 1.811088835119776832e+03 1.333461640614190591e+00 7.299535146397774232e-01 2.843296904944650123e+03
3.392041607773041392e+02 2.144169895930323037e+03 1.804965735153018841e+03 1.336359629480360356e+00 9.987374380768088145e-01 2.832393751966058062e+03
3.388107592932313992e+02 2.139794695259478431e+03 1.800983935966246918e+03 1.225741765312699849e+00 9.612421960634498497e-01 2.854649292062584664e+03
3.529191246134557787e+02 2.148167593895132995e+03 1.795248469281677217e+03 1.159595170449572166e+00 1.337663190605970387e+00 2.841145641775512104e+03
4.826585267348451680e+02 2.281195545934449001e+03 1.798537019199603947e+03 2.027116782327205602e+00 1.300921290724153634e+00 2.965076008885021565e+03
1.314778648481644950e+03 3.199318833179599096e+03 1.884540184697954146e+03 2.306815521475829467e+00 1.998480472342808900e+00 3.927709335191149421e+03
3.021286571119360360e+03 5.336088069073835868e+03 2.314801497954475508e+03 2.456538701513163225e+00 2.555596111956919714e+00 6.175528492282255684e+03
5.132009884903984130e+03 8.762370307457862509e+03 3.630360422553878379e+03 2.318871442538011696e+00 2.911855199001342154e+00 9.656578099133595970e+03
6.453621053917053359e+03 1.223391120705218054e+04 5.780290153135127184e+03 2.324127836372422262e+00 -1.405063580026771008e+00 1.299252002149611872e+04
6.826903388542786161e+03 1.396973106660525991e+04 7.142827678062473751e+03 2.376793148976204417e+00 -7.520251892427478602e-01 1.464334274707514487e+04
6.936554933676927249e+03 1.496211728736899386e+04 8.025562353692066608e+03 2.500806009915669925e+00 -1.132764263996706378e+00 1.566660307579380969e+04
