5.251110510675995329e+02 3.036768145948573147e+04 2.984257040841813068e+04 2.455460809753381657e+00 -2.114115706328663524e+00 3.152921148024736249e+04
5.251835871597548930e+02 3.036932808252271570e+04 2.984414449536296161e+04 2.497852983603379595e+00 -2.114115706328661304e+00 3.157856553398371034e+04
5.251813334446968611e+02 3.036557910361061658e+04 2.984039777016592052e+04 2.408582097132290212e+00 7.999047974058096644e-01 3.146619779556810681e+04
5.251736518457870488e+02 3.036814066223272675e+04 2.984296701038693936e+04 2.507394038002116687e+00 -1.480043108482185232e+00 3.154297511438652145e+04
5.251393018485770199e+02 3.036354045532825694e+04 2.983840115347968094e+04 2.581213026113971853e+00 1.445498828045619133e+00 3.140509361169704789e+04
5.252076059378927084e+02 3.036795234067491037e+04 2.984274473473701801e+04 2.573784976720269402e+00 -2.114115706328648869e+00 3.153733059379527549e+04
5.251823348901082227e+02 3.036681734827303444e+04 2.984163501338292554e+04 2.435692960426552478e+00 -1.480043108482189451e+00 3.150331349221178243e+04
5.251814914725118797e+02 3.036626545919778800e+04 2.984108396772527703e+04 2.444606242795196227e+00 7.999047974057997834e-01 3.148681455544339769e+04
5.252036551418033241e+02 3.036512064085683596e+04 2.983991698571503366e+04 2.428619839674370784e+00 -1.480043108482177461e+00 3.145289903003515428e+04
5.251665906452211630e+02 3.036510054161293010e+04 2.983993395096770837e+04 2.423106355455244998e+00 -1.480043108482181013e+00 3.145983266253261172e+04
6.893598148126930937e+03 1.803482089321753301e+04 1.114122274509060298e+04 2.513391886619126936e+00 1.410826535161865181e+00 1.896874718611960998e+04
4.184184570147505838e+03 7.119629346003990577e+03 2.935444775856484739e+03 2.628407589583911630e+00 2.456598076056604185e+00 7.838312658828240274e+03
1.344782847404661879e+03 3.269484434634956415e+03 1.924701587230294535e+03 2.133567861169015867e+00 1.396697267951781063e+00 4.047795200882530480e+03
5.156838531861554884e+02 2.319894439137306108e+03 1.804210585951150733e+03 2.122725617259450193e+00 1.284384109987787292e+00 2.983646192645778683e+03
3.648012352112025951e+02 2.161071742414234905e+03 1.796270507203032366e+03 2.288676132013808040e+00 1.080321781345129795e+00 2.823073967379175883e+03
3.384364446747431998e+02 2.131185014253247573e+03 1.792748569578504430e+03 1.266143745329278092e+00 1.269582485616461698e+00 2.813037132863474199e+03
3.406012129825166994e+02 2.137666994937403160e+03 1.797065781954886461e+03 1.226486861547436469e+00 1.001017887391226546e+00 2.788352929882493299e+03
3.398766287966615209e+02 2.139375404225734201e+03 1.799498775429072793e+03 1.234819544022377924e+00 8.712108443938029190e-01 2.787963203162319132e+03
3.420974694082462406e+02 2.142374690578733407e+03 1.800277221170487110e+03 1.072730536289808745e+00 1.150876610252974830e+00 2.853307183663583146e+03
3.399542866078157886e+02 2.134072007743880022e+03 1.794117721136064119e+03 1.344566413756189460e+00 1.173382813938636415e+00 2.816936799094176877e+03
3.381432843249043003e+02 2.134002665838862413e+03 1.795859381513958169e+03 1.501375708125447739e+00 1.087637499363715898e+00 2.792869357168922306e+03
3.524926662620285924e+02 2.160452700835156520e+03 1.807960034573127814e+03 1.043292791099280192e+00 1.031321162595087104e+00 2.857756970980504320e+03
3.915412781855737876e+02 2.192227778529969328e+03 1.800686500344395427e+03 1.289361661057389252e+00 1.102562416766618147e+00 2.871911671051819667e+03
4.566623139918828542e+02 2.258587451157213309e+03 1.801925137165330398e+03 1.945388977843021339e+00 1.375263577832875894e+00 2.954971919649052779e+03
1.081577375704816404e+03 2.941655516516448643e+03 1.860078140811632238e+03 2.457310935446962663e+00 1.528782855808650032e+00 3.692124179831775564e+03
3.070122774126212335e+03 5.407870177686574607e+03 2.337747403560362272e+03 2.317351586065309998e+00 2.628261112129881116e+00 6.276692761416014946e+03
5.084200096705510077e+03 8.639514606368298701e+03 3.555314509662788623e+03 2.370718856066811764e+00 2.922853464548992974e+00 9.497037550277251285e+03
6.407640666557160330e+03 1.203520062066741411e+04 5.627559954110253784e+03 2.480086694711914230e+00 -8.455834991744691775e-01 1.288383362057588238e+04
6.832863870793184105e+03 1.408056254248302866e+04 7.247698671689844559e+03 2.598767972291286199e+00 -1.454193456622566494e+00 1.476653976839009192e+04
6.955551239517244539e+03 1.525574002806522367e+04 8.300188788547979129e+03 2.391261945161121449e+00 -1.506075057223851488e+00 1.601539106361760059e+04
