5.250967795264867846e+02 3.036295018052397063e+04 2.983785340099748282e+04 2.401534084204065334e+00 -1.480043108482198777e+00 3.138740136895565593e+04
5.251141083404610299e+02 3.036816755918920171e+04 2.984305345084873989e+04 2.604377943732651968e+00 -1.480043108482117065e+00 3.154378129394552889e+04
5.252119610610337759e+02 3.036425175413508259e+04 2.983903979307404734e+04 2.441046895756702639e+00 -4.402941488023299854e+01 3.142641329366672653e+04
5.251248888496586460e+02 3.036740597052525845e+04 2.984228108167559913e+04 2.380568963224190426e+00 -2.114115706328673294e+00 3.152095427950668090e+04
5.251967817853444558e+02 3.036395814837847502e+04 2.983876136659313124e+04 2.615956086507408518e+00 -2.114115706328661748e+00 3.141761308019787975e+04
5.251857743889113408e+02 3.036561424939321296e+04 2.984042847500430071e+04 2.512909497202307829e+00 -1.480043108482159253e+00 3.146725123751853607e+04
5.251606793797928958e+02 3.036696036553055455e+04 2.984179968615075995e+04 2.780467553594277774e+00 1.015102807619085112e+00 3.150760009899470970e+04
5.251691477995489095e+02 3.036223175342891045e+04 2.983706260562936222e+04 2.432233438834142891e+00 -1.561469782915806803e+01 3.136591250373484945e+04
5.252216522178865716e+02 3.036764899113104184e+04 2.984242733891315584e+04 2.607478951820372703e+00 -1.480043108482140823e+00 3.152867787209980088e+04
5.251863875020784462e+02 3.036773323912539490e+04 2.984254685162331589e+04 2.537119953115151816e+00 -2.114115706328659972e+00 3.153872424878905440e+04
6.906291277489641288e+03 1.794610963924194584e+04 1.103981836175230455e+04 2.567522913543121010e+00 1.004359614705069736e+00 1.889875698483958695e+04
4.203179484466867507e+03 7.154529097063496920e+03 2.951349612596629413e+03 2.402908342772760886e+00 2.138548100672800434e+00 7.904570837735289388e+03
1.571140276628679203e+03 3.531166855177411435e+03 1.960026578548732232e+03 2.178202613478152028e+00 1.278487627630899182e+00 4.260229754843752744e+03
5.214410859744710933e+02 2.330619515357651380e+03 1.809178429383180173e+03 2.090680081940227364e+00 1.548598819411960426e+00 2.986203946501068913e+03
3.646153075869145255e+02 2.165968374141775712e+03 1.801353066554861243e+03 1.626353097217873467e+00 1.198561417635812587e+00 2.860488163657310452e+03
3.392400075285808612e+02 2.129382026310460333e+03 1.790142018781879415e+03 1.167051228627945081e+00 1.130282147029532558e+00 2.750983488249240963e+03
3.422811193875383537e+02 2.136551951335295144e+03 1.794270831947756733e+03 1.077951357777868990e+00 1.440554006904837259e+00 2.834479807289114433e+03
3.392819054001074619e+02 2.136469733016045211e+03 1.797187827615937749e+03 1.132108893332625099e+00 1.286057021743495232e+00 2.814219266133026849e+03
3.375705006150394638e+02 2.122816023161276917e+03 1.785245522546237453e+03 1.253234292895764712e+00 1.392865490715063936e+00 2.762719656769417270e+03
3.387452348930251560e+02 2.135226255635111556e+03 1.796481020742086457e+03 1.036511963652303914e+00 1.054023654133310339e+00 2.825044839105512892e+03
3.379421328853236446e+02 2.125627397057863618e+03 1.787685264172539974e+03 1.676455942529060605e+00 1.048755256152545945e+00 2.771245582804034257e+03
3.364803699148956753e+02 2.134322298129124647e+03 1.797841928214229029e+03 1.150915759167303820e+00 8.895209729098881857e-01 2.806938437143076044e+03
3.545084928326146496e+02 2.153961889887681536e+03 1.799453397055066944e+03 1.328472066070544022e+00 1.069384008833945243e+00 2.855844965969010445e+03
4.926968220451833531e+02 2.298515003421877736e+03 1.805818181376694383e+03 2.136260685735267728e+00 1.124108186848029378e+00 2.982480005682407864e+03
1.168592673511125895e+03 3.041647315008000987e+03 1.873054641496875092e+03 2.112115322793869154e+00 1.722486281576884215e+00 3.807155454900202585e+03
2.824917960634080828e+03 5.054344218849812933e+03 2.229426258215732105e+03 2.286267702225896592e+00 2.734564108301359209e+00 5.919082796342963775e+03
4.932597602683861624e+03 8.375989458468948214e+03 3.443391855785086591e+03 2.348684013554783068e+00 2.988254302417209463e+00 9.207122291697793116e+03
6.338612511938484204e+03 1.179106633972048439e+04 5.452453827782000189e+03 2.433472243825603343e+00 -1.051320840630977971e+00 1.255482183209641153e+04
6.840979911668562636e+03 1.406001791012523609e+04 7.219037998456673449e+03 2.397699996871911043e+00 -1.063749445114870573e+00 1.480939571079467169e+04
6.948285307179134179e+03 1.519282968860145411e+04 8.244544381422319930e+03 2.361238131515928984e+00 -5.305522654575053343e-01 1.595002892679604156e+04
