5.251738355997159715e+02 3.036648207819817981e+04 2.984130824259846486e+04 2.615684107473207121e+00 1.445498828045632678e+00 3.149326255496605518e+04
5.251457934314931890e+02 3.036480850769207245e+04 2.983966271426057938e+04 2.612713436304271664e+00 -4.452143719112515186e+01 3.144310080766037936e+04
5.251496384554042152e+02 3.036687354060669531e+04 2.984172390215129053e+04 2.393738760741807692e+00 -2.114115706328663524e+00 3.150499581529038915e+04
5.252170415822616860e+02 3.036701017932780451e+04 2.984179313774554248e+04 2.599480864583692874e+00 -3.017430583024419732e+01 3.150909127286212606e+04
5.251537454172623711e+02 3.036839018933213447e+04 2.984323644391487323e+04 2.428035586890164854e+00 7.999047974057881261e-01 3.155045416312152156e+04
5.251666557956832548e+02 3.036895613411800150e+04 2.984378947832231643e+04 2.546560586137168070e+00 -3.239184191603429408e+00 3.156741718568690703e+04
5.251775837137023473e+02 3.036528455712982031e+04 2.984010697341611740e+04 2.489562821597488540e+00 -4.463472052542002189e+01 3.145737129333032499e+04
5.252184466576426303e+02 3.036686860865732160e+04 2.984165016199967795e+04 2.498558504344439601e+00 -1.480043108482181680e+00 3.150489282531262143e+04
5.251965306285694624e+02 3.036996502019514810e+04 2.984476848956657705e+04 2.477715802488511088e+00 -2.114115706328663524e+00 3.159809598127068602e+04
5.251673315304497009e+02 3.036537184996150245e+04 2.984020451843105184e+04 2.652787955825355315e+00 -2.114115706328661304e+00 3.146822300613864354e+04
6.918623557896888997e+03 1.778376892872102690e+04 1.086514537082413881e+04 2.598949270444745441e+00 1.800751730194542155e+00 1.873536541004263563e+04
4.181654209852425083e+03 7.094696711900718583e+03 2.913042502048293500e+03 2.371556442383737640e+00 2.314837973077494393e+00 7.828377008694917095e+03
1.330398747496909209e+03 3.240638604044200747e+03 1.910239856547291538e+03 2.228922038129026451e+00 1.559547987937852431e+00 3.939685509914935210e+03
4.977057270449951716e+02 2.303538157991880780e+03 1.805832430946885552e+03 2.041043747358237237e+00 1.020154307703572405e+00 2.953042462647171760e+03
3.368217779502324447e+02 2.135349699730956218e+03 1.798527921780723773e+03 9.880073757519401978e-01 1.277390188129706283e+00 2.814354482264486251e+03
3.411058047162293292e+02 2.144453920637103693e+03 1.803348115920874307e+03 1.167099177957551470e+00 1.010914474880672209e+00 2.833004416226183821e+03
3.389584720188578899e+02 2.142850691378327156e+03 1.803892219359469209e+03 8.874928743399425057e-01 1.222547434651392484e+00 2.845277979962167592e+03
3.391183531428477522e+02 2.139780138749104026e+03 1.800661785606256217e+03 1.746443692121688152e+00 9.199316582992170810e-01 2.802811420668829214e+03
3.381536259438670982e+02 2.130178522239116774e+03 1.792024896295249619e+03 1.309635331170734274e+00 1.253954955673725280e+00 2.793173071119035285e+03
3.389985593928827257e+02 2.129139598623151414e+03 1.790141039230268689e+03 1.244756107026523617e+00 1.090736659407697040e+00 2.768947794859805526e+03
3.409249727754731794e+02 2.139781036537709952e+03 1.798856063762236772e+03 1.350828814154392488e+00 8.409077912029391255e-01 2.805146612998920318e+03
3.389460438876229773e+02 2.139397623810177265e+03 1.800451579922554174e+03 1.277323081957306927e+00 1.166373499185038076e+00 2.827229411954023817e+03
3.504718121674137024e+02 2.150328208660228483e+03 1.799856396492814838e+03 1.153977256826783426e+00 8.670293133344344483e-01 2.818340168469624132e+03
5.846343111517383022e+02 2.399906006124971100e+03 1.815271694973232798e+03 2.030809976360514302e+00 1.382061952917618797e+00 3.136175421330105564e+03
1.030347280332613536e+03 2.878233317565786365e+03 1.847886037233172829e+03 2.155758752856773430e+00 1.841455051187559588e+00 3.643063587598209324e+03
3.194237927202244919e+03 5.569244684532889551e+03 2.375006757330644632e+03 2.340873189194572657e+00 2.699424751646772425e+00 6.483677248321907427e+03
5.222542755606031278e+03 8.917489591528954406e+03 3.694946835922923128e+03 2.418405068724587270e+00 2.553053198909855936e+00 9.810943683855577547e+03
6.420396657855549165e+03 1.204457731777463960e+04 5.624180659919090431e+03 2.379670786198511134e+00 -1.368698103678182676e+00 1.285883858193297601e+04
6.865128879334522935e+03 1.431453370445613837e+04 7.449404825121615431e+03 2.668366484944879158e+00 -7.062693485380937553e-01 1.502609942868276630e+04
6.972868520226214059e+03 1.547898546302185241e+04 8.506116942795637442e+03 2.531987478848259254e+00 -5.893951004628258383e-01 1.619157659658780722e+04
