5.252079402140573166e+02 3.036876878925318670e+04 2.984356084903912779e+04 2.516018956954415575e+00 -1.468521675688844397e+00 3.156180189746279939e+04
5.251476186992349540e+02 3.037319269561428519e+04 2.984804507691504841e+04 2.454287585378784442e+00 -2.114115706328662636e+00 3.169439916312287824e+04
5.252308907061184300e+02 3.036496691367616586e+04 2.983973602297004618e+04 2.515633389337055714e+00 -1.518204716095103635e+01 3.144784869304383392e+04
5.251802443046005919e+02 3.036481667791008294e+04 2.983963643360548303e+04 2.463818243725413026e+00 -1.480043108482147263e+00 3.144334569271764849e+04
5.250805663498734930e+02 3.037002009915263261e+04 2.984493953280276037e+04 2.465204420216760006e+00 -1.480043108482203662e+00 3.159930727343418039e+04
5.251220307373786227e+02 3.036551641194415424e+04 2.984039438120677733e+04 2.460915027466500593e+00 -1.898917696115389964e+00 3.146431876578233641e+04
5.251770402890875857e+02 3.036864069969880438e+04 2.984346365940971737e+04 2.556441098024361924e+00 -1.480043108482209435e+00 3.155796457510140317e+04
5.250770320733125800e+02 3.036640741723565225e+04 2.984133038516233864e+04 2.515110609600138769e+00 -1.480043108482222758e+00 3.149107016301151452e+04
5.252046543910029186e+02 3.036601971465614770e+04 2.984081506026514398e+04 2.433164180075987559e+00 -3.239184191603455165e+00 3.147984526113638276e+04
5.252208619709022059e+02 3.036774469786193004e+04 2.984252383589102828e+04 2.673948628246374692e+00 -1.468521675688848616e+00 3.153943935579550089e+04
6.893434585360356323e+03 1.804916112576200976e+04 1.115572654040165435e+04 2.644111899372243446e+00 1.340611335236388202e+00 1.903190942810199340e+04
4.120882816913837814e+03 7.019573663588595991e+03 2.898690846674758177e+03 2.492167488590137925e+00 2.370441582567352157e+00 7.745299339283677000e+03
1.365375084022085730e+03 3.287514432156657222e+03 1.922139348134571492e+03 2.269839739631674291e+00 1.751799541123003179e+00 4.016545415365261761e+03
5.732447922114811263e+02 2.385860846733955441e+03 1.812616054522474315e+03 2.248924778144679504e+00 1.281904766248478156e+00 2.997993764235150138e+03
3.552012546007300671e+02 2.155941033944367973e+03 1.800739779343638020e+03 1.388620053893562689e+00 1.193468790962149306e+00 2.882466326944031607e+03
3.402516471203840069e+02 2.144423738208819032e+03 1.804172091088435081e+03 1.205424888175518516e+00 1.180621686480659571e+00 2.838596497767656729e+03
3.414583186976152547e+02 2.136066643642079725e+03 1.794608324944464584e+03 1.463514697865580416e+00 1.254222099661457479e+00 2.828640807704516646e+03
3.373960594738182408e+02 2.130540903471370257e+03 1.793144843997552016e+03 1.249838854028330504e+00 9.975277512963959259e-01 2.778454313711675695e+03
3.404261672677455977e+02 2.152389015342327639e+03 1.811962848074582098e+03 1.257653422398498977e+00 6.458315044589487686e-01 2.853523597352992965e+03
3.397937059348359412e+02 2.142408906003413449e+03 1.802615200068577451e+03 1.404263870747899601e+00 1.068231035519355610e+00 2.837351356331090301e+03
3.433548181315373427e+02 2.143834778613863818e+03 1.800479960482326533e+03 1.233145991179090517e+00 8.289097685076566302e-01 2.855538965430922872e+03
3.422407795354836253e+02 2.143559055709641598e+03 1.801318276174157972e+03 1.081021757919027104e+00 9.784348108778462283e-01 2.827363318136932776e+03
3.658806643614096856e+02 2.165201871344444498e+03 1.799321206983034699e+03 1.273544846605133118e+00 1.009089251019124944e+00 2.849267074708030577e+03
5.121755129856095436e+02 2.317490240519134204e+03 1.805314727533524547e+03 1.744837422910245905e+00 1.304737070818714928e+00 3.014286332481927275e+03
1.006572087495571509e+03 2.855802263490798396e+03 1.849230175995227000e+03 2.067272948021464885e+00 1.539858946669512507e+00 3.578156724868622860e+03
3.225969679682605147e+03 5.613490041172478414e+03 2.387520361489873267e+03 2.206052570976964944e+00 2.600474790503686240e+00 6.508793987016847495e+03
5.016813465050954619e+03 8.529714686448696739e+03 3.512901221397742120e+03 2.336918853253600492e+00 2.836353848712409143e+00 9.331489762517612689e+03
6.496892539624638630e+03 1.236784517261968358e+04 5.870952632995044951e+03 2.430811624339446642e+00 -2.517461853723571341e+00 1.312295618282071882e+04
6.849964374901302108e+03 1.421780769017552120e+04 7.367843315274219094e+03 2.561929776822271965e+00 -1.052184643513903062e+00 1.495755814222260597e+04
6.958113508829056627e+03 1.515138510653172489e+04 8.193271597702667350e+03 2.320971664283087765e+00 -7.282235048505887320e-01 1.592178964963721774e+04
