5.252508304027859367e+02 3.036697084035126682e+04 2.984172000994847986e+04 2.418341081705948969e+00 -2.114115706328661304e+00 3.150791216998485834e+04
5.251535692660967243e+02 3.036624514753040057e+04 2.984109157826430237e+04 2.435387413608875118e+00 -2.058742514327021933e+00 3.148616105775162578e+04
5.251929619491883159e+02 3.036568683716454689e+04 2.984049387521535755e+04 2.469160411299784474e+00 -2.989761416405826822e+01 3.146942688169703615e+04
5.251582617117721838e+02 3.036899515604613407e+04 2.984383689433436302e+04 2.543044726521297871e+00 -1.480043108482156811e+00 3.156858676480204304e+04
5.251521728297835807e+02 3.036794432883713307e+04 2.984279215600734824e+04 2.661695611743585044e+00 -2.058742514327037032e+00 3.153709043484905487e+04
5.251378353907961127e+02 3.036232557897656079e+04 2.983718774358576411e+04 2.476055258858929520e+00 -4.457807885827258332e+01 3.136868027555422304e+04
5.251714640613490701e+02 3.036543185925277066e+04 2.984026039519142068e+04 2.437775137221494859e+00 -1.480043108482206771e+00 3.146178635947992734e+04
5.251981818180705659e+02 3.036608828644381356e+04 2.984089010462574151e+04 2.538992517070850052e+00 7.999047974057914567e-01 3.148150504228477803e+04
5.251631541098277012e+02 3.037028121954408925e+04 2.984511806543426064e+04 2.442915532063670181e+00 -1.480043108482181013e+00 3.160756992486894887e+04
5.251345803125085467e+02 3.037159000649556765e+04 2.984645542618305990e+04 2.577606147066610287e+00 -3.136541967347720217e+01 3.165464286084652122e+04
6.940569542959659884e+03 1.771982912535550713e+04 1.077925958239584725e+04 2.390531716954274799e+00 1.838770679316783729e+00 1.872612893508977868e+04
4.410311051802487782e+03 7.495099661827647651e+03 3.084788610025159869e+03 2.438821553527060981e+00 2.541270489916529485e+00 8.229484934255797270e+03
1.269770118772868045e+03 3.160202562059062075e+03 1.890432443286194029e+03 2.303212646346400216e+00 1.536775243577407579e+00 3.821417783097825122e+03
4.815794334567540318e+02 2.284865589360232661e+03 1.803286155903478630e+03 2.037980025976128484e+00 1.483940851037431452e+00 2.942032449132925649e+03
3.522038167469960968e+02 2.158713920851855164e+03 1.806510104104859010e+03 1.762449158172379127e+00 9.268604960520631098e-01 2.831601543424617375e+03
3.370168633072080411e+02 2.139442686884730392e+03 1.802425823577522351e+03 1.149958467643209525e+00 1.151161886514855404e+00 2.835879889772329079e+03
3.409173244558166971e+02 2.145326266265160484e+03 1.804408941809343787e+03 1.099935978335037978e+00 9.450185933719731368e-01 2.856979603037232664e+03
3.396760720038435011e+02 2.138452533309764021e+03 1.798776461305920520e+03 1.248097891373199486e+00 1.269628278233748908e+00 2.822907378997473643e+03
3.373555827616306715e+02 2.140791724814140707e+03 1.803436142052510149e+03 1.166285656308519103e+00 9.015675982329215410e-01 2.818371881250524893e+03
3.443220512665284900e+02 2.139935258221994900e+03 1.795613206955466467e+03 1.328302392576603763e+00 9.816417680512697919e-01 2.818239884639078809e+03
3.384711460274345427e+02 2.131427919544515134e+03 1.792956773517080592e+03 1.216107247473035224e+00 1.410812488066359949e+00 2.800012290520783608e+03
3.399105332561876480e+02 2.133295873180191847e+03 1.793385339924004256e+03 1.322367354571483355e+00 1.079332190329012731e+00 2.781200616312901730e+03
3.568143362776014555e+02 2.152878333673870657e+03 1.796063997396269315e+03 1.747164422340609979e+00 1.146500007446702663e+00 2.808235724989220216e+03
5.216583760325785306e+02 2.331286353315942961e+03 1.809627977283364544e+03 2.308482844324945660e+00 1.195212615344242835e+00 3.029509503117750228e+03
1.156318129839839912e+03 3.018869276921725941e+03 1.862551147081886029e+03 2.345584313867188353e+00 1.672384788192885274e+00 3.731107517406251645e+03
2.656790491625166851e+03 4.829473363179329681e+03 2.172682871554162830e+03 2.268705002901219459e+00 2.460592674559997306e+00 5.617592885688245588e+03
4.924160092219423859e+03 8.354245969025720115e+03 3.430085876806296255e+03 2.438186880358446995e+00 3.123874514602956953e+00 9.193663361877996067e+03
6.323204342493613694e+03 1.171351750374450785e+04 5.390313161250894154e+03 2.647611223280904813e+00 -9.734961730206134201e-01 1.248354181620886266e+04
6.798001521819125628e+03 1.387936089544808419e+04 7.081359373628958565e+03 2.481364884175797147e+00 -1.194202928724442669e+00 1.468058432250371698e+04
6.966423204946101578e+03 1.530552659089434201e+04 8.339103385948241339e+03 2.488149136959282526e+00 -9.110692530419147728e-01 1.613992121538984065e+04
