5.252102297548516390e+02 3.036879779471234724e+04 2.984358756495749549e+04 2.386410339005646808e+00 4.741586601341192253e-01 3.156267127494290253e+04
5.251985467018937470e+02 3.036441204026822379e+04 2.983921349356633073e+04 2.514939455730249573e+00 -1.480043108482163250e+00 3.143121753255354633e+04
5.252118761666546334e+02 3.036976945790747777e+04 2.984455758174082439e+04 2.547986217744111048e+00 7.999047974057913457e-01 3.159179483052988508e+04
5.251531468721270812e+02 3.037109195553024983e+04 2.984593880865812389e+04 2.578228914058538823e+00 -2.114115706328651090e+00 3.163143390837576953e+04
5.251287060220261083e+02 3.036503521785409248e+04 2.983990651183206501e+04 2.626287792525949794e+00 -1.480043108482156811e+00 3.144989596679892566e+04
5.251952110914419336e+02 3.036566077709140154e+04 2.984046556599995893e+04 2.439129134267492560e+00 -3.239184191603448060e+00 3.146864580691502124e+04
5.251690916709393377e+02 3.036339978541260280e+04 2.983823069374166516e+04 2.746285551925850665e+00 7.999047974057691412e-01 3.140087923530487387e+04
5.252186589903496952e+02 3.036775032846694012e+04 2.984253166947658974e+04 2.529064574320275316e+00 7.999047974058122179e-01 3.153132065255045745e+04
5.251313457216797360e+02 3.036323973329143701e+04 2.983810838756975863e+04 2.544201246863372123e+00 -4.469136219256746045e+01 3.139652071239967700e+04
5.251481495167785170e+02 3.036449423986587499e+04 2.983934609034909590e+04 2.488557289038142439e+00 -1.480043108482205438e+00 3.144178247455148812e+04
6.907003884693221153e+03 1.795102782297548038e+04 1.104402393828225831e+04 2.554326270072334371e+00 1.656215109204082436e+00 1.892180852911648981e+04
4.401046820190296785e+03 7.494049883862976458e+03 3.093003063672679673e+03 2.274456931350376632e+00 2.286684302506371225e+00 8.242316812262053645e+03
1.439306027622082638e+03 3.370273515078962191e+03 1.930967487456879553e+03 2.272945610066530620e+00 1.331911523285166599e+00 4.037558964383669263e+03
4.138850956571418465e+02 2.205333560395202767e+03 1.791448464738060920e+03 2.264040879532276396e+00 1.599471945195043432e+00 2.822190612507592050e+03
3.631077032269667484e+02 2.153939026496871065e+03 1.790831323269904260e+03 2.191727622820432764e+00 1.458402986135777013e+00 2.844946722444543411e+03
3.391632263757616670e+02 2.135258458182764116e+03 1.796095231807002392e+03 1.320503858530762686e+00 1.028051890760081299e+00 2.784504249488208643e+03
3.365106075886354802e+02 2.129068839545319406e+03 1.792558231956683812e+03 1.114319283878666633e+00 1.031299851846715354e+00 2.770714864396828943e+03
3.421348694911749249e+02 2.142445061429355064e+03 1.800310191938180196e+03 9.838991920350941278e-01 1.142857490168216250e+00 2.819834552175022054e+03
3.408006686949914865e+02 2.142432694320979863e+03 1.801632025625988263e+03 1.330991874639303019e+00 1.205464206521305259e+00 2.839047806984093313e+03
3.409125468341898113e+02 2.140034328397330682e+03 1.799121781563140757e+03 1.237177714559601016e+00 1.324973065333847844e+00 2.843429173131287371e+03
3.392476360751845164e+02 2.135005665929296356e+03 1.795758029854111783e+03 1.098549368974865104e+00 1.045720420299757647e+00 2.792369122542330842e+03
3.398917518444755501e+02 2.139840716999093274e+03 1.799948965154617781e+03 1.141666127771694406e+00 1.028469120265931736e+00 2.819493180697956632e+03
3.522782666690063706e+02 2.154475450644416014e+03 1.802197183975409644e+03 1.170351010115533219e+00 1.027360622847056648e+00 2.837259530887635265e+03
5.363393001020626798e+02 2.341703269737411119e+03 1.805363969635348440e+03 1.599377318877654774e+00 1.290607875691561324e+00 3.030729519949958558e+03
9.667785652603628250e+02 2.805654393828604498e+03 1.838875828568241559e+03 2.253594636687206165e+00 1.651826304038122251e+00 3.538707019721661709e+03
2.903167029779236600e+03 5.170693052469031500e+03 2.267526022689794900e+03 2.327026613806399968e+00 2.498263069908703837e+00 6.058548536069713919e+03
4.940142050862586075e+03 8.384195714095721996e+03 3.444053663233135921e+03 2.361965910732377161e+00 2.979668091816998210e+00 9.201988983559109329e+03
6.537392966828274439e+03 1.250180144178689625e+04 5.964408474958621809e+03 2.535026061852881707e+00 -8.014862787622215601e-01 1.329928299835560392e+04
6.822712539202025255e+03 1.403493030790315242e+04 7.212217768701127170e+03 2.488673268869725064e+00 -1.777924266346166293e+00 1.471500281015596920e+04
6.961708456802120054e+03 1.536131513449085651e+04 8.399606677688736454e+03 2.504942339741706991e+00 -8.515779541360334326e-01 1.609831259725227937e+04
