5.250936173612092261e+02 3.036630335055730757e+04 2.984120973319609766e+04 2.616295793716040041e+00 -2.114115706328660860e+00 3.148790557076684490e+04
5.251857504312150695e+02 3.036831547157177192e+04 2.984312972114055810e+04 2.501833882161299982e+00 1.445498828045600703e+00 3.154821465574956892e+04
5.251225583147913767e+02 3.036336178108000968e+04 2.983823922276521989e+04 2.500022896711252773e+00 -1.480043108482181013e+00 3.139973822778871545e+04
5.251395003194918445e+02 3.036674508059524669e+04 2.984160558027575462e+04 2.670205116803127776e+00 -2.114115706328663524e+00 3.150114549729835562e+04
5.251580471412017914e+02 3.036637454137307213e+04 2.984121649423187046e+04 2.400505995054968977e+00 -1.480043108482198777e+00 3.149003936540784707e+04
5.251399344893276293e+02 3.036840947216651330e+04 2.984326953767718442e+04 2.571307128341516091e+00 -2.114115706328663524e+00 3.155103214652155293e+04
5.252082008373351982e+02 3.036692917973617659e+04 2.984172097889884026e+04 2.608680467574269191e+00 7.999047974058212107e-01 3.150666538335715086e+04
5.251532224333238901e+02 3.036273946869923384e+04 2.983758624626590972e+04 2.580827848405881308e+00 -1.480043108482183234e+00 3.138113113945308578e+04
5.251590302502869463e+02 3.036160129865145427e+04 2.983644226840116607e+04 2.377568944015557850e+00 -1.480043108482181013e+00 3.134741220681581399e+04
5.251364823640623172e+02 3.036765857224334104e+04 2.984252208987927952e+04 2.496308885609295647e+00 7.999047974057914567e-01 3.153666755787669172e+04
6.959936915296691950e+03 1.736631438916144180e+04 1.040637747386474985e+04 2.551927289437410540e+00 1.980940022877377693e+00 1.828212028074075351e+04
4.240591284243989321e+03 7.201127614153919239e+03 2.960536329909929918e+03 2.338178294330091500e+00 2.078418099629900428e+00 7.925327705123780106e+03
1.572020540560422432e+03 3.524003171166827087e+03 1.951982630606404655e+03 2.205861413332252496e+00 1.570278522706119118e+00 4.260703210995187874e+03
5.756192723249694154e+02 2.395863969200252541e+03 1.820244696875283125e+03 2.006348652419278622e+00 1.350355868927320957e+00 3.096820387195388321e+03
3.360123551963223463e+02 2.120069008902899441e+03 1.784056653706576981e+03 1.618191840359688882e+00 1.559094043624788872e+00 2.785917616011005066e+03
3.407496615358344343e+02 2.137914986624548419e+03 1.797165325088713871e+03 1.134694676681227810e+00 9.241958830730728769e-01 2.770232050308659382e+03
3.380017153265874867e+02 2.131861718003533952e+03 1.793860002676946351e+03 1.135309712472180488e+00 1.060173051834671476e+00 2.782284439074643160e+03
3.416707408494200990e+02 2.137756787698662265e+03 1.796086046849242166e+03 1.470994701893866052e+00 1.123430574792648295e+00 2.800358830205786944e+03
3.405254538721070503e+02 2.135759528346613479e+03 1.795234074474506542e+03 1.325481076002049896e+00 9.288325020386870579e-01 2.792297364519406074e+03
3.440823041126554358e+02 2.147653386827457325e+03 1.803571082714801832e+03 1.303557436318040663e+00 8.825843851950402330e-01 2.815053714638872407e+03
3.387238327833411518e+02 2.139074624503532959e+03 1.800350791720191864e+03 1.334957491290941212e+00 1.288654390955445317e+00 2.835135080593633575e+03
3.380347098108967430e+02 2.128558748335334712e+03 1.790524038524437856e+03 1.157457534573330005e+00 1.192724284690475089e+00 2.774515121723452921e+03
3.617026614006199452e+02 2.149090554832067028e+03 1.787387893431447083e+03 1.467675224637079667e+00 1.164936159938612326e+00 2.802369885306417927e+03
5.728982136721612051e+02 2.382168003009063796e+03 1.809269789336902704e+03 2.040012221654265989e+00 1.134377490948734746e+00 3.077942387441816663e+03
1.108640836286681861e+03 2.976284594498320075e+03 1.867643758211638215e+03 2.267210075814793058e+00 1.616037160755618762e+00 3.760900507863515941e+03
2.710082024550402366e+03 4.905259322944500127e+03 2.195177298394097761e+03 2.253739523264960187e+00 2.787979786662509785e+00 5.736177760802596822e+03
4.975562525543495212e+03 8.427650901639655785e+03 3.452088376096160573e+03 2.408709137834266212e+00 3.119303012540318054e+00 9.271456884735867789e+03
6.457629304007487917e+03 1.219755744425206285e+04 5.739928140244574934e+03 2.398611207003126466e+00 -1.034580406861796087e+00 1.300308857680523033e+04
6.846032123779598805e+03 1.415498173371810663e+04 7.308949609938507820e+03 2.552812793946824588e+00 -1.184053613616625755e+00 1.489349936171894478e+04
6.964702208479611727e+03 1.549612647881218982e+04 8.531424270332578089e+03 2.471111940942494201e+00 -1.056772718629071628e+00 1.616292760701297630e+04
