5.251652005978853595e+02 3.037036692662719724e+04 2.984520172602931052e+04 2.500628323193864855e+00 1.445498828045614248e+00 3.160970269568331787e+04
5.251750816968078652e+02 3.036453894129440960e+04 2.983936385959760082e+04 2.424967398875356839e+00 -2.114115706328669297e+00 3.143502112325066992e+04
5.251595857726501890e+02 3.036881299098511226e+04 2.984365340521246253e+04 2.677538574005987382e+00 -1.480043108482165692e+00 3.156312675118261541e+04
5.251332362658437205e+02 3.036793984059130162e+04 2.984280660432545847e+04 2.638728112616893551e+00 -1.421070699303955820e+01 3.153695590910641113e+04
5.251476046173032728e+02 3.037113573890551197e+04 2.984598813428820722e+04 2.562199008751244733e+00 -2.114115706328663524e+00 3.163274622277326125e+04
5.251192392084230960e+02 3.036342938992267591e+04 2.983831015071425281e+04 2.653689224231244204e+00 7.999047974058169919e-01 3.140176468128564738e+04
5.251681092470508929e+02 3.036429808919688003e+04 2.983912997994983016e+04 2.464408777715665355e+00 -1.480043108482174796e+00 3.142780400119685510e+04
5.252103769399758448e+02 3.037139960698019786e+04 2.984618923004022145e+04 2.566658262031249915e+00 -4.447076949331013651e+01 3.164070034734702858e+04
5.251398419607664891e+02 3.036669574203441880e+04 2.984155590007365390e+04 2.817018931834489148e+00 -1.480043108482183234e+00 3.150010765928848559e+04
5.251512059939790333e+02 3.036429096412035506e+04 2.983913975812637727e+04 2.489507683349898581e+00 -4.428175596240217260e+01 3.143592327715835563e+04
6.958571875250236189e+03 1.735218040552792445e+04 1.039360853027768826e+04 2.463201961029076958e+00 2.162527786055850054e+00 1.822504979754654050e+04
4.247160946721609434e+03 7.228306777591534228e+03 2.981145830869924794e+03 2.319216939330846383e+00 2.345726670271674141e+00 8.033221741011366248e+03
1.416193959410620437e+03 3.354434172109989504e+03 1.938240212699369067e+03 2.464883142031273788e+00 1.071395887832020888e+00 4.086512314445672018e+03
4.724657636299703540e+02 2.279624766478160382e+03 1.807159002848190084e+03 2.431924743207320549e+00 1.093617247475750176e+00 2.943541308048002975e+03
3.676925407192977104e+02 2.168772142429088490e+03 1.801079601709790722e+03 1.598585597222730526e+00 1.100305503698657539e+00 2.815733543242402448e+03
3.399721732776558270e+02 2.153707942493841529e+03 1.813735769216185645e+03 1.070573227763310209e+00 7.056896512706952729e-01 2.837553050587510825e+03
3.401496204586516114e+02 2.138774664882971592e+03 1.798625044424320095e+03 1.066993994200608808e+00 1.418985853482809700e+00 2.821277236320149768e+03
3.358190384326670141e+02 2.125193110042540866e+03 1.789374071609873909e+03 1.057478119688048723e+00 1.457496403752538638e+00 2.783360693382679983e+03
3.375515262582508171e+02 2.134733630174825066e+03 1.797182103916574306e+03 1.239479208161753165e+00 9.931582436672837799e-01 2.793423648207994574e+03
3.401457875783115128e+02 2.150811076462365691e+03 1.810665288884054235e+03 1.684917970479124838e+00 7.756722948032654941e-01 2.837944131007852775e+03
3.352590244774277153e+02 2.129922360214798573e+03 1.794663335737370744e+03 1.104692775445086816e+00 1.354391468323997039e+00 2.788897782601622566e+03
3.389118575496042922e+02 2.139649688106642316e+03 1.800737830557038023e+03 1.175760543057261520e+00 1.172912947640892600e+00 2.815696757240660645e+03
3.528471272839606740e+02 2.151052323863919355e+03 1.798205196579958738e+03 1.352415851475178954e+00 1.053901678691363530e+00 2.826380583524542089e+03
4.704580829529771222e+02 2.274599456642936730e+03 1.804141373689959664e+03 2.085954691896044988e+00 1.613344884249271027e+00 2.960542275359090581e+03
1.130420549523422551e+03 2.988639076856950396e+03 1.858218527333527845e+03 2.242570594540315820e+00 1.753920669353590034e+00 3.706017236560398487e+03
2.907475240062942703e+03 5.182841472929421798e+03 2.275366232866479095e+03 2.439060198229105136e+00 2.507266352575468371e+00 6.036399027027830925e+03
4.819318859911218169e+03 8.150855298491526810e+03 3.331536438580308641e+03 2.442234755610892538e+00 3.134866347543809439e+00 8.962878928256353902e+03
6.506465220646238777e+03 1.238156452813897340e+04 5.875099307492734624e+03 2.507832590005864670e+00 -1.051707479172069748e+00 1.314649862215970461e+04
6.844942892148139435e+03 1.405570636288480091e+04 7.210763470736661475e+03 2.552419266646342333e+00 -1.510171103226410905e+00 1.475684241931506767e+04
6.895313411803622330e+03 1.457193391965655246e+04 7.676620507852930132e+03 2.535281519279649398e+00 -6.024654283882944217e-01 1.519735814091122484e+04
