5.252294446529775769e+02 3.036694560683388772e+04 2.984171616218091003e+04 2.438475101186680316e+00 -4.423592145448552060e+01 3.150715584850237792e+04
5.251491226835947828e+02 3.036504900993796036e+04 2.983989988725436706e+04 2.421997209236566473e+00 -1.492884600097424475e+01 3.145030935539557686e+04
5.250734750369364292e+02 3.036753833603400562e+04 2.984246486099706817e+04 2.626368808289319734e+00 -2.114115706328663524e+00 3.152492165654752171e+04
5.250950590171141812e+02 3.036596728543305653e+04 2.984087222641594417e+04 2.640037544528610169e+00 -1.480043108482204106e+00 3.147783272723999835e+04
5.251706255085875910e+02 3.036690702515630255e+04 2.984173639964771428e+04 2.462341582102436366e+00 -4.645050327568875304e+01 3.150599944410561875e+04
5.251684475440533788e+02 3.037003982965019895e+04 2.984487138210614648e+04 2.501225358564568069e+00 -3.239184191603438734e+00 3.159989867418204813e+04
5.251833084275145893e+02 3.036555998281621578e+04 2.984037667438870267e+04 2.602979652930238696e+00 -1.480043108482181013e+00 3.146562659006268950e+04
5.250808918167751926e+02 3.036839108800659960e+04 2.984331019618982464e+04 2.745023343678440142e+00 -1.480043108482197889e+00 3.155052635297043525e+04
5.251976345422673376e+02 3.036892174805207469e+04 2.984372411350980838e+04 2.477726748586549288e+00 -2.114115706328675515e+00 3.156682810339617208e+04
5.252349798796014966e+02 3.036606129710951063e+04 2.984082631722990845e+04 2.473641151363410895e+00 -3.002713592669750042e+01 3.148862120091596080e+04
6.961599273471882043e+03 1.734214925167525871e+04 1.038054997820337667e+04 2.488710291964155719e+00 2.087747359592456053e+00 1.824269084908031436e+04
4.099631481943984909e+03 6.982369895247988097e+03 2.882738413304003188e+03 2.515000631606177262e+00 2.256782886429939072e+00 7.751698582122438893e+03
1.524576179988046306e+03 3.456771709553426263e+03 1.932195529565379957e+03 2.193156876343000494e+00 1.669989637746269961e+00 4.142471558474991980e+03
4.186930691995949019e+02 2.221647091379343237e+03 1.802954022179748335e+03 2.207680392577724415e+00 1.031593172389135615e+00 2.922394286252847451e+03
3.677231757964825078e+02 2.177338798963223780e+03 1.809615623166741216e+03 1.681066799743380136e+00 1.003044926380424862e+00 2.874048310262843188e+03
3.396514196266682575e+02 2.135276403383674733e+03 1.795624983757006476e+03 1.391741903353167720e+00 1.031754083333070726e+00 2.786736445303108212e+03
3.370675888235541038e+02 2.128211821946536929e+03 1.791144233122982769e+03 1.037776369740470939e+00 1.076847835983091528e+00 2.783379529361768618e+03
3.401684509271597676e+02 2.138137594269735928e+03 1.797969143342576217e+03 1.198626339922203909e+00 1.144095344990629259e+00 2.795291536665549302e+03
3.361884742132281758e+02 2.125068435690196566e+03 1.788879961476968447e+03 1.448363456425720841e+00 1.308180621304801283e+00 2.750177787965969401e+03
3.378006556633130799e+02 2.140679937170407356e+03 1.802879281507094220e+03 1.245466414895112228e+00 8.424059572497865078e-01 2.800525122355158146e+03
3.412001763805678252e+02 2.136034704089291608e+03 1.794834527708723726e+03 1.423428919987916430e+00 1.331505559597115029e+00 2.800965951271236008e+03
3.411630525642403313e+02 2.147698364763140944e+03 1.806535312198900556e+03 1.856682680604718749e+00 1.073264513199142955e+00 2.824186275038841359e+03
3.492229856392572174e+02 2.147836629772285050e+03 1.798613644133027719e+03 1.310866549406051407e+00 1.051461851192364572e+00 2.817735031440217426e+03
4.817592010146062194e+02 2.285695517274399208e+03 1.803936316259792875e+03 1.827218228166322733e+00 1.285873136120003979e+00 2.972066174819045045e+03
1.154533200448026037e+03 3.014899443933919429e+03 1.860366243485893392e+03 2.488344861379732098e+00 1.865323501728751721e+00 3.731916568779563022e+03
2.698907266757423258e+03 4.894323380907530009e+03 2.195416114150106750e+03 2.322734817463843360e+00 2.496642781301142033e+00 5.687811833033392759e+03
4.914948434119603007e+03 8.314815795504990092e+03 3.399867361385387085e+03 2.628330646163976603e+00 3.050249160919568769e+00 9.177430911603820277e+03
6.459040296622296410e+03 1.221021689655621412e+04 5.751176599933917714e+03 2.399193110615398528e+00 -8.283201259584499487e-01 1.304380415473940411e+04
6.727727135997566620e+03 1.343646859769032380e+04 6.708741461692757184e+03 2.506521906909848330e+00 -2.583404830082876469e+00 1.416876568243576003e+04
6.965124252940127008e+03 1.532720466018533261e+04 8.362080407245204697e+03 2.434181540163738333e+00 -1.244064181257638291e+00 1.615414014898989262e+04
