5.251391430460454330e+02 3.036580726412071817e+04 2.984066812107467194e+04 2.654594519074663150e+00 1.445498828045615802e+00 3.147303642579742154e+04
5.251483749638823610e+02 3.036725418485949922e+04 2.984210580989561640e+04 2.505220536135392084e+00 -1.480043108482187009e+00 3.151640482420445915e+04
5.251591846146632179e+02 3.036471212948279208e+04 2.983955294486813000e+04 2.702370268127966657e+00 -1.480043108482159253e+00 3.144021207404391316e+04
5.252010279306944085e+02 3.036865718699304125e+04 2.984345615906234525e+04 2.468350057069369274e+00 -1.468521675688832184e+00 3.155845685502123524e+04
5.251400450061843230e+02 3.037420604788138371e+04 2.984906600287519905e+04 2.680361313873869999e+00 -1.898917696115388187e+00 3.172477226078382228e+04
5.251671927563670579e+02 3.036479788191573971e+04 2.983963068915937401e+04 2.493827122207276759e+00 -1.480043108482181013e+00 3.144278234279174285e+04
5.250886894000317398e+02 3.036513713804768486e+04 2.984004844864765255e+04 2.604961371977297269e+00 -1.480043108482187231e+00 3.145295272191803451e+04
5.251941868000379827e+02 3.036632249772535943e+04 2.984112831092531997e+04 2.624173132707906309e+00 -1.669792406254164874e+01 3.148852441218804233e+04
5.251572392446796584e+02 3.036908431436754472e+04 2.984392707512286506e+04 2.528021839627124567e+00 -2.058742514327045470e+00 3.157169908800956546e+04
5.251349021031568327e+02 3.036706438979138693e+04 2.984192948768823044e+04 2.517213372806750282e+00 -1.480043108482181013e+00 3.151853413495966015e+04
6.931258889693669516e+03 1.757363073427817289e+04 1.064237184458450429e+04 2.448699480521566940e+00 2.374482433646226465e+00 1.850409877741323362e+04
3.985398449503993106e+03 6.794879347134059572e+03 2.809480897630066465e+03 2.384411289000237577e+00 2.238245858235718533e+00 7.536608125618388840e+03
1.406692245368129534e+03 3.342282114583135353e+03 1.935589869215005820e+03 2.199453631336456549e+00 1.356551462760146043e+00 4.121380053143181613e+03
4.160012371714564097e+02 2.211104639887202211e+03 1.795103402715745688e+03 2.057797595815106906e+00 1.337279540122092492e+00 2.862719531539025866e+03
3.527876952316328811e+02 2.151874242577777750e+03 1.799086547346144926e+03 2.049306927652350563e+00 1.033079460625893731e+00 2.834347008679314513e+03
3.345393620192381832e+02 2.120084856555567058e+03 1.785545494536328988e+03 1.090818411037774771e+00 1.398138584905548099e+00 2.763546637489681871e+03
3.384186774443091394e+02 2.130974866447264503e+03 1.792556189002955307e+03 1.105682910020251208e+00 9.389575939590173448e-01 2.781835248058571324e+03
3.371571580999442403e+02 2.132509889469487462e+03 1.795352731369543108e+03 1.311049547346812894e+00 1.174688066886272031e+00 2.797316297791671786e+03
3.395503929896335649e+02 2.138474601709527633e+03 1.798924208719894068e+03 1.332186257745475055e+00 1.064033347542701957e+00 2.813000680062995343e+03
3.378377521229964486e+02 2.142571055956233522e+03 1.804733303833237187e+03 1.576747037902947346e+00 1.134181040260060946e+00 2.852054464755013214e+03
3.443197796533754627e+02 2.157842262092306100e+03 1.813522482438930638e+03 1.249749694663700561e+00 8.291477205287153263e-01 2.864626991489578813e+03
3.399039842587738462e+02 2.132415733356875080e+03 1.792511749098101291e+03 1.530424722901312373e+00 1.473041107487764734e+00 2.816781943440880696e+03
3.646896690133145285e+02 2.161259900650709369e+03 1.796570231637394954e+03 1.149543425545971331e+00 1.120396329420146664e+00 2.840678107807501419e+03
5.217087671630910108e+02 2.333349787775468030e+03 1.811641020612376906e+03 2.111225666742382767e+00 1.390566627092979957e+00 3.023283246750850140e+03
1.268654153728783967e+03 3.161863227997467220e+03 1.893209074268683253e+03 2.072779282595550665e+00 1.792965082039741143e+00 3.949986568201648879e+03
3.066834067971830791e+03 5.383417080204484591e+03 2.316583012232653800e+03 2.512765112664452349e+00 2.552039374712844033e+00 6.251466915403649182e+03
5.180987472111304669e+03 8.859079809821039817e+03 3.678092337709735148e+03 2.427919962200107751e+00 3.060903019073942133e+00 9.708495568438842383e+03
6.365899554342150623e+03 1.188341747904321892e+04 5.517517924701068296e+03 2.432907704967587126e+00 3.347519206047975312e-03 1.268354711304429838e+04
6.880143575053686618e+03 1.435827300131599441e+04 7.478129426262307788e+03 2.474939724271068453e+00 -1.088723430979208873e+00 1.504479651967522477e+04
6.959699544418876030e+03 1.527769646401050159e+04 8.317996919591625556e+03 2.785275130940461086e+00 -1.535599628141692152e+00 1.604929403324860323e+04
