5.251153376765981875e+02 3.036509522463645408e+04 2.983997988695985623e+04 2.671194961021749581e+00 -4.488400727050986205e+01 3.145169454354593836e+04
5.251978739653554840e+02 3.037024522006162806e+04 2.984504734609627121e+04 2.450333974134129900e+00 -2.114115706328665745e+00 3.160605479798835586e+04
5.251730979620468815e+02 3.036644132355971669e+04 2.984126822559766879e+04 2.478759466156621016e+00 -1.142775538417173609e+00 3.149204102060788500e+04
5.250259448955283688e+02 3.036981598205041519e+04 2.984479003715488579e+04 2.519137204095198257e+00 -2.114115706328663524e+00 3.159318929362445851e+04
5.250977780188508177e+02 3.036681499004019861e+04 2.984171721202134722e+04 2.513011190335776579e+00 -1.480043108482183456e+00 3.150324088554641276e+04
5.251487206281979070e+02 3.036638080978052676e+04 2.984123208915233045e+04 2.463411111241112561e+00 -1.480043108482216097e+00 3.149022726840024552e+04
5.252165908270457066e+02 3.036516635238719027e+04 2.983994976156014309e+04 2.481478749947970908e+00 -4.436943409768009161e+01 3.145382836334387684e+04
5.252362845496661521e+02 3.036406199609832038e+04 2.983882571154865582e+04 2.474364537085711468e+00 -1.480043108482181013e+00 3.142077073805989494e+04
5.251398489905066072e+02 3.036507262409670875e+04 2.983993277510620101e+04 2.442313613476590373e+00 -1.480043108482204772e+00 3.145145525636676757e+04
5.251347699577472667e+02 3.036591887675093312e+04 2.984078410679318768e+04 2.528255840773451890e+00 -4.469136219256746045e+01 3.148458593825282151e+04
6.840956487245282005e+03 1.844947137342079441e+04 1.160851488617551149e+04 2.488551995992850152e+00 1.326748319374758678e+00 1.945042361786432593e+04
4.270828777142118270e+03 7.259281914274931296e+03 2.988453137132813026e+03 2.468619821427444183e+00 2.444032704794733224e+00 8.008717017037145524e+03
1.379810747529183118e+03 3.302577823052676194e+03 1.922767075523493077e+03 2.390847706181388421e+00 1.289421003036230529e+00 4.035363640803471299e+03
3.914050558404277922e+02 2.197464376937934958e+03 1.806059321097507109e+03 1.907880942476132491e+00 1.299191688924051791e+00 2.920356581463460770e+03
3.644779301031859973e+02 2.158384589366650289e+03 1.793906659263464235e+03 1.857316896433796716e+00 1.069772888956898038e+00 2.842939155973805100e+03
3.384556632372369904e+02 2.130254473577875160e+03 1.791798810340638283e+03 1.368242931063132994e+00 1.106448900874823504e+00 2.778861914385192904e+03
3.418938585601900968e+02 2.134024601309575246e+03 1.792130742749385263e+03 1.014434342354207486e+00 1.401006231121464607e+00 2.819704631213439825e+03
3.397035838900008571e+02 2.137974107671006550e+03 1.798270523781005750e+03 1.529532419514194386e+00 1.271755858740013734e+00 2.836910032935658819e+03
3.397285912629637323e+02 2.140723882698530360e+03 1.800995291435566742e+03 1.410657200439886738e+00 1.192932003686079767e+00 2.822889850563399250e+03
3.388824294199303608e+02 2.145589330633630652e+03 1.806706901213700348e+03 1.170095512169551544e+00 1.058500576240503754e+00 2.856608315299433798e+03
3.428577326245992367e+02 2.137725749440515756e+03 1.794868016815916462e+03 1.499672620711148596e+00 1.205496039301987121e+00 2.829504151851521783e+03
3.424685344718348574e+02 2.154489078105485078e+03 1.812020543633650277e+03 1.296327454704244708e+00 1.043834147905799759e+00 2.852486612024948954e+03
3.515304502875648609e+02 2.145402123279896387e+03 1.793871672992331469e+03 1.709443297176429288e+00 1.007163879614631385e+00 2.800302653771914720e+03
5.193423831692432486e+02 2.323386533149694515e+03 1.804044149980451266e+03 1.707930958578750102e+00 1.333371522531294318e+00 2.991325917456111256e+03
1.245163810011338910e+03 3.128673691951414185e+03 1.883509881940075275e+03 2.047291235498540640e+00 1.644194703184823858e+00 3.894756665846080523e+03
2.836606438860575963e+03 5.090977164705598625e+03 2.254370725845022662e+03 2.421915510673950056e+00 2.143157511317003383e+00 5.913469702547515226e+03
5.110131354016826663e+03 8.697859517914484968e+03 3.587728163897658305e+03 2.446881701603103920e+00 3.039657401706986395e+00 9.499357412071958606e+03
6.306554614509180283e+03 1.169306794839782378e+04 5.386513333888643501e+03 2.431181086412522507e+00 -1.483803506959622487e+00 1.243871092268684151e+04
6.832389687366844555e+03 1.413616943200964488e+04 7.303779744642800324e+03 2.639594612171614063e+00 -1.165484475558196342e+00 1.484142668222611246e+04
6.895379247860048963e+03 1.456426254949221948e+04 7.668883301632170514e+03 2.396939453822787502e+00 -1.312908511389808019e+00 1.530375022970119426e+04
