5.251792344555206000e+02 3.036323178342936808e+04 2.983805254897384657e+04 2.510169296567342112e+00 -1.480043108482122172e+00 3.139584182230399892e+04
5.251471599820353049e+02 3.036497548011808613e+04 2.983982832013605002e+04 2.550006196253355117e+00 -2.114115706328663524e+00 3.144810545407933023e+04
5.251290783164945424e+02 3.036202852835327576e+04 2.983689945003678076e+04 2.494849468562154726e+00 -4.452143719112518028e+01 3.135977678838132488e+04
5.251499348508174307e+02 3.036936449201857977e+04 2.984421455716776109e+04 2.484539857489910464e+00 -3.239184191603476037e+00 3.157965683185515081e+04
5.251751697481536212e+02 3.036605191073687820e+04 2.984087674098872594e+04 2.412176971852582508e+00 -2.114115706328666189e+00 3.148036919233419758e+04
5.251845165448378339e+02 3.036645299313677970e+04 2.984126847659194027e+04 2.483937875527133077e+00 -1.480043108482187231e+00 3.149239081236429774e+04
5.251203999087506418e+02 3.036702513797524807e+04 2.984190473806649607e+04 2.617972537311807901e+00 -4.457807885827256911e+01 3.150954152896512460e+04
5.251060738801886600e+02 3.037001167513483961e+04 2.984490560125464981e+04 2.408275329847965107e+00 -2.114115706328661304e+00 3.159909974019122456e+04
5.251985551580597757e+02 3.036786423829833075e+04 2.984266568314027245e+04 2.439352032628076650e+00 -1.468521675688840178e+00 3.153513031348382719e+04
5.251733456075453432e+02 3.036857020366980214e+04 2.984339685806225680e+04 2.515337393734430993e+00 -2.062582991924834630e+00 3.156373313842359130e+04
6.933088675018530012e+03 1.766297470628568044e+04 1.072988603126714952e+04 2.532618513605546351e+00 1.737060944623292302e+00 1.859017503278344884e+04
4.032582334719930259e+03 6.855505679369815880e+03 2.822923344649885621e+03 2.489946181094412125e+00 2.514766330845683573e+00 7.594174916262933948e+03
1.185414011189479425e+03 3.081742088961924765e+03 1.896328077772445340e+03 2.233152165458021088e+00 1.296832746046888252e+00 3.830946382673125299e+03
4.165835603698436103e+02 2.220920570096560823e+03 1.804337009726717270e+03 2.015763789644544612e+00 1.283307294347141747e+00 2.888318643126079678e+03
3.559930052389574371e+02 2.153220430441580447e+03 1.797227425202622953e+03 1.386903731211005741e+00 1.358229582470760199e+00 2.830035707263993118e+03
3.458854209991280300e+02 2.151606790923139670e+03 1.805721369924011697e+03 1.026159908722935166e+00 7.984656727989131175e-01 2.827854252897653623e+03
3.403123596438814502e+02 2.139592582569613569e+03 1.799280222925732232e+03 1.119067741561261764e+00 1.094901324806300424e+00 2.829908306273943253e+03
3.378797052969149490e+02 2.130734695418342653e+03 1.792854990121427818e+03 1.078832474126420804e+00 9.091511522194456463e-01 2.800112274716613683e+03
3.416670400292283603e+02 2.138382100008245743e+03 1.796715059979017497e+03 1.037628421353922858e+00 9.870907171971863292e-01 2.792543721724102397e+03
3.383598577019695313e+02 2.141113696057994275e+03 1.802753838356024744e+03 1.312440469183745018e+00 7.894070013098216654e-01 2.813124621389962613e+03
3.383785085439591853e+02 2.140070323198644019e+03 1.801691814654684777e+03 1.276223280845796060e+00 8.644532029501958981e-01 2.825531466093466861e+03
3.360109501858392491e+02 2.131365332162144568e+03 1.795354381976305376e+03 1.189187129598493931e+00 1.071862631481254269e+00 2.773312563811565724e+03
3.894391960949625400e+02 2.184101840908013855e+03 1.794662644813051429e+03 1.078852117393394039e+00 1.207475577128260147e+00 2.850645509634032805e+03
4.859856279720845578e+02 2.294270241294135303e+03 1.808284613322050745e+03 2.043272695482705181e+00 1.142675641993476487e+00 3.024930013338219396e+03
1.005360626541124248e+03 2.851447304561973851e+03 1.846086678020849604e+03 2.098603554762796364e+00 1.660973472146790142e+00 3.562650493235012618e+03
2.929510418595697047e+03 5.210297456590141337e+03 2.280787037994444290e+03 2.587937650043172777e+00 2.492862902328677688e+00 6.065640643186424313e+03
5.206486800360780762e+03 8.903445798744016429e+03 3.696958998383235667e+03 2.518671575267260820e+00 3.028854721336230682e+00 9.789970546509717678e+03
6.306163593554436375e+03 1.166020735139696444e+04 5.354043757842528066e+03 2.438909798676677010e+00 -8.830383399492660601e-01 1.243239023935509431e+04
6.751042483794408327e+03 1.357024379607822630e+04 6.819201312283817970e+03 2.453488643301102723e+00 -1.596274160307370238e+00 1.428248935601006087e+04
6.947417061912341524e+03 1.499888211938521999e+04 8.051465057472878470e+03 2.749695781171574538e+00 -1.319609555453036487e+00 1.565703422073985894e+04
