5.251930072682044965e+02 3.036630780126871105e+04 2.984111479400050666e+04 2.567825279883677592e+00 -1.480043108482165026e+00 3.148803897145662631e+04
5.251991131088947213e+02 3.036565450202226202e+04 2.984045538891336764e+04 2.508532567434377025e+00 1.445498828045630235e+00 3.146845770398548120e+04
5.251607672764160952e+02 3.036454803329298738e+04 2.983938726601657254e+04 2.594259032620320315e+00 -2.114115706328661304e+00 3.143529363673872285e+04
5.251662109017296416e+02 3.036849764357061576e+04 2.984333143266888510e+04 2.504521459447176301e+00 -1.468521675688840178e+00 3.155367487731943038e+04
5.251804276189695884e+02 3.036661775703341482e+04 2.984143732941444614e+04 2.630122319208284765e+00 -2.652803830562980192e+00 3.149732924202335562e+04
5.251952898063333350e+02 3.036690943887868707e+04 2.984171414907235521e+04 2.537125330920203314e+00 -1.480043108482167469e+00 3.150607181097494686e+04
5.251339210495242469e+02 3.036791334296923378e+04 2.984277942191970942e+04 2.420335707601485087e+00 -4.423592145448551349e+01 3.153616359883873156e+04
5.252225364549093456e+02 3.036521839809703670e+04 2.983999586164212815e+04 2.709458910275639010e+00 -1.142775538417188264e+00 3.145543128918519142e+04
5.252200897225012568e+02 3.036416737368080430e+04 2.983894728395830316e+04 2.579819047741758187e+00 -1.480043108482130831e+00 3.142432788866775081e+04
5.251095524139777808e+02 3.036471437848687856e+04 2.983960482607290032e+04 2.560724449532328251e+00 -1.480043108482181013e+00 3.144843100408167811e+04
6.935883446568167528e+03 1.766706226422132750e+04 1.073117881765315906e+04 2.357442805831222898e+00 1.994807019386898306e+00 1.856758491623282316e+04
4.306582046077444829e+03 7.341649103062073664e+03 3.035067056984628834e+03 2.614034581503978050e+00 2.426136695662175935e+00 8.084926871106755243e+03
1.451398899395621811e+03 3.375303254264961197e+03 1.923904354869339386e+03 2.309173183673260521e+00 1.596945482885959722e+00 4.061887074192008185e+03
4.081495802120448388e+02 2.218892365690844144e+03 1.810742785478799306e+03 1.881064022382689993e+00 8.587810728827028894e-01 2.944266663436448198e+03
3.411465351009047140e+02 2.144451412718161919e+03 1.803304877617257262e+03 1.228643209325251950e+00 8.547039561122774520e-01 2.812785784698961834e+03
3.420002147673643549e+02 2.151047372276880196e+03 1.809047157509515728e+03 1.195298048484256803e+00 1.109304882481658483e+00 2.866181083554653014e+03
3.402943492174878770e+02 2.141669438817533319e+03 1.801375089600045385e+03 1.503402144413633179e+00 1.004178706529877951e+00 2.822446819107685315e+03
3.393401230102502950e+02 2.130356657297158108e+03 1.791016534286907699e+03 1.286494133628605985e+00 1.249117452733202960e+00 2.780367963723243975e+03
3.399885904731959272e+02 2.139444275080374609e+03 1.799455684607178682e+03 1.310331405424716822e+00 9.903633904111920350e-01 2.814547790495331355e+03
3.370304682848319544e+02 2.129387159522806542e+03 1.792356691237974701e+03 1.116806646746363318e+00 1.137805851875665519e+00 2.786808161861848930e+03
3.437757130608408715e+02 2.144964502131720565e+03 1.801188789070879693e+03 1.108018453192944897e+00 9.912711575427010091e-01 2.829128331802544380e+03
3.385257985492721104e+02 2.128935584497985019e+03 1.790409785948712852e+03 1.054100296097830958e+00 1.200112171237329717e+00 2.768679792818865280e+03
3.529423912078298144e+02 2.145213285138418541e+03 1.792270893930588727e+03 1.465900893923288928e+00 1.565319316426243113e+00 2.834639944320173072e+03
5.081162238316039179e+02 2.313551444795985390e+03 1.805435220964381415e+03 1.590869622174382769e+00 1.285912385302531602e+00 2.992782515663987851e+03
1.246946435473966858e+03 3.137262094124542273e+03 1.890315658650575415e+03 2.132176843059077509e+00 1.427905006407856447e+00 3.970612658274176738e+03
2.920241560725337877e+03 5.192001163706071566e+03 2.271759602980733689e+03 2.303892085555280467e+00 2.552731429951013098e+00 5.997581906013218031e+03
5.166267370670374476e+03 8.820688818853526755e+03 3.654421448183152279e+03 2.383659131957169830e+00 3.125532396010573422e+00 9.694659983141264092e+03
6.113528797919287172e+03 1.107249674778726694e+04 4.958967949867979769e+03 2.413257983410646457e+00 -2.631892022935320985e-01 1.175814341334807614e+04
6.883839192372689467e+03 1.442230431954709093e+04 7.538465127174401459e+03 2.417255991781621205e+00 -7.943309793507543626e-01 1.527485247955321029e+04
6.937773894842465779e+03 1.501789012869846010e+04 8.080116233855994324e+03 2.581456872895962817e+00 -5.921636597162917015e-01 1.572053316704025383e+04
