5.252543993700556939e+02 3.036269040795945693e+04 2.983743600858940044e+04 2.536131596419035628e+00 -4.432359958976343961e+01 3.137961523404804757e+04
5.251741976081294752e+02 3.036528503145481227e+04 2.984011083384668382e+04 2.415556986499934666e+00 -2.114115706328670630e+00 3.145738360272803038e+04
5.251640128237802401e+02 3.036823718629799259e+04 2.984307317347421122e+04 2.663897131465336798e+00 -1.468521675688840178e+00 3.154586821973104816e+04
5.252012610943975233e+02 3.036604630405855642e+04 2.984084504296415980e+04 2.420532612208825096e+00 -1.480043108482195224e+00 3.148020114393261247e+04
5.252092330287649702e+02 3.036716720642719156e+04 2.984195797339842829e+04 2.570010887044640757e+00 -2.114115706328661304e+00 3.151379782912090741e+04
5.250620729707540022e+02 3.037246503747727911e+04 2.984740296450652386e+04 2.688817929845509269e+00 -2.114115706328663524e+00 3.167258916555322503e+04
5.251016438109805904e+02 3.036794523139523153e+04 2.984284358758425151e+04 2.405951178010437896e+00 -2.114115706328661304e+00 3.153711940490238339e+04
5.252089873051925224e+02 3.036760323372411949e+04 2.984239424641892765e+04 2.616611627597785983e+00 7.999047974057988952e-01 3.152691163294477883e+04
5.251322550059959440e+02 3.036706895973751671e+04 2.984193670473152088e+04 2.507321411560656355e+00 -2.114115706328660860e+00 3.151129218504813252e+04
5.251832396343158962e+02 3.036783143217875477e+04 2.984264819254443864e+04 2.540996633576290797e+00 1.445498828045648665e+00 3.154184754080463244e+04
6.932890370241069832e+03 1.758472340561162127e+04 1.065183303537055144e+04 2.450658771241238654e+00 1.863695960524989870e+00 1.850878854587399110e+04
4.209153713606593556e+03 7.167288225659287491e+03 2.958134512052693935e+03 2.561148045944868112e+00 2.397701497271266025e+00 7.895122626615572699e+03
1.307194441694163061e+03 3.212599966054649940e+03 1.905405524360486879e+03 2.440042322530246111e+00 1.439456245857879013e+00 3.925452481746242029e+03
5.228243035738598792e+02 2.330409723783973732e+03 1.807585420210113853e+03 1.870992265253961007e+00 1.103793596946691657e+00 3.009244015868835049e+03
3.521107003013843837e+02 2.149915851610224763e+03 1.797805151308840323e+03 1.448966889348826337e+00 1.118640074250224492e+00 2.816969371409779797e+03
3.406916622451948911e+02 2.136162761596137443e+03 1.795471099350942495e+03 1.158669843514530617e+00 1.154890097055562448e+00 2.838497468460809159e+03
3.405124040449823042e+02 2.138829682910522934e+03 1.798317278865540629e+03 1.371384611625250605e+00 9.681757806024750002e-01 2.827933776535581728e+03
3.413001764032966321e+02 2.139136649651344669e+03 1.797836473248048151e+03 1.132354661708160126e+00 1.232931192714846302e+00 2.832049974644457052e+03
3.385741702906884143e+02 2.141062043715871823e+03 1.802487873425183352e+03 1.085817423046199215e+00 9.321164957306981025e-01 2.817466240131262111e+03
3.419902038383155514e+02 2.142766211759391354e+03 1.800776007921075689e+03 1.495606246820418095e+00 1.241277658885054702e+00 2.844978423478134573e+03
3.424910162477756330e+02 2.146106236507741414e+03 1.803615220259965781e+03 1.143830492222471351e+00 1.047712039094445435e+00 2.832172912946390170e+03
3.397535370207525034e+02 2.129676295250458224e+03 1.789922758229705778e+03 1.130696737388120932e+00 8.659167276089562160e-01 2.764926717597271363e+03
3.376406219959258124e+02 2.125672442727414818e+03 1.788031820731489006e+03 1.211510009589870984e+00 1.189158898494381500e+00 2.763114009038114546e+03
5.241356228942391908e+02 2.343683804273544865e+03 1.819548181379305788e+03 1.807879701191768440e+00 1.045832447224204209e+00 3.076811545319414563e+03
1.251892930165844291e+03 3.123789894658548292e+03 1.871896964492704001e+03 2.191819517775529746e+00 2.133053286366386914e+00 3.853747594870950252e+03
3.075459282468970287e+03 5.408023637821978809e+03 2.332564355353008523e+03 2.714016621246102989e+00 2.646512997965685177e+00 6.319719417300925670e+03
4.805252695631183997e+03 8.119862393539609911e+03 3.314609697908425915e+03 2.380497052557175142e+00 3.066813801020607855e+00 8.959191511161987364e+03
6.480812687528006791e+03 1.230533049477932218e+04 5.824517807251315389e+03 2.632909365364413112e+00 -5.713354402547685673e-01 1.303868901431052836e+04
6.844842417825046141e+03 1.413653191539834916e+04 7.291689497573303015e+03 2.388093835159200484e+00 -1.264824717583779901e+00 1.482861637196820266e+04
6.934316410922343493e+03 1.515628212991679902e+04 8.221965718994455528e+03 2.346472693726531222e+00 -8.450496821023886218e-01 1.588053281194645206e+04
