5.251366513433083583e+02 3.036748994590079019e+04 2.984235329455748069e+04 2.725294580941298950e+00 -1.480043108482177017e+00 3.152347126433052836e+04
5.251426308982049704e+02 3.036586024379393712e+04 2.984071761289573260e+04 2.567485474940420342e+00 -1.480043108482163250e+00 3.147462437979441893e+04
5.251210112184809304e+02 3.036735782626352739e+04 2.984223681504504566e+04 2.545790721527428246e+00 -2.114115706328669297e+00 3.151951125676815354e+04
5.251965348379841316e+02 3.036383090945051663e+04 2.983863437461253125e+04 2.529015318215204200e+00 -4.628057827424644444e+01 3.141379936156998156e+04
5.251123027404335062e+02 3.036475156455077013e+04 2.983963926181033821e+04 2.420797914531541917e+00 7.999047974057639232e-01 3.144139405709742641e+04
5.251592205618816251e+02 3.036601011319001191e+04 2.984085089262813199e+04 2.602789476862245710e+00 -1.480043108482150593e+00 3.147911641991496072e+04
5.251526820395284858e+02 3.036757098014296571e+04 2.984241829810343552e+04 2.473761108312987567e+00 -1.480043108482188563e+00 3.152590199898485662e+04
5.251993697665327545e+02 3.036031005985812590e+04 2.983511069009159473e+04 2.633433271035169554e+00 -1.480043108482177017e+00 3.130831415283839669e+04
5.251774473632976878e+02 3.036515996368711058e+04 2.983998251632381289e+04 2.463807316782587353e+00 -4.392956145294669312e+01 3.145407528138802445e+04
5.251686755293577562e+02 3.036656931330393490e+04 2.984140063777457544e+04 2.506789932886604344e+00 -1.683719685902113739e+00 3.150399608961923514e+04
6.916854734633554472e+03 1.767465909897450547e+04 1.075780436434095100e+04 2.595226346029847697e+00 1.975754917038881509e+00 1.857419653521478540e+04
4.327399632000914607e+03 7.368228583497035288e+03 3.040828951496120681e+03 2.307770981879695871e+00 2.509690475536405785e+00 8.161455320212408878e+03
1.551061037895574373e+03 3.485146466902180691e+03 1.934085429006606319e+03 2.187417130355552963e+00 1.524084796288458277e+00 4.175004919100093502e+03
4.059730036054573930e+02 2.217110235503101649e+03 1.811137231897644142e+03 2.260377195866115851e+00 1.036757217694035615e+00 2.909661198872157456e+03
3.386284176415406364e+02 2.131762300592445172e+03 1.793133882950904535e+03 1.226530750132492686e+00 1.357209964364223254e+00 2.804416144829354380e+03
3.370035675652340501e+02 2.138294565833117758e+03 1.801290998267883651e+03 1.220574997875417456e+00 1.060090346394292338e+00 2.803332925597099802e+03
3.432802852788892665e+02 2.144196148513284697e+03 1.800915863234395374e+03 1.032983947779932299e+00 1.132851746637432599e+00 2.855149361290938941e+03
3.415797426579674152e+02 2.152696245594753236e+03 1.811116502936785764e+03 1.318916532841151179e+00 8.670939276445085442e-01 2.847403142089487574e+03
3.380608357540819497e+02 2.136456938613631337e+03 1.798396102859549501e+03 1.240432592829780800e+00 1.112015186355850949e+00 2.819563578905061604e+03
3.417180126226168682e+02 2.135893301796175365e+03 1.794175289173558440e+03 1.294016555007464708e+00 1.108940166467656141e+00 2.793005455410537252e+03
3.404525887432998275e+02 2.138558453848271256e+03 1.798105865104971372e+03 1.061459536525505287e+00 1.312299002452989916e+00 2.823120716613113927e+03
3.409725240137208289e+02 2.134770252098269339e+03 1.793797728084548453e+03 1.068303274717798068e+00 1.608840576177466231e+00 2.822638245043104689e+03
3.351705650125146008e+02 2.130727282598422789e+03 1.795556717585908245e+03 1.348057559771653757e+00 1.260755947780615394e+00 2.782927531283862663e+03
4.698980665062006210e+02 2.271026729851274922e+03 1.801128663345074301e+03 1.899537540707324945e+00 1.355011035412304610e+00 2.950330815640094443e+03
1.018018190456349771e+03 2.872108662836390067e+03 1.854090472380040410e+03 2.363240156448842111e+00 1.604424338195829636e+00 3.653905902722062365e+03
2.877163872951483427e+03 5.137628485326268674e+03 2.260464612374785247e+03 2.344593851506471704e+00 2.380143316073393134e+00 6.004697010578127447e+03
5.006035651499681990e+03 8.502165522020826756e+03 3.496129870521144767e+03 2.709196370005651833e+00 2.838713719287766946e+00 9.380020549036502416e+03
6.399512284772034945e+03 1.200411294254918903e+04 5.604600657777154083e+03 2.526154797967587573e+00 -1.028021059814071547e+00 1.279935287039918512e+04
6.848776622317605870e+03 1.422237258253066284e+04 7.373595960213056969e+03 2.461127666241494705e+00 -1.312123132207132059e+00 1.488671995057068852e+04
6.957008115910881315e+03 1.530451139808837434e+04 8.347503282177493020e+03 2.573696093148260644e+00 -7.235862876677265909e-01 1.599283540360410188e+04
