5.251753211339300833e+02 3.036366897714017250e+04 2.983849365600624151e+04 2.465584094596503295e+00 -1.142775538417200698e+00 3.140894578199212265e+04
5.251673602177229441e+02 3.036655193494719424e+04 2.984138457472947266e+04 2.432498570037137764e+00 -1.480043108482185232e+00 3.149535636372926456e+04
5.251427175636777065e+02 3.036815089332412754e+04 2.984300817576044938e+04 2.634580509514371283e+00 -1.480043108482121506e+00 3.154328176978154079e+04
5.251033368185699146e+02 3.036544523549197038e+04 2.984034189867339956e+04 2.638526295334879368e+00 -2.114115706328653310e+00 3.146218538096196426e+04
5.251073759602733162e+02 3.036228308712044964e+04 2.983717571116017643e+04 2.463154026239615657e+00 -1.480043108482207659e+00 3.136740665074506251e+04
5.251211368331518088e+02 3.037009628419231012e+04 2.984497514735915684e+04 2.511221259056185318e+00 -2.114115706328656419e+00 3.160159078022880931e+04
5.251895359410948458e+02 3.036712712224710776e+04 2.984193758630601224e+04 2.533489488897801234e+00 7.999047974057997834e-01 3.151259828682396619e+04
5.250662157814897455e+02 3.036273483824656796e+04 2.983766862246507662e+04 2.669735748370450690e+00 -1.480043108482168357e+00 3.138099179268487205e+04
5.251732236186090859e+02 3.036519300141088752e+04 2.984001977779227673e+04 2.528847754393809932e+00 -1.480043108482165026e+00 3.145506522243371728e+04
5.251746101125992254e+02 3.036889535237181917e+04 2.984372074225921824e+04 2.618064562829799602e+00 -2.066423469522603806e+00 3.157348369342393198e+04
6.884379138532653997e+03 1.816202185274672593e+04 1.127764271421407102e+04 2.424926525759545815e+00 1.452868416420673769e+00 1.916865992769762670e+04
4.502710454324059356e+03 7.669789077728409211e+03 3.167078623404349855e+03 2.442188052798198505e+00 2.214986253848220343e+00 8.435549224022346607e+03
1.544784987483514215e+03 3.481225984176288421e+03 1.936440996692774206e+03 2.219706737821275144e+00 1.607300798293258559e+00 4.169442247551210130e+03
4.284952807138046182e+02 2.222322815605922187e+03 1.793827534892117455e+03 1.954593016638258574e+00 1.288931862835766440e+00 2.856076612411681708e+03
3.545289999906940466e+02 2.148692279474528732e+03 1.794163279483834685e+03 1.845365128730538595e+00 1.394085479398573080e+00 2.833947140116624269e+03
3.393922720648895393e+02 2.137384888589289403e+03 1.797992616524399864e+03 1.229430153096109590e+00 9.520537978305080307e-01 2.803415715786207329e+03
3.405197078166386291e+02 2.141495946139252737e+03 1.800976238322614108e+03 1.061884520166537227e+00 1.241874619428702031e+00 2.822799007222652563e+03
3.394459441724034718e+02 2.137447985812417301e+03 1.798002041640013886e+03 9.862816826637786916e-01 1.157826788616784119e+00 2.799684553982357556e+03
3.376667715322997196e+02 2.141081428896715352e+03 1.803414657364415689e+03 1.135675018618449883e+00 9.106731492158384178e-01 2.831971866279445749e+03
3.380502235604037651e+02 2.131204974679377301e+03 1.793154751118973536e+03 1.088659385518390144e+00 1.033149676745827916e+00 2.786312301680248311e+03
3.408415167415543010e+02 2.135695708617632135e+03 1.794854191876077948e+03 1.205772266979767693e+00 1.249198113629739648e+00 2.804295993957178780e+03
3.376288038615453502e+02 2.133682931695089792e+03 1.796054127833544499e+03 1.136452776488922067e+00 1.311432082109891484e+00 2.806216701906585968e+03
3.815438415159993610e+02 2.190949028573843407e+03 1.809405187057844159e+03 1.023866415701469856e+00 1.180518484963856141e+00 2.942769149003177972e+03
4.711167007419964534e+02 2.273825598577013807e+03 1.802708897835017297e+03 1.732256493099844308e+00 1.122838389858008767e+00 2.965997047327678501e+03
1.119175669577619146e+03 2.978122078283846804e+03 1.858946408706227658e+03 2.210434666470838749e+00 1.459386297273975508e+00 3.687967001066024295e+03
2.869095262279068720e+03 5.113030941627362154e+03 2.243935679348293434e+03 2.377105964491573076e+00 2.581877251092785652e+00 5.927993998631328395e+03
4.904083789796412020e+03 8.302864175463813808e+03 3.398780385667401788e+03 2.488342435156868149e+00 3.145073314490892447e+00 9.093487827346991253e+03
6.380535660480702063e+03 1.194861766977803563e+04 5.568082009297333570e+03 2.490547459199005775e+00 -1.252623115587349067e+00 1.270870921464096318e+04
6.919511667355708596e+03 1.469939562949523497e+04 7.779883962139526375e+03 2.528358402014393658e+00 -8.410893200944230541e-01 1.545131106847888259e+04
6.922229707537841932e+03 1.484340977322007166e+04 7.921180065682229724e+03 2.685910900061624584e+00 -1.130671958054438653e+00 1.556212512282802163e+04
