5.251828653462472403e+02 3.036673443890707131e+04 2.984155157356082418e+04 2.531457771072016527e+00 7.999047974057881261e-01 3.150082653513011610e+04
5.252041065171101764e+02 3.036458627037220504e+04 2.983938216385509440e+04 2.489550989009434279e+00 -1.480043108482227865e+00 3.143643971256930308e+04
5.251908522246131952e+02 3.036319788641542618e+04 2.983800703419081401e+04 2.585002802302701408e+00 -1.480043108482189451e+00 3.139482583077969321e+04
5.251259217711964311e+02 3.036736870736833953e+04 2.984224278559714367e+04 2.603168458206104319e+00 -1.480043108482174796e+00 3.151983739494572001e+04
5.251308173377220783e+02 3.036633495618149391e+04 2.984120413884377194e+04 2.610492538027608500e+00 1.445498828045619133e+00 3.148885288275336279e+04
5.251890850952866003e+02 3.036620996930720867e+04 2.984102088421192093e+04 2.617253662496219935e+00 -1.480043108482169245e+00 3.148510668569392874e+04
5.251512794641756727e+02 3.036961871918079851e+04 2.984446743971662363e+04 2.568134838817601295e+00 -2.114115706328662636e+00 3.158727865375178953e+04
5.252046758869223595e+02 3.036868630370071332e+04 2.984348162781379142e+04 2.499984523754054777e+00 -2.648963352965235885e+00 3.155937458799564411e+04
5.251614270957549024e+02 3.036636479655596122e+04 2.984120336946020689e+04 2.550212355351445748e+00 -4.436943409768010582e+01 3.149018645132972961e+04
5.252000338312431040e+02 3.036790089501328839e+04 2.984270086118204563e+04 2.554085171492225914e+00 7.999047974058169919e-01 3.154398528527794042e+04
6.942050018910581457e+03 1.760679278763682669e+04 1.066474276872624614e+04 2.522697916987756361e+00 1.828316783859187611e+00 1.854649319364473195e+04
4.204386224936111830e+03 7.148553899614157672e+03 2.944167674678045842e+03 2.373724994614835548e+00 2.372349009099836259e+00 7.917395431023590390e+03
1.403695372944765268e+03 3.327179367104157791e+03 1.923483994159392523e+03 2.266214508504800662e+00 1.554418967343019320e+00 4.053628697570670738e+03
4.202096332173237556e+02 2.221091839008766783e+03 1.800882205791443084e+03 1.845972012859322220e+00 1.187617756431810667e+00 2.881632598891821090e+03
3.507071612602823620e+02 2.142288466463882742e+03 1.791581305203600323e+03 1.794450736544360270e+00 1.241799278381045868e+00 2.808107033336982568e+03
3.379670802015982645e+02 2.130141341345442925e+03 1.792174261143844660e+03 1.153948575396455789e+00 1.173368229714853550e+00 2.759062235702499947e+03
3.366890930056290472e+02 2.138449844164199021e+03 1.801760751158569974e+03 1.252552542105717093e+00 1.081537719197605218e+00 2.829215641786579454e+03
3.407548397075024695e+02 2.141666017519286015e+03 1.800911177811783546e+03 1.286801113416199183e+00 8.328847915050201500e-01 2.803459103833780773e+03
3.407001156091712346e+02 2.141642785445040317e+03 1.800942669835869083e+03 1.227528474143266157e+00 1.211603688599928619e+00 2.837685951448564538e+03
3.374918332524651419e+02 2.136755635476093630e+03 1.799263802223628545e+03 1.249633767895949710e+00 1.059333131179035048e+00 2.808734911184010343e+03
3.494337316621707146e+02 2.134940457540996249e+03 1.785506725878825591e+03 1.123324603938997246e+00 1.474798331375419602e+00 2.784307342644569417e+03
3.405606588618511523e+02 2.145664152655212547e+03 1.805103493793361395e+03 1.519267161654402232e+00 9.623102412248322191e-01 2.845865836151702297e+03
3.537839323318128208e+02 2.155733758387103080e+03 1.801949826055290259e+03 1.416733281419962687e+00 9.722595383406461567e-01 2.818551649670041570e+03
4.326947004669932539e+02 2.239982418198294454e+03 1.807287717731301200e+03 2.118268506966065168e+00 1.015396030311457087e+00 2.919398592389768964e+03
1.317265261654772530e+03 3.211157071737683054e+03 1.893891810082910524e+03 2.101933417500433610e+00 1.531862473982048778e+00 3.974714624395986903e+03
2.829550844223452259e+03 5.068160480984443893e+03 2.238609636760991634e+03 2.252995889285975828e+00 2.531378098800193044e+00 5.916152041233760428e+03
5.211657946398241620e+03 8.905906963272231224e+03 3.694249016873989603e+03 2.509744272933644549e+00 3.052466165222934791e+00 9.792708980272200279e+03
6.316689638881423889e+03 1.168352630257306009e+04 5.366836663691636204e+03 2.448442135621979876e+00 -4.838138045720785096e-01 1.244652667006176853e+04
6.805580794050806617e+03 1.388266632496848615e+04 7.077085530917679534e+03 2.666374169547112150e+00 -3.174465073413287541e+00 1.461838107519261212e+04
6.951536372662015310e+03 1.509551165825987664e+04 8.143975285597861330e+03 2.425602688260445561e+00 -8.444521909551950811e-01 1.581120856824860311e+04
