5.250923082333600860e+02 3.036841045557120742e+04 2.984331814733784631e+04 2.568421611861365861e+00 -2.114115706328661304e+00 3.155106160086646196e+04
5.251904097269353997e+02 3.036226546111924836e+04 2.983707505139231216e+04 2.472066043217798548e+00 -1.480043108482163250e+00 3.136687834848557759e+04
5.251869338622339001e+02 3.036927658526375671e+04 2.984408965140152213e+04 2.396019651569734510e+00 -2.114115706328663524e+00 3.157702201222571239e+04
5.251834265140839761e+02 3.036748684541356488e+04 2.984230341889948249e+04 2.660442710003270150e+00 -4.628057827424644444e+01 3.152337833376176059e+04
5.251397920080622725e+02 3.036707322785017459e+04 2.984193343584211107e+04 2.504488642380237717e+00 7.999047974057823529e-01 3.151098101942680660e+04
5.251667663314555057e+02 3.036787589280906468e+04 2.984270912647760997e+04 2.517464686356284620e+00 -1.480043108482197889e+00 3.153503923002053853e+04
5.251944231512445640e+02 3.037130295823414781e+04 2.984610853508290165e+04 2.518215705062674115e+00 -1.142775538417185155e+00 3.163776015814335187e+04
5.251435107918408676e+02 3.036802265894867742e+04 2.984287914815683689e+04 2.541519560584889259e+00 -4.452143719112515186e+01 3.153948307507182835e+04
5.251410872938487273e+02 3.036601617365269703e+04 2.984087508635884660e+04 2.531237324064449457e+00 -4.510781755216559219e+01 3.147973693286725029e+04
5.250930731707815085e+02 3.037036954696556131e+04 2.984527647379478003e+04 2.387626279823068742e+00 -4.488400727050986916e+01 3.161814988004967745e+04
6.922780005304621227e+03 1.758817720653439392e+04 1.066539720122977269e+04 2.577055732405816979e+00 1.847121118937511852e+00 1.858770081942529941e+04
4.474162887012638748e+03 7.594910613823115455e+03 3.120747726810476706e+03 2.424313345549441667e+00 2.304055211327505681e+00 8.343106914186344511e+03
1.426409708834998128e+03 3.354885932646169294e+03 1.928476223811171167e+03 2.156366788367713117e+00 1.496999479089438312e+00 4.067476379258931502e+03
5.064820629597117545e+02 2.305282275105749704e+03 1.798800212146037893e+03 2.211084804041900664e+00 1.467464272842783357e+00 2.968271825127688317e+03
3.917304990002653540e+02 2.192070781715598969e+03 1.800340282715333615e+03 1.867560461709733888e+00 1.054391077404925881e+00 2.847335662939108261e+03
3.401024400613379157e+02 2.135208655880375773e+03 1.795106215819037971e+03 1.019689875776832011e+00 1.153200641882449196e+00 2.830075765560705349e+03
3.407631149338278078e+02 2.136497132401314502e+03 1.795734017467486638e+03 1.024527635140453752e+00 1.262778341820938621e+00 2.829428340439636486e+03
3.401618281194536735e+02 2.136034903342679172e+03 1.795873075223225442e+03 1.130735542304287078e+00 9.592507426916441204e-01 2.784357954892804628e+03
3.395043915813378135e+02 2.130599924055346946e+03 1.791095532474009133e+03 1.552039951902097981e+00 1.405416014433255034e+00 2.820598457209800472e+03
3.365402917594361156e+02 2.136562326089608177e+03 1.800022034330172119e+03 1.404933645320983970e+00 1.178814720634460800e+00 2.822977719452927886e+03
3.384336864812108843e+02 2.136459891245628569e+03 1.798026204764417798e+03 1.420498096419051448e+00 1.384044352954288071e+00 2.826475106183104344e+03
3.376422926866860621e+02 2.142470337178708633e+03 1.804828044492022627e+03 1.508805556507745171e+00 9.024268262729290280e-01 2.817413711645436251e+03
4.033851274335243033e+02 2.206328154494141927e+03 1.802943027060617624e+03 1.901726575798333707e+00 1.200107974553571877e+00 2.893542806263969396e+03
4.559393785225564670e+02 2.258982130561974827e+03 1.803042752039418247e+03 1.977857065055712127e+00 1.413893565780216965e+00 2.965031265967646505e+03
1.317912551728592007e+03 3.217066449026970986e+03 1.899153897298378979e+03 2.556206950904123421e+00 1.497990048531437024e+00 4.027153946167020877e+03
2.845518073682847898e+03 5.084387169953060948e+03 2.238869096270213049e+03 2.426934404031948489e+00 2.484488268452889503e+00 5.894972022371919593e+03
5.231242889541442310e+03 8.963594746504235445e+03 3.732351856962793136e+03 2.461537355971120444e+00 3.029384673126870098e+00 9.879220266312488093e+03
6.407658046872671548e+03 1.207878458918920842e+04 5.671126542316536870e+03 2.414882568125069184e+00 -3.226527092613342251e+00 1.282457466213607404e+04
6.878200192136855549e+03 1.436687742976544541e+04 7.488677237628589864e+03 2.512302173704891839e+00 -1.099010575033713133e+00 1.507558106386659892e+04
6.950419176082273225e+03 1.522659360382820705e+04 8.276174427745932917e+03 2.517645520111550628e+00 -5.016220119863221694e-01 1.605684234263263352e+04
