0.000000000000000000e+00 3.142138918110795203e+04 3.142138918110795203e+04 nan 3.794200609145531189e+01 3.228136729098225871e-25
2.282663895841603620e-94 3.141709900605990697e+04 3.141709900605990697e+04 5.457940809190790787e+01 8.351665141892093303e+00 3.200811173882122265e-25
1.669874783173130345e-43 3.141950453413293508e+04 3.141950453413293508e+04 2.376409703038399357e+01 3.468111059540220698e+00 3.210471441946980697e-25
7.744372310101703178e-26 3.140950576282473776e+04 3.140950576282473776e+04 1.298900029249844579e+01 1.217594311649710770e+00 3.188357093489325509e-25
2.180431198721616150e-17 3.141471486617038681e+04 3.141471486617038681e+04 9.527005075645400112e+00 1.613286497624054627e-01 3.201006221484550125e-25
1.086274303978817459e-11 3.141671713986693430e+04 3.141671713986692339e+04 5.944479796516231040e+00 4.927822402203436702e-01 3.217380475871719061e-25
2.437187368059316668e+03 2.882072339694770199e+04 2.638353602888838577e+04 4.066623891863845763e+00 -3.130475854804800062e-01 2.870128005783493125e-22
1.635561318124289755e+04 1.377270112627737581e+04 -2.582912054965521747e+03 5.568494869537429004e+00 -8.512417808518962792e-02 1.609975773393635311e-21
2.396818548830094369e+04 5.340257498255536120e+03 -1.862792799004540575e+04 1.478234570596644382e+01 1.296181458588687406e-03 2.348407638603906374e-21
2.578097189709707527e+04 3.274135502979200282e+03 -2.250683639411787590e+04 1.024468170747955931e+01 -8.926346723292314864e-03 2.576902887830113013e-21
2.646975050008703329e+04 2.486979514938809189e+03 -2.398277098514822501e+04 4.192320894852172408e+00 1.019353913156225699e-01 2.446089102390553651e-21
2.660739245426924754e+04 2.329788108502175874e+03 -2.427760434576707121e+04 8.612323930510351611e-01 4.091642255084297630e-02 2.551541666895375571e-21
2.672656776412001636e+04 2.237311177795324511e+03 -2.448925658632469276e+04 1.067294826554762599e+00 1.355210667628931331e-01 2.736667856794585086e-21
2.670584613617124342e+04 2.267869702690282793e+03 -2.443797643348095880e+04 8.625052862916616769e-01 1.504809004832203222e-02 2.678395289694251830e-21
2.671545114977268167e+04 2.258338030198375691e+03 -2.445711311957430735e+04 1.760261895064572535e+00 -3.074809792907525190e-03 2.573248790029676722e-21
2.669666728093309212e+04 2.250230770229409700e+03 -2.444643651070368287e+04 7.940943959592242640e-01 -6.134289614977749688e-02 2.710015628952107059e-21
2.665644112266202501e+04 2.323359264046511726e+03 -2.433308185861551465e+04 1.468028415972633338e+00 8.340147194426895949e-02 2.582261741393868455e-21
2.661634345967067566e+04 2.359918919080926116e+03 -2.425642454058974909e+04 1.206880668225256859e+00 -2.230264554477765296e-02 2.631798615279403585e-21
2.652122978978500396e+04 2.433689366694384717e+03 -2.408754042309062061e+04 2.221906200551264643e+00 -1.706301798738545650e-01 2.660322331631475137e-21
2.639977970442962032e+04 2.599298976117861457e+03 -2.380048072831175887e+04 1.358365318464683780e+00 6.127799347431008188e-03 2.644107677706735265e-21
2.614912430038867387e+04 2.853109172340771238e+03 -2.329601512804790400e+04 2.172927390066126563e+00 -5.370569290842745064e-02 2.540099619223404552e-21
2.615942746601667750e+04 2.883088542432296890e+03 -2.327633892358437879e+04 2.662506316972264475e+00 -5.521474317688002814e-03 2.713843420568007389e-21
2.603499826759637290e+04 3.012175429701316261e+03 -2.302282283789505527e+04 2.292738215722241346e+00 7.002135176722333598e-02 2.618751700142957208e-21
2.591617826665066605e+04 3.090897257299121520e+03 -2.282528100935154362e+04 2.961882399533698251e+00 -7.749719114768631456e-02 2.395328533298364750e-21
2.620108108585568334e+04 2.839858992541289354e+03 -2.336122209331439444e+04 2.443677714129769196e+00 1.184215907863474110e-01 2.574219091860886946e-21
2.562518987572278638e+04 3.466042381117277273e+03 -2.215914749460550956e+04 2.409875992779682452e+00 4.213080203696197706e-02 2.627149907303102533e-21
2.544068685479955093e+04 3.676245197223489413e+03 -2.176444165757606243e+04 5.488054289257604523e+00 3.679966653127645509e-02 2.521550466325532449e-21
2.490673794597825690e+04 4.384171797231312667e+03 -2.052256614874694424e+04 2.750343728446374758e+00 -7.860050757354113127e-02 2.673415308459984617e-21
2.409839371761498842e+04 5.248481935387153499e+03 -1.884991178222783492e+04 2.141820968975467920e+00 4.518981969624072913e-03 2.488599828359905250e-21
2.353873242023815328e+04 5.833956900549139391e+03 -1.770477551968901389e+04 3.453903972372180942e+00 -3.394690445238043169e-02 2.385375909485468357e-21
2.214866872007601341e+04 7.406972975687505823e+03 -1.474169574438850759e+04 5.128976008644517748e+00 -9.383148285221200313e-02 2.122379494107847651e-21
