0.000000000000000000e+00 3.141904580361083572e+04 3.141904580361083572e+04 nan 3.380589079650875561e+01 3.206156866116312385e-25
2.486553398513587120e-94 3.141532407915528893e+04 3.141532407915528893e+04 5.552316259832716838e+01 8.339471826142650812e+00 3.224976049460535684e-25
1.504425406188276298e-43 3.141426230586543534e+04 3.141426230586543534e+04 2.215029172164514648e+01 3.234068999379302145e+00 3.195937647028004715e-25
1.167791139577004090e-25 3.141874156173361189e+04 3.141874156173361189e+04 1.312189352259197683e+01 1.564417633402201302e+00 3.212139118640638832e-25
2.037266800278597905e-17 3.142233381034405102e+04 3.142233381034405102e+04 8.610517445891469279e+00 3.143348702140518203e-01 3.218115235436252355e-25
8.156870693983114435e-13 3.141978957911477119e+04 3.141978957911477119e+04 6.681968613956596137e+00 5.279393799087065409e-01 3.219439523498493416e-25
2.113096744109619522e+03 2.918150934160311226e+04 2.706841259749349410e+04 4.239500367750290266e+00 -1.899176587082762602e-01 1.799870603501609637e-22
1.665193301935424824e+04 1.347051464857892643e+04 -3.181418370775321819e+03 7.830903646310606092e+00 8.638895114139538700e-02 1.632993024784500085e-21
2.424378711930535064e+04 5.020490171843665848e+03 -1.922329694746168389e+04 1.422353050077417258e+01 -2.921013229474010708e-02 2.262870526292355139e-21
2.617480081615628296e+04 2.828851204258942289e+03 -2.334594961189734022e+04 5.383092641424578773e+00 -1.373719151309363840e-01 2.571213099986754737e-21
2.646422098163509872e+04 2.499922924014201271e+03 -2.396429805762089745e+04 3.148359791302532074e+00 -2.099338425526084406e-02 2.677240798201542318e-21
2.671527861117955399e+04 2.263871363006855063e+03 -2.445140724817269802e+04 6.862216218132090040e-01 9.543802643613258363e-02 2.633997993778892059e-21
2.666588961172278141e+04 2.291615914233963395e+03 -2.437427369748881756e+04 4.069386916300118173e+00 -4.775063135316767043e-02 2.664779006694597310e-21
2.668455246712793451e+04 2.271934271935412653e+03 -2.441261819519252094e+04 1.144778718540916174e+00 -6.187590057496317186e-02 2.565487456651303581e-21
2.663046997025902601e+04 2.337008057507187914e+03 -2.429346191275183810e+04 9.004910937130875537e-01 4.723944350542371579e-02 2.630300142100310766e-21
2.667991059635951024e+04 2.283251498222367900e+03 -2.439665909813714097e+04 1.210594071373142233e+00 9.479238495899296180e-02 2.533462372625621815e-21
2.665115930362401195e+04 2.313825574499953746e+03 -2.433733372912405684e+04 1.097826431561331972e+00 5.782960198161415932e-02 2.520968767490240528e-21
2.660601110745827827e+04 2.379124014348911714e+03 -2.422688709310936611e+04 2.960457620847976923e+00 7.173323644416559723e-03 2.529532302132892518e-21
2.640909431316034534e+04 2.538815226776432610e+03 -2.387027908638391091e+04 1.709624195271860048e+00 -4.531012002531429120e-03 2.526977849206299613e-21
2.656219696008041865e+04 2.453347949779382816e+03 -2.410884901030103720e+04 1.783260844598840711e+00 1.334607571569101057e-02 2.668609748887291416e-21
2.641889364949975061e+04 2.571402602297447629e+03 -2.384749104720230389e+04 2.070160809004981228e+00 1.003302131562548993e-01 2.536728437734424999e-21
2.628246863865023988e+04 2.768021877745372876e+03 -2.351444676090486610e+04 1.865618373218298709e+00 -6.924363724613923077e-02 2.598335530111657932e-21
2.604303134503934052e+04 2.980526754834497297e+03 -2.306250459020484413e+04 2.948150537699533391e+00 -4.030686039066254042e-03 2.539555963793930411e-21
2.575122027924625218e+04 3.347254587079704834e+03 -2.240396569216654825e+04 3.111013735963525928e+00 -6.875486808642201908e-02 2.573863844682408614e-21
2.557703352333811199e+04 3.467500120977886127e+03 -2.210953340236022632e+04 2.084460280853906333e+00 4.070202157806237370e-02 2.642239928028914965e-21
2.590608989497580478e+04 3.208145366964130517e+03 -2.269794452801167427e+04 2.122031826919527742e+00 -1.207715249427732118e-01 2.592472431278243383e-21
2.518839601569170918e+04 3.997524734880866617e+03 -2.119087128081084302e+04 1.813056018657921653e+00 -2.416685875071705649e-03 2.516598294682914839e-21
2.493301030999023351e+04 4.274492240270586990e+03 -2.065851806971964834e+04 3.648291896255528854e+00 -2.063349641404984072e-02 2.520773386952384686e-21
2.422821549759211121e+04 5.072335024564493324e+03 -1.915588047302761697e+04 3.330404208012765821e+00 -2.476173848504240882e-01 2.428151229300930845e-21
2.381144830415613251e+04 5.542005393358880610e+03 -1.826944291079725372e+04 4.229712055763846124e+00 -4.597379364444482280e-02 2.340288522130023971e-21
2.254669253049290637e+04 6.956983841349731847e+03 -1.558970868914317543e+04 4.202937094497723791e+00 -4.914296467482692082e-02 2.155915036528553228e-21
