0.000000000000000000e+00 3.141995509721762573e+04 3.141995509721762573e+04 nan 3.039835972975706113e+01 3.217437280864369080e-25
2.109204210460789751e-94 3.141288062627984618e+04 3.141288062627984618e+04 5.835690225386259300e+01 7.510318884845088583e+00 3.205919949012745534e-25
1.842631061654050922e-43 3.141520513688278879e+04 3.141520513688278879e+04 2.337052328486540276e+01 3.751672573643304087e+00 3.204146908233603636e-25
1.034408050189012491e-25 3.142372423322468239e+04 3.142372423322468239e+04 1.346274331269864355e+01 1.740672572932776774e+00 3.232220669559559730e-25
1.973167877091858083e-17 3.141224765463559015e+04 3.141224765463559015e+04 8.792376225444044735e+00 -4.052907389622945611e-01 3.203701126247482183e-25
8.967910069814647427e-12 3.141417469985884600e+04 3.141417469985883872e+04 5.362920743847574556e+00 6.296418285525604563e-01 3.216163108803446821e-25
2.244917352412456694e+03 2.902830810106085846e+04 2.678339074864840222e+04 4.442084827169009209e+00 -2.718793131940812624e-01 2.319874441994399898e-22
1.629697645233395451e+04 1.385990457826687452e+04 -2.437071874067079989e+03 1.615402697762093354e+01 -3.454532171660271850e-02 1.532056914153935052e-21
2.418008319256352115e+04 5.082173917996743512e+03 -1.909790927456677673e+04 1.268570107763902399e+01 3.772618216331313085e-02 2.357059743746689140e-21
2.616577957841828902e+04 2.870348170097675393e+03 -2.329543140832061181e+04 3.925133962440481294e+00 1.097496520210297644e-02 2.711133062033508500e-21
2.648214879314903737e+04 2.488377667702053714e+03 -2.399377112544698321e+04 8.079729231341979956e-01 1.101802685505087753e-01 2.614015309587734339e-21
2.672029522158907639e+04 2.257982849092698871e+03 -2.446231237249637707e+04 1.204450782078887228e+00 6.112569526491148410e-03 2.634529135448015646e-21
2.669636145285607563e+04 2.265048189818763149e+03 -2.443131326303731112e+04 1.014181390311961861e+00 1.554539737707198721e-01 2.666151433326449704e-21
2.665206399503208740e+04 2.281737662751954758e+03 -2.437032633228013219e+04 1.315079209256007298e+00 8.961344935064842823e-03 2.631602796312302461e-21
2.670715718212418869e+04 2.253735904240728360e+03 -2.445342127788345897e+04 7.561914960772565530e-01 -4.571239027671697430e-02 2.676955466945658305e-21
2.671687495460921855e+04 2.262709780622869857e+03 -2.445416517398634824e+04 7.429200262445084801e-01 -1.197509479402079739e-02 2.544748964358013048e-21
2.669342350582037034e+04 2.290038981669622444e+03 -2.440338452415074789e+04 1.098045130868003705e+00 3.579399910582379413e-02 2.603223403392376738e-21
2.651877543029051594e+04 2.466651612297485372e+03 -2.405212381799302966e+04 1.148167847935350316e+00 3.702661520656757438e-02 2.540851997942208881e-21
2.655765813032155347e+04 2.418822977547234132e+03 -2.413883515277431798e+04 1.250096391075713242e+00 -7.592966044090847244e-02 2.598484700000380381e-21
2.625180492795764803e+04 2.745374103516586729e+03 -2.350643082444106039e+04 1.973785312822556648e+00 1.868730924193619247e-02 2.569593020445781125e-21
2.632948479663744729e+04 2.685551845929467163e+03 -2.364393295070798195e+04 1.296494743183403520e+00 4.352850691019754387e-02 2.474436351535910234e-21
2.615805188625638766e+04 2.913447413987729760e+03 -2.324460447226865654e+04 2.685622167235269586e+00 7.424869699369811282e-02 2.620011530891010810e-21
2.606296655440331597e+04 2.978657378854788931e+03 -2.308430917554852567e+04 2.437794735207518215e+00 7.140672882118150044e-02 2.678522546477998033e-21
2.625111213644152667e+04 2.839337634520636129e+03 -2.341177450192088872e+04 3.810075620384012485e+00 1.294010190107135021e-02 2.687352093676708325e-21
2.590154594702303439e+04 3.125947379733689104e+03 -2.277559856728934392e+04 2.248334395915691619e+00 -1.904577450209839207e-02 2.771754263130603552e-21
2.574747776009972949e+04 3.329092337066372238e+03 -2.241838542303335635e+04 6.164479210558245548e+00 -3.938013242142214543e-02 2.503019341743331541e-21
2.510434709562638454e+04 4.066975393429950600e+03 -2.103737170219643303e+04 3.933228169669597207e+00 1.111912943844621804e-01 2.526815070141526581e-21
2.466824034905897133e+04 4.569282536106421503e+03 -2.009895781295255074e+04 2.892479747810203339e+00 -4.686971753526173595e-02 2.392335362095729485e-21
2.441576617449149126e+04 4.860459613254515716e+03 -1.955530656123697554e+04 2.007665993661685633e+00 4.131353041854996834e-03 2.432088852487286694e-21
2.310180390221151174e+04 6.324769873289412317e+03 -1.677703402892209851e+04 3.757896034657072448e+00 -6.382070220457386478e-02 2.280822210839543327e-21
2.230514043505359950e+04 7.251078020734610618e+03 -1.505406241431898889e+04 6.210034906858776793e+00 -2.624037340335729981e-02 2.158613650549272687e-21
