0.000000000000000000e+00 3.141779005114841493e+04 3.141779005114841493e+04 nan 3.756959141401890179e+01 3.217171115048335701e-25
2.017024682248098431e-94 3.142395238485955269e+04 3.142395238485955269e+04 5.713338744806046776e+01 7.528494933547221990e+00 3.232129529921903346e-25
1.751033471676679626e-43 3.141636842348187565e+04 3.141636842348187565e+04 2.249971106216623085e+01 3.760402696351390350e+00 3.216002796523043806e-25
9.470233774008167079e-26 3.141103532468523190e+04 3.141103532468523190e+04 1.339100117768109044e+01 1.852557401286375693e+00 3.204888414039126868e-25
2.281982112965955098e-17 3.141966244261613610e+04 3.141966244261613610e+04 7.812474795755032453e+00 1.800020297293668803e-01 3.232676050663341522e-25
9.991451102949879576e-12 3.141543126235265299e+04 3.141543126235264208e+04 5.811285969836855081e+00 6.819713821258286401e-01 3.199180866327280095e-25
2.357691846179974618e+03 2.892056958654783011e+04 2.656287774036785413e+04 5.779315175965179741e+00 -1.384917786344902479e-01 1.200606788586585027e-22
1.565658016740283165e+04 1.451064732940000249e+04 -1.145932838002829158e+03 1.674787820806091432e+01 7.628193350180513532e-02 8.639845113909590003e-22
2.416603904764644903e+04 5.095415351290721446e+03 -1.907062369635572759e+04 8.768891289731532979e+00 -8.878292949516758403e-02 1.406649699012151654e-21
2.611668643984376104e+04 2.914438423772745864e+03 -2.320224801607101472e+04 6.065598565218436988e+00 -6.921099225052840080e-03 1.495759835122837120e-21
2.666507454098185190e+04 2.369798166243637752e+03 -2.429527637473821233e+04 3.380714380641407057e+00 1.361990802225079289e-01 1.542217121905242111e-21
2.666363468496135465e+04 2.254745244449923575e+03 -2.440888944051142971e+04 8.607092446170397926e-01 8.000413949207142716e-02 1.570067896263133201e-21
2.672762990895889016e+04 2.260626230325989127e+03 -2.446700367863290012e+04 6.862787133683158070e-01 3.710896366874613661e-02 1.517267728576303403e-21
2.669143451309462034e+04 2.270005823909920309e+03 -2.442142868918470049e+04 7.771155887368510484e-01 -1.103595624111969840e-02 1.547581614660325918e-21
2.670910303086294152e+04 2.241720794445201136e+03 -2.446738223641773948e+04 7.471053204184837648e-01 -1.196381842635493159e-02 1.569017125149551792e-21
2.665195351086600567e+04 2.306136255242735388e+03 -2.434581725562327119e+04 8.447938291986928361e-01 -1.236861141783761470e-01 1.518456365224441798e-21
2.663586262918839202e+04 2.322279249776973302e+03 -2.431358337941141872e+04 1.197227593976036175e+00 2.078123516260748163e-02 1.558472736086987291e-21
2.648611263397235962e+04 2.483026470311480352e+03 -2.400308616366087881e+04 1.213123703018162303e+00 -1.564195741453382194e-01 1.563373408302894942e-21
2.642516399916080263e+04 2.555887959556186615e+03 -2.386927603960461420e+04 1.935759757432208739e+00 2.134676749969460496e-01 1.498570937425710880e-21
2.638595811208481973e+04 2.607785728881877276e+03 -2.377817238320294200e+04 1.643574049594212383e+00 8.061555413572830953e-02 1.508682829952981580e-21
2.643811002554090010e+04 2.581055614030984998e+03 -2.385705441150991464e+04 1.928094325177845958e+00 5.761151392627591322e-02 1.522350465801951045e-21
2.619413594522147469e+04 2.775404055323942430e+03 -2.341873188989753180e+04 3.964465008626708364e+00 -3.548823691962323806e-02 1.518236372122717121e-21
2.607535836518687211e+04 2.926199132512885171e+03 -2.314915923267398830e+04 2.245533697420548425e+00 -8.763543243939875271e-02 1.480026730249233900e-21
2.626918662627484082e+04 2.780736959414413377e+03 -2.348844966686042608e+04 1.811725231698762206e+00 3.611739121485619403e-02 1.554254043572295384e-21
2.592735312728701683e+04 3.172508039180325341e+03 -2.275484508810669286e+04 1.728165828122610437e+00 -1.123722027307270110e-01 1.518599075741203999e-21
2.561752779559570627e+04 3.431450412101621623e+03 -2.218607738349408464e+04 3.910763665581354687e+00 2.091876476305004964e-02 1.468034882222546117e-21
2.538847070169259314e+04 3.739283398017612399e+03 -2.164918730367498210e+04 2.042328583401780140e+00 -1.031107717936836782e-01 1.478889918436978397e-21
2.460312528626290077e+04 4.571995054300454285e+03 -2.003113023196244467e+04 2.997494655212475934e+00 -1.621719768450294308e-02 1.400752125916525835e-21
2.394354111919020215e+04 5.403560986560532911e+03 -1.853998013262966924e+04 2.156854583253176028e+00 3.863580552763135056e-02 1.373753388112776251e-21
2.306579266467214256e+04 6.386571438593930907e+03 -1.667922122607821075e+04 4.619157728689477160e+00 -3.238511843802225482e-02 1.323505827828433615e-21
2.309151896346065041e+04 6.380230619273698721e+03 -1.671128834418695260e+04 3.350794414431444324e+00 2.927351742328533277e-02 1.328659237564133251e-21
