0.000000000000000000e+00 3.141702841829260069e+04 3.141702841829260069e+04 nan 3.009499826757918228e+01 3.222694995212600340e-25
1.807332998357064725e-94 3.142242474463026883e+04 3.142242474463026883e+04 4.929278024362952237e+01 7.481206007756440179e+00 3.228744519751527697e-25
1.697662381323631138e-43 3.142311336078259774e+04 3.142311336078259774e+04 2.615532451997106378e+01 5.101426898128583076e+00 3.238919303221330392e-25
1.164483165858656080e-25 3.142503529420647465e+04 3.142503529420647465e+04 1.271940982622982652e+01 1.745337123828510473e+00 3.227764168614944059e-25
2.427878711504011196e-17 3.141743182803240416e+04 3.141743182803240416e+04 9.385241566266193658e+00 3.402558574139541991e-01 3.221457951966217671e-25
6.672006524434913236e-12 3.140862917917875893e+04 3.140862917917875166e+04 5.794540251576923318e+00 8.523105153937500233e-01 3.191680455775273388e-25
2.069593183310389122e+03 2.923648557745469225e+04 2.716689239414430267e+04 4.465268952348202980e+00 -2.532034560273222490e-01 2.010004628999878017e-22
1.610866108861079374e+04 1.400617721317929318e+04 -2.102483875431500564e+03 1.538054740751658223e+01 -1.962162278616088329e-01 1.488410785933680624e-21
2.420377880593478767e+04 5.049544547278322170e+03 -1.915423425865646641e+04 1.459991143419073722e+01 2.759041173893983794e-04 2.444032208696415039e-21
2.621813223390998974e+04 2.824361868525539649e+03 -2.339377036538445100e+04 4.047216133994919751e+00 1.033138348017109270e-01 2.586457985614713579e-21
2.659220465720805805e+04 2.416470233427432049e+03 -2.417573442378062464e+04 2.945338030790356942e+00 -2.238837112138337623e-02 2.620672064386281527e-21
2.665413903453978128e+04 2.295321045942650017e+03 -2.435881798859713308e+04 1.147786092843141814e+00 1.468616602568594692e-02 2.598575977907222356e-21
2.668338074444260928e+04 2.277263230609269158e+03 -2.440611751383334195e+04 9.267358985828625384e-01 1.483733450708877299e-01 2.513777606163618346e-21
2.667832638202893577e+04 2.287246530715060089e+03 -2.439107985131387613e+04 6.945426632577964554e-01 -3.520159159044621705e-02 2.548548701827964939e-21
2.667659923568867816e+04 2.297826223581075737e+03 -2.437877301210760197e+04 9.519259286907685302e-01 -6.957322856651045051e-02 2.680322830636902938e-21
2.661590450242677980e+04 2.341027189354469101e+03 -2.427487731307230933e+04 1.075840526307904943e+00 1.471715352150230471e-01 2.592083336356511319e-21
2.659803775965516252e+04 2.333015849273570893e+03 -2.426502191038159071e+04 1.635411273937566357e+00 1.002026643514542098e-01 2.544883912304976486e-21
2.664334757283606450e+04 2.349097750055513188e+03 -2.429424982278055177e+04 9.147585043662331827e-01 8.623430117106316295e-02 2.596478247051826884e-21
2.660014908597568501e+04 2.372079987086915025e+03 -2.422806909888876908e+04 1.352537845390308746e+00 1.664116104629825496e-02 2.529358949012840354e-21
2.630258128283569022e+04 2.715010953135759792e+03 -2.358757032969993088e+04 2.118812571001010614e+00 4.659323092716927822e-02 2.663136613111648917e-21
2.629336375882935317e+04 2.766480438798148498e+03 -2.352688332003120377e+04 1.533970795811423926e+00 2.789866401781075297e-02 2.583539213944037541e-21
2.617621363808046226e+04 2.851869895329425162e+03 -2.332434374275103619e+04 6.077414002460256093e+00 1.056411240850078787e-01 2.629129951823446337e-21
2.619731925394276914e+04 2.857246967972903349e+03 -2.334007228596986533e+04 2.972656462429964730e+00 1.012602739521815676e-01 2.610386717474274630e-21
2.593281401244903100e+04 3.152452957964364487e+03 -2.278036105448466697e+04 2.580677952733109848e+00 -6.746600473864762526e-02 2.569591631994911634e-21
2.608687724029930177e+04 2.988277891835097307e+03 -2.309859934846420583e+04 2.623146957637789267e+00 -1.419074825580101951e-01 2.538498052675341137e-21
2.552502973840645063e+04 3.588965168985069340e+03 -2.193606456942138175e+04 2.962413409100773887e+00 2.870113280754582955e-02 2.422332935118215690e-21
2.544472991224983343e+04 3.667982670328197855e+03 -2.177674724192163558e+04 2.008981416214069338e+00 1.246995681142890749e-02 2.549366178653404392e-21
2.499410191983590266e+04 4.208509453919004045e+03 -2.078559246591689953e+04 2.165920575250253055e+00 9.644878735395957803e-02 2.486261245246859313e-21
2.405082360206148223e+04 5.242025223618295058e+03 -1.880879837844318536e+04 7.181734635506839659e+00 4.895918749453587182e-02 2.330014226837492126e-21
2.312638956934823364e+04 6.254978948128847151e+03 -1.687141062121938739e+04 4.204755149379118428e+00 -1.561403934661245996e-01 2.167485844504394791e-21
2.241263447623257525e+04 7.094494752310859440e+03 -1.531813972392171490e+04 3.839577966143300269e+00 8.064531521006142178e-02 2.096312088253257386e-21
