0.000000000000000000e+00 3.142387823507421490e+04 3.142387823507421490e+04 nan 3.787295659282266769e+01 3.228764408514365550e-25
1.969445643477562043e-94 3.142702374764234992e+04 3.142702374764234992e+04 5.290149379884633163e+01 7.541187625764045777e+00 3.233922119606209023e-25
1.759272420278422403e-43 3.141466355094758183e+04 3.141466355094758183e+04 2.213672625828165152e+01 3.642464709383895549e+00 3.210220479521187789e-25
1.016004810414673398e-25 3.141141273678514335e+04 3.141141273678514335e+04 1.347550029474237654e+01 1.213294191763433894e+00 3.198179489507738777e-25
1.914087497087513312e-17 3.141005583874289732e+04 3.141005583874289732e+04 9.571210772134660871e+00 4.657850299100532721e-01 3.189915100712524290e-25
3.469793759129590446e-12 3.141824764567512102e+04 3.141824764567511738e+04 5.851699380277064044e+00 6.350712765777007940e-01 3.220741070267217373e-25
2.398061707838215170e+03 2.885925326916872655e+04 2.646119156133051001e+04 4.065109956621840936e+00 -2.062375035381625032e-01 1.254087768595565300e-22
1.673571588237506148e+04 1.332162653644343300e+04 -3.414089345931628486e+03 5.776836455391996417e+00 -1.114961176848580510e-01 9.143539431676591919e-22
2.405816564938912416e+04 5.216313174598401019e+03 -1.884185247479072132e+04 1.070665237937307346e+01 -1.133788069721990838e-01 1.367000775191049819e-21
2.602674598781689201e+04 3.023617285516525499e+03 -2.300312870230036788e+04 9.848310696208711690e+00 4.420912551193758450e-02 1.495859001083789261e-21
2.652198192414741425e+04 2.500327941826039932e+03 -2.402165398232137522e+04 4.844864962101072869e+00 7.437662723409187854e-03 1.578580727692002101e-21
2.662976521328605668e+04 2.297427501460111671e+03 -2.433233771182594501e+04 1.286417781576061126e+00 -5.945282440195783641e-02 1.510417626526018383e-21
2.670655917638328174e+04 2.264236386969338128e+03 -2.444232278941394179e+04 1.034529649255885309e+00 5.669008549002702013e-02 1.609994139958871047e-21
2.669430188192219066e+04 2.263988127241301299e+03 -2.443031375468089027e+04 5.543345240571829757e-01 7.005441570607745527e-02 1.524875987970043381e-21
2.670162549087241132e+04 2.264334876860786153e+03 -2.443729061401162471e+04 1.024814507199981684e+00 6.729522868736703689e-02 1.525999818717811477e-21
2.671073294100310159e+04 2.264716597742700742e+03 -2.444601634326040221e+04 7.842122040353626256e-01 7.158749004410136507e-02 1.572726136265738251e-21
2.662782210336482967e+04 2.304979709972763885e+03 -2.432284239339206397e+04 3.432503382741196152e+00 -5.354431669959081735e-02 1.478741651039674504e-21
2.658429200728614524e+04 2.374144487437574298e+03 -2.421014751984857139e+04 8.980879156991213863e-01 1.470235050076333476e-02 1.486878459037295928e-21
2.652487109447713010e+04 2.490011871603455347e+03 -2.403485922287367430e+04 1.499213301457058334e+00 9.979945305857350346e-02 1.528492787335148437e-21
2.637744689969416140e+04 2.640678983144230642e+03 -2.373676791654993212e+04 1.282852735180564308e+00 2.702204443748669818e-02 1.557992438005875362e-21
2.636598052350788930e+04 2.625322765366983731e+03 -2.374065775814090739e+04 2.091023602945850879e+00 6.605677606425053305e-03 1.518751251028041308e-21
2.622853680803141469e+04 2.814001023363174681e+03 -2.341453578466823819e+04 2.142098898441906485e+00 3.521583778653934304e-03 1.554880984320045287e-21
2.636778257175668841e+04 2.667832731229452293e+03 -2.369994984052723521e+04 2.279572105398877557e+00 1.241381010030831455e-01 1.573712735854036759e-21
2.617224226475961405e+04 2.865641957219243068e+03 -2.330660030754037143e+04 3.132873090531159477e+00 1.929009052210140657e-02 1.550437499249218150e-21
2.600825370633868079e+04 3.021416044867724850e+03 -2.298683766147095594e+04 2.647123335159041968e+00 4.259099750173851555e-03 1.530067499540441317e-21
2.595849010822415221e+04 3.099760193334131145e+03 -2.285872991489002015e+04 2.492811962694158279e+00 -2.867351064344450529e-02 1.551903467636735137e-21
2.555110049659361903e+04 3.569853896736096431e+03 -2.198124659985752078e+04 3.369474299169060050e+00 2.155597053632880566e-01 1.521209419787506868e-21
2.471693840519545847e+04 4.512306746137434857e+03 -2.020463165905802452e+04 4.870392236539405673e+00 -5.731688880586646717e-02 1.459320299879328138e-21
2.413461955361809305e+04 5.202326991464358798e+03 -1.893229256215373607e+04 6.392923839042314427e+00 -1.465474187343540347e-01 1.429277512842288123e-21
2.351056239817143796e+04 5.866823429102800219e+03 -1.764373896906863956e+04 3.089480057519256917e+00 -8.672281504032837429e-02 1.353415638933619384e-21
2.226997533915084932e+04 7.281554160262339792e+03 -1.498842117888850953e+04 3.952859813800893907e+00 3.380184409521989290e-03 1.225424448801568951e-21
