0.000000000000000000e+00 3.141719078265390635e+04 3.141719078265390635e+04 nan 3.629840447177237195e+01 3.205729332645358187e-25
2.443201283105812733e-94 3.141727397600736003e+04 3.141727397600736003e+04 5.360294467223187809e+01 7.082794514552340104e+00 3.215765526059521000e-25
1.528850345244300948e-43 3.142073513953183647e+04 3.142073513953183647e+04 2.499720248043797710e+01 3.396234484623571692e+00 3.235057117516922237e-25
1.120421378696109737e-25 3.142113277255109642e+04 3.142113277255109642e+04 1.331232398621009061e+01 1.788339762683986978e+00 3.221046519060586930e-25
2.366590193539176064e-17 3.142833874864374229e+04 3.142833874864374229e+04 7.983744687655364380e+00 3.447007887129174830e-01 3.247802961105131290e-25
2.839781031654277892e-12 3.142124705669842297e+04 3.142124705669841933e+04 5.341022564494198654e+00 7.034377631933894648e-01 3.228198265329345316e-25
2.317900641275833550e+03 2.894509862504670673e+04 2.662719798377087136e+04 5.247681374111177632e+00 -1.246067381450547407e-01 1.167406111233119408e-22
1.616459926577945407e+04 1.399921878196788930e+04 -2.165380483811564773e+03 1.072032349332294388e+01 -9.501258256350414433e-02 9.125412707809570486e-22
2.450851887939666994e+04 4.711000020391720682e+03 -1.979751885900495108e+04 1.734444094220433996e+01 5.662100954364384514e-02 1.414409343592683966e-21
2.605384328850407110e+04 2.945322402861660066e+03 -2.310852088564241058e+04 8.809401440048072018e+00 6.828560626153100388e-02 1.511369636682521859e-21
2.652558218315657359e+04 2.480313616899351473e+03 -2.404526856625722212e+04 1.892812312673487485e+00 5.981104129861918202e-03 1.506917406155583835e-21
2.671520183971472943e+04 2.289117658343288440e+03 -2.442608418137143963e+04 7.627384351748349722e-01 -4.011966791197695698e-02 1.549718465973207160e-21
2.665754706266347057e+04 2.280772479691256649e+03 -2.437677458297221528e+04 1.072688221508429907e+00 1.695525351838004721e-02 1.519621082179796809e-21
2.672750330821003445e+04 2.247401422531708249e+03 -2.448010188567832665e+04 1.366811635178476259e+00 1.000391701432910008e-01 1.563612686266414802e-21
2.668896527610887642e+04 2.273346678490367594e+03 -2.441561859761850792e+04 5.609426389587430783e-01 4.533323660941163125e-02 1.524939064492965049e-21
2.674141175359605040e+04 2.252354316531645054e+03 -2.448905743706440626e+04 8.557353932860070067e-01 9.022972809637101743e-02 1.551422348190648417e-21
2.660611654343964983e+04 2.324205664088006870e+03 -2.428191087935164251e+04 1.798047268178438740e+00 1.170336011266553539e-01 1.531148249408639024e-21
2.659485099645429727e+04 2.361151895504679942e+03 -2.423369910094961597e+04 1.720041824446893797e+00 -4.904712472187628541e-02 1.518095887100566928e-21
2.646904709442734020e+04 2.525186100761409762e+03 -2.394386099366593044e+04 2.598328542314005674e+00 -4.104647595992685916e-02 1.566245267821908896e-21
2.650283778994233580e+04 2.499697077899125361e+03 -2.400314071204321226e+04 1.098062412729212900e+00 -4.585330632827406411e-02 1.566079080749365290e-21
2.639160858550094053e+04 2.604475742808340328e+03 -2.378713284269260112e+04 6.884348162315841790e+00 2.107942691132981897e-02 1.525822002046384895e-21
2.619552761032100534e+04 2.862191110188884977e+03 -2.333333650013212173e+04 3.098765933423107466e+00 -9.345804841576176025e-02 1.483632633117447016e-21
2.598300349302272298e+04 3.098542770693436978e+03 -2.288446072232928418e+04 3.709447512687047865e+00 6.923847099910752922e-02 1.494709384127353283e-21
2.641361471146718395e+04 2.634745674082146706e+03 -2.377886903738503679e+04 8.196189258331729732e+00 -4.773287260148714739e-02 1.543937496834252804e-21
2.571273678534284409e+04 3.355770473261019106e+03 -2.235696631208182589e+04 2.346813810039438675e+00 -7.470087505871882833e-03 1.498499084492604320e-21
2.561059512483751314e+04 3.514529735036701368e+03 -2.209606538980081314e+04 4.350200182932133508e+00 5.137281638042556081e-02 1.471523100670058609e-21
2.533860443365604078e+04 3.807550790366865385e+03 -2.153105364328917494e+04 4.380365764760509428e+00 7.118965519734105074e-02 1.500739565674462938e-21
2.456699246828008836e+04 4.682675114858685447e+03 -1.988431735342140382e+04 3.194814430774920222e+00 -4.781521447729161073e-02 1.418992906173404582e-21
2.432863272584752485e+04 4.973204627145199993e+03 -1.935542809870232304e+04 2.584825701542744714e+00 -1.694448072309800712e-01 1.385599652274398637e-21
2.401969853943189446e+04 5.315755267099898447e+03 -1.870394327233199510e+04 3.086549256460376256e+00 -4.041817022743048049e-02 1.363304368280790506e-21
2.240514224445821674e+04 7.073086096804590852e+03 -1.533205614765362589e+04 5.145842573189487901e+00 1.051167462476924469e-01 1.294735040699129396e-21
