0.000000000000000000e+00 3.141861457216221970e+04 3.141861457216221970e+04 nan 3.305707267244142855e+01 3.216951447636601493e-25
2.229132129073692846e-94 3.141846031942984337e+04 3.141846031942984337e+04 4.891469381114043102e+01 7.830479761982746645e+00 3.232852734387576894e-25
1.405509297749532626e-43 3.142388163413728762e+04 3.142388163413728762e+04 2.569099809964230374e+01 3.349467315735801254e+00 3.220023805772704327e-25
1.135840547250877319e-25 3.142032641395759492e+04 3.142032641395759492e+04 1.363054308148199034e+01 1.693394247419885978e+00 3.214855563330095949e-25
2.326945605765012829e-17 3.141560019343890963e+04 3.141560019343890963e+04 7.567472116166508833e+00 2.823020115106609773e-01 3.202790232974613197e-25
7.417398282862337074e-13 3.141823112510205829e+04 3.141823112510205829e+04 5.618474071183096719e+00 7.265464510077234150e-01 3.215366290662152553e-25
2.652425457329027267e+03 2.859655570535021616e+04 2.594413024802118889e+04 4.030263340654239634e+00 -1.455236449193698933e-01 2.355435332473182710e-22
1.668442584676764454e+04 1.341352949575543062e+04 -3.270896351012213927e+03 6.821570271574195488e+00 -2.150331160959542687e-02 1.629288115227154388e-21
2.432843390364941297e+04 4.891766565014674597e+03 -1.943666733863473928e+04 9.566128353669027362e+00 5.191113900271212417e-02 2.408639096269335977e-21
2.615064972079975269e+04 2.925326326673322910e+03 -2.322532339412642978e+04 7.331983253990808969e+00 5.486084836555720629e-02 2.580530831032103631e-21
2.660697912892382374e+04 2.379949436799469368e+03 -2.422702969212435346e+04 9.830506890986594470e-01 1.747492153376009327e-01 2.757107857588798210e-21
2.667431276661937591e+04 2.258201617455323230e+03 -2.441611114916405131e+04 1.120937909628192619e+00 9.758509133224103904e-02 2.629264803740623385e-21
2.674010807083417603e+04 2.254259086430582101e+03 -2.448584898440359393e+04 7.981571229654944588e-01 4.165812777418950036e-02 2.720307374306247637e-21
2.663623993437414174e+04 2.291144000112785307e+03 -2.434509593426135689e+04 7.427506866627651583e+00 -3.584071609018915638e-02 2.664448358705474895e-21
2.667195622316491790e+04 2.293013390872791206e+03 -2.437894283229212670e+04 9.034614757347281255e-01 -8.532597662153347529e-02 2.591448641505719888e-21
2.666748879664286142e+04 2.292351611773172408e+03 -2.437513718486968719e+04 1.044072792389631577e+00 4.583123061125287528e-02 2.698449043428922450e-21
2.665367824099817881e+04 2.326140149769917116e+03 -2.432753809122826351e+04 7.680417541870564468e-01 1.298860129753509063e-01 2.532952730415388367e-21
2.655953623034197153e+04 2.382532428456400794e+03 -2.417700380188557028e+04 3.988697538060341330e+00 -1.325174466174477705e-01 2.591185304680952439e-21
2.649298251908571183e+04 2.487651865960658597e+03 -2.400533065312505278e+04 1.588792882792136929e+00 2.923289620053670657e-02 2.541883628268874741e-21
2.638630742590827140e+04 2.662483230777713743e+03 -2.372382419513055720e+04 1.458556875186445723e+00 6.030454059637755521e-02 2.631758692615428122e-21
2.650009507085896985e+04 2.549798252872080411e+03 -2.395029681798689126e+04 8.696527910046830678e-01 6.213385410967769279e-02 2.788295740471778820e-21
2.605763262864311764e+04 3.019645778745882581e+03 -2.303798684989723552e+04 2.125352654272421038e+00 5.299748005216526475e-02 2.682552601584100614e-21
2.611319671526461752e+04 2.995985028436358334e+03 -2.311721168682826101e+04 1.825998663811865486e+00 -6.612759316705156543e-02 2.745694955074096561e-21
2.609644007025066821e+04 2.976840306501385840e+03 -2.311959976374928374e+04 2.520889857165314663e+00 5.642734621654260652e-02 2.578595813151565256e-21
2.605565433762795510e+04 3.035065390460319577e+03 -2.302058894716763461e+04 2.103078541273334157e+00 2.734870273037108210e-02 2.516263958392508110e-21
2.604581131673580603e+04 3.043725058589775927e+03 -2.300208625814603147e+04 3.582506843979081257e+00 -6.756533922845807394e-02 2.636016689651857776e-21
2.543351476799024749e+04 3.715759510045826119e+03 -2.171775525794442001e+04 4.546441528902861684e+00 -8.299244602110840419e-02 2.500915856178951413e-21
2.477630964416147617e+04 4.423237792062479457e+03 -2.035307185209899762e+04 3.177673527741086357e+00 3.919949460444904082e-02 2.496117263507101308e-21
2.422826636352563582e+04 5.069656767484072589e+03 -1.915860959604156233e+04 2.801545680713137809e+00 2.759283133446865585e-02 2.336281372617542310e-21
2.319024467287872540e+04 6.192662364585385149e+03 -1.699758230829334207e+04 3.767304017479489175e+00 2.048497491931141473e-02 2.338535483065956176e-21
2.209554394209472957e+04 7.418705378036452203e+03 -1.467683856405827828e+04 7.918583016352464199e+00 7.830466288038755163e-02 2.123488537006618749e-21
