0.000000000000000000e+00 3.140868512808526430e+04 3.140868512808526430e+04 nan 3.794200916526174439e+01 3.192451147705403104e-25
2.220409502348195117e-94 3.141895875996124960e+04 3.141895875996124960e+04 5.219458688245820355e+01 8.370002654797863428e+00 3.220908329945939313e-25
1.580976023908550406e-43 3.141568567843408164e+04 3.141568567843408164e+04 2.159441771795731668e+01 3.476346672476077426e+00 3.209084005567207604e-25
1.130933592217680172e-25 3.141855848436812448e+04 3.141855848436812448e+04 1.304553593782115684e+01 1.750283656398811116e+00 3.209779069263225764e-25
2.191500728503545523e-17 3.141801058469406053e+04 3.141801058469406053e+04 8.580925080104821134e+00 4.877459057055127251e-02 3.221970326083790527e-25
3.824962485725532910e-12 3.141302379428736458e+04 3.141302379428736094e+04 6.069866084784146132e+00 5.754655905244162595e-01 3.202649698247063629e-25
2.600036404204601240e+03 2.865249040063820212e+04 2.605245399643359997e+04 4.083040899711272154e+00 -2.944785445129511903e-01 2.277603741555946481e-22
1.587550842725117946e+04 1.429585900207182385e+04 -1.579649425179355603e+03 1.153326769597156520e+01 -5.620005353403573906e-02 1.571911255881262796e-21
2.439427365661782096e+04 4.842210118387721195e+03 -1.955206353823010068e+04 1.421066521878084110e+01 -6.644037902996534524e-03 2.457391840884359074e-21
2.585674659451240223e+04 3.195110144952980590e+03 -2.266163644955942073e+04 9.332694848155394851e+00 -3.289647656601658171e-02 2.476618020440238098e-21
2.654224591243052419e+04 2.434810945657462980e+03 -2.410743496677306030e+04 7.552550581201468383e+00 1.129029391148197309e-01 2.651833692789907455e-21
2.664889768079824353e+04 2.326272011418589500e+03 -2.432262566937965312e+04 4.500448941473671916e+00 1.077505549202849994e-01 2.590653752679789330e-21
2.666940010955431353e+04 2.304416560360664334e+03 -2.436498354919365011e+04 6.850224907775718242e-01 -1.243899575956326914e-01 2.584314377719245692e-21
2.671876343736499621e+04 2.262877656584915712e+03 -2.445588578078008140e+04 6.401862057365738101e-01 1.099432217250705529e-01 2.622276994511694108e-21
2.668906302931391474e+04 2.268805433220170926e+03 -2.442025759609374290e+04 9.622101819126118727e-01 -1.078602349657518805e-01 2.558107453981959171e-21
2.662587630313761474e+04 2.320943202805286091e+03 -2.430493310033232774e+04 9.204355382706156385e-01 9.345809295247792248e-02 2.629159164399446191e-21
2.665242053204806871e+04 2.288221381566027958e+03 -2.436419915048203984e+04 8.617766674008592309e-01 -8.213859834347729538e-02 2.634629915251142570e-21
2.657648024519855244e+04 2.377594658526702005e+03 -2.419888558667185134e+04 1.363410764142736431e+00 6.305018949568559627e-02 2.661735921651964399e-21
2.642446959496028285e+04 2.515174551729737686e+03 -2.390929504323054425e+04 1.275463240774394214e+00 5.891862361140522836e-02 2.698722109286883233e-21
2.654749481102837672e+04 2.469093797524520141e+03 -2.407840101350385521e+04 2.111694719445326829e+00 1.273600799650322635e-01 2.710280877092316296e-21
2.614142879362688473e+04 2.898041573515013170e+03 -2.324338722011187201e+04 4.837195453574439696e+00 5.680952630615575955e-02 2.520865716621000362e-21
2.620680296874140549e+04 2.814444348502097455e+03 -2.339235862023930895e+04 1.695233065003551642e+00 -1.015746025751630421e-01 2.517997812387128176e-21
2.627527692279380062e+04 2.769542859659592068e+03 -2.350573406313420855e+04 1.285198459850279917e+00 -5.044118971298282988e-02 2.681524465647585073e-21
2.612667282992249238e+04 2.933721377481695072e+03 -2.319295145244079686e+04 1.931061592708536168e+00 4.850183957111844218e-02 2.540022057225274863e-21
2.598681038699889177e+04 3.068606744417096706e+03 -2.291820364258179325e+04 1.705870710393382339e+00 5.553986967728186119e-02 2.594031077249926438e-21
2.563038259292131261e+04 3.420765551869732008e+03 -2.220961704105158060e+04 5.904215943547136192e+00 -7.238088618920289485e-02 2.614366392309038241e-21
2.501898719801176048e+04 4.175759264490272471e+03 -2.084322793352148801e+04 3.340984221387051090e+00 8.135418922071156744e-02 2.556625662436181941e-21
2.498955908309085862e+04 4.206015671763416321e+03 -2.078354341132744230e+04 4.466547064042487136e+00 -9.945913549578826174e-02 2.463713795591821654e-21
2.442151484262905797e+04 4.845661515531704026e+03 -1.957585332709735303e+04 2.484169450422180514e+00 3.262056295759883234e-02 2.487100851305230044e-21
2.333222424463626885e+04 6.088911363136175169e+03 -1.724331288150009277e+04 2.920892094737828515e+00 -1.014282972772540953e-01 2.355134595399061674e-21
2.225544378132783459e+04 7.298254879516295659e+03 -1.495718890181153984e+04 3.067334761503406781e+00 7.697421541822113515e-03 2.238295793099791811e-21
