0.000000000000000000e+00 3.140633140781588736e+04 3.140633140781588736e+04 nan 3.336043436040620946e+01 3.176353475081275421e-25
1.572240310886723718e-94 3.141936438110516974e+04 3.141936438110516974e+04 5.115909947086228016e+01 8.380899117653049402e+00 3.227116494608418308e-25
1.286745785389572415e-43 3.142526118559559472e+04 3.142526118559559472e+04 2.150491890909731296e+01 3.404544187052737314e+00 3.239716514541167889e-25
9.627415627903327757e-26 3.142697994642729464e+04 3.142697994642729464e+04 1.289709622726776672e+01 1.239709588720099731e+00 3.231856620386084905e-25
2.199604797952859147e-17 3.141591830010427293e+04 3.141591830010427293e+04 8.111044459570226905e+00 1.765896559611582484e-01 3.218368045359515897e-25
9.165768516031030047e-13 3.141799379780377058e+04 3.141799379780377058e+04 5.792125056217056311e+00 5.705412055656323700e-01 3.218250182693872581e-25
2.928622200459210035e+03 2.832336876973769176e+04 2.539474656927848264e+04 4.266314414148952849e+00 -2.023260976207545692e-01 1.653255741239880758e-22
1.675661077740208202e+04 1.333008691072436341e+04 -3.426523866677718615e+03 2.245058510035084964e+01 -2.843147871320007500e-02 9.348147726893310705e-22
2.434514578820646784e+04 4.901096833245845119e+03 -1.944404895496062090e+04 9.777423097648112460e+00 2.616731063932439816e-02 1.367909911795735650e-21
2.635093410733363271e+04 2.671442297930734185e+03 -2.367949180940289807e+04 4.837648426083054787e+00 1.539389694528825736e-01 1.534849548961431163e-21
2.654579857639392867e+04 2.358686296671929085e+03 -2.418711227972200140e+04 9.141741818070011627e-01 3.041356954106281749e-02 1.542663745269302156e-21
2.675100893693803664e+04 2.281290701143826482e+03 -2.446971823579421107e+04 1.288592860668180018e+00 4.756104931508080974e-02 1.549836078065731915e-21
2.671709443963749072e+04 2.254683603194605439e+03 -2.446241083644288665e+04 6.807472523026983913e-01 6.421955653795567709e-02 1.546285928802621540e-21
2.664806582845101730e+04 2.289960609849632874e+03 -2.435810521860138397e+04 8.114930440865562034e-01 2.541156896105382576e-02 1.508552998595551365e-21
2.677591940517495459e+04 2.248857521989187262e+03 -2.452706188318576824e+04 8.721856977919921761e-01 2.393424401688000816e-02 1.579664816865645394e-21
2.668148100263892047e+04 2.274169158720394535e+03 -2.440731184391852730e+04 1.196436968530550482e+00 1.115107587626380618e-02 1.514837057500059535e-21
2.674240604796689877e+04 2.264868282417783576e+03 -2.447753776554911383e+04 6.805146217135482622e-01 3.707523610149426191e-02 1.535099569268951284e-21
2.665822547767689684e+04 2.330754732661445814e+03 -2.432747074501545285e+04 1.018333063460044485e+00 -1.773487697644033319e-05 1.537528479097537546e-21
2.646316407105434700e+04 2.473672857557189673e+03 -2.398949121349715642e+04 1.346049455612100543e+00 1.116270615607453109e-01 1.514580381577099433e-21
2.636662524677251713e+04 2.654905474004071039e+03 -2.371171977276844700e+04 2.427027663768325016e+00 -2.664986870462439025e-02 1.551075999324164910e-21
2.640594781891928506e+04 2.648822429663652656e+03 -2.375712538925563422e+04 2.168829100007663158e+00 3.214207534480185285e-02 1.554386810286658061e-21
2.617713938186505038e+04 2.861277315024350628e+03 -2.331586206684069839e+04 3.277831642642051957e+00 8.952248021441293335e-02 1.524430667846948951e-21
2.592692819883037009e+04 3.158253779622603361e+03 -2.276867441920776764e+04 1.900003484393626207e+00 -1.120261509327135224e-01 1.547602267111804560e-21
2.582777345443466402e+04 3.223571198250093857e+03 -2.260420225618456971e+04 1.927522881531836374e+00 5.903541821213268564e-02 1.533026580666922647e-21
2.593234071528269851e+04 3.119397274016042957e+03 -2.281294344126665601e+04 2.088232889597553932e+00 6.177256897127791219e-02 1.472478062011548927e-21
2.582091674085841805e+04 3.240154863569449844e+03 -2.258076187728896912e+04 2.804307409222217107e+00 -1.550657683845652187e-03 1.469867579713272105e-21
2.559814117603787236e+04 3.500774397510966992e+03 -2.209736677852690627e+04 2.421733388756460492e+00 -8.015603893280498493e-02 1.472477245553587846e-21
2.498729980870426516e+04 4.197864213281694902e+03 -2.078943559542256844e+04 4.264290260792756193e+00 -1.229905723741768209e-01 1.455392628693925435e-21
2.446125873657211196e+04 4.803176313456856406e+03 -1.965808242311525464e+04 3.691600958661847898e+00 3.998500356989524024e-02 1.438283058743410906e-21
2.340070765563713212e+04 5.984418002542602153e+03 -1.741628965309452906e+04 5.490797076589433168e+00 -1.803759641033325367e-01 1.362614016536079185e-21
2.253028667883273010e+04 6.912684763729346741e+03 -1.561760191510338336e+04 3.949313403420820379e+00 -6.951941149116215579e-02 1.257820941609526045e-21
