0.000000000000000000e+00 3.141725325607178820e+04 3.141725325607178820e+04 nan 3.336043409469081666e+01 3.222206804658974024e-25
2.269146311705437681e-94 3.142218445666560729e+04 3.142218445666560729e+04 5.190213187549797880e+01 1.257766219384947703e+01 3.228147599964161611e-25
1.547160466507992093e-43 3.142004905975590373e+04 3.142004905975590373e+04 2.389201734093196094e+01 3.302675415476478360e+00 3.217233560365269081e-25
1.156727029959604633e-25 3.142221895463977125e+04 3.142221895463977125e+04 1.210833810605142169e+01 1.757708157902270862e+00 3.229722569310079999e-25
2.011019486896476214e-17 3.141968353811750785e+04 3.141968353811750785e+04 8.044779606588621235e+00 1.391548807046199265e-01 3.214350677954942170e-25
7.549026005442452923e-13 3.142461584562638382e+04 3.142461584562638382e+04 5.966033347312006185e+00 5.446149008140629411e-01 3.247096656266266677e-25
2.350279668532313281e+03 2.891872215742981280e+04 2.656844248889750088e+04 3.859043880533613358e+00 -1.052439946092355999e-01 1.146669037219695536e-22
1.720363375232817998e+04 1.285776116597532746e+04 -4.345872586352852522e+03 3.167540607566226907e+00 -4.703372757732540016e-02 9.607256485016958577e-22
2.406812436571757280e+04 5.258853688564837285e+03 -1.880927067715273733e+04 1.179116301151803015e+01 1.066852654396941019e-01 1.402647079621234424e-21
2.602489312782375782e+04 3.008360234456782109e+03 -2.301653289336697708e+04 5.279414024423712881e+00 -7.746560994624891727e-02 1.470610315487991863e-21
2.651051633873686660e+04 2.422133595903893820e+03 -2.408838274283297142e+04 8.272138193131485240e-01 -3.298524054330032734e-02 1.475359992214371789e-21
2.676259748614263663e+04 2.252069185737611861e+03 -2.451052830040502522e+04 9.081258315606971498e-01 -5.847544766285391743e-02 1.574263511632235884e-21
2.666401400274480329e+04 2.312896814090933731e+03 -2.435111718865386865e+04 3.000462359806431945e+00 1.038730715825264134e-01 1.493116361088287768e-21
2.671436439286644236e+04 2.273819874590360541e+03 -2.444054451827608136e+04 8.523501005739952952e-01 1.137476523828620661e-01 1.508516115319067032e-21
2.671015768974561797e+04 2.249452433284533072e+03 -2.446070525646108581e+04 7.605099141252312789e-01 -1.100758201444615586e-01 1.522689624279175104e-21
2.672717957145341279e+04 2.257609251950848829e+03 -2.446957031950256351e+04 8.958365046656381336e-01 -1.500280803075501324e-01 1.566746047276128621e-21
2.667053182445763377e+04 2.246306128020607048e+03 -2.442422569643702809e+04 8.574941769976396344e-01 -4.147791167284109459e-02 1.639264320752629924e-21
2.657125465938043635e+04 2.383303992144289623e+03 -2.418795066723614582e+04 8.366603026647961849e-01 2.363346760386481338e-01 1.527161438051425855e-21
2.652091196213599324e+04 2.456963991721245748e+03 -2.406394797041474885e+04 1.266817256695426552e+00 1.573226172308141713e-01 1.490509143670408826e-21
2.644651497984803791e+04 2.583294666420666545e+03 -2.386322031342737318e+04 2.703177627446739617e+00 1.244427546764482750e-01 1.551051598002439740e-21
2.623866421127841386e+04 2.822451535399445220e+03 -2.341621267587896727e+04 1.601476360646312713e+00 6.742986563362958485e-02 1.520154453095573638e-21
2.597325068727018879e+04 3.072299138936850341e+03 -2.290095154833333800e+04 3.747346658630600569e+00 5.893848248996216149e-02 1.492884374327132538e-21
2.628421553646082612e+04 2.703867468143351289e+03 -2.358034806831747483e+04 2.303437242634980731e+00 7.916761543382050403e-02 1.500969337512935162e-21
2.611299870211089728e+04 2.937509155125030702e+03 -2.317548954698586749e+04 5.129703688318499211e+00 -1.056191556363710177e-01 1.528345848529866078e-21
2.568091550765448483e+04 3.412806276590841662e+03 -2.226810923106364498e+04 2.986350403887603644e+00 -2.341190129551895191e-02 1.485713851304199221e-21
2.593770329598405078e+04 3.125872481964506733e+03 -2.281183081401954405e+04 3.287895881231012396e+00 7.619456100124349929e-02 1.521508287560038182e-21
2.558043953594957929e+04 3.495972321054666281e+03 -2.208446721489491392e+04 4.571839379950481508e+00 -3.613423697805599050e-02 1.467816313936149025e-21
2.496587729287433831e+04 4.225869555316762671e+03 -2.074000773755757473e+04 3.443097972601746104e+00 1.308126860173623174e-01 1.426283091955693810e-21
2.430267221730809615e+04 4.985605304616915419e+03 -1.931706691269118164e+04 3.357898163986448026e+00 1.237273375328655084e-01 1.402656682324645898e-21
2.348100893900249503e+04 5.893616793956520269e+03 -1.758739214504597476e+04 3.565076913642069911e+00 4.790458268715454965e-02 1.348676598083838003e-21
2.228994470558449029e+04 7.241772424449728533e+03 -1.504817228113476085e+04 3.841869263266068035e+00 -7.935013772766796869e-02 1.279431466311302888e-21
