0.000000000000000000e+00 3.142196445755147215e+04 3.142196445755147215e+04 nan 3.009499833323771512e+01 3.226478295066690858e-25
2.280907431370861627e-94 3.140829501139245622e+04 3.140829501139245622e+04 5.520396473689422123e+01 8.338938482233276162e+00 3.185153538298831600e-25
1.685184516476321148e-43 3.141444619197149223e+04 3.141444619197149223e+04 2.272351276587539459e+01 3.478420062815613889e+00 3.206897742014065742e-25
9.895981763502577062e-26 3.141146088070380210e+04 3.141146088070380210e+04 1.305813502042139795e+01 1.282748051088406838e+00 3.214418426023424992e-25
2.122147580665285768e-17 3.141903331709160193e+04 3.141903331709160193e+04 8.627904979626217497e+00 3.230846868029842445e-01 3.224849695763152718e-25
4.121573710879361227e-12 3.141231689234698206e+04 3.141231689234697842e+04 6.002599897873772683e+00 5.334458003805711002e-01 3.201255513227523000e-25
2.182069912843568545e+03 2.908283282452917410e+04 2.690076291168560419e+04 4.360537871007992727e+00 -2.151762491268860433e-01 1.114538549203420141e-22
1.672304458900906320e+04 1.334362396088108471e+04 -3.379420628127978489e+03 1.338531569782801078e+01 -7.162559879676445862e-02 9.417603063226451133e-22
2.403569776347158768e+04 5.311499435648031977e+03 -1.872419832782355661e+04 9.711185660268746744e+00 6.291186462145148539e-02 1.384990105646180573e-21
2.610602627312082768e+04 2.943655764980269396e+03 -2.316237050814055692e+04 8.173238252657743175e+00 5.874470961196123775e-02 1.490766130862945187e-21
2.660406137192510869e+04 2.360792381196912174e+03 -2.424326899072819651e+04 1.084042648084486915e+00 1.400121305386101689e-01 1.519670384602427512e-21
2.665037849485844345e+04 2.271522831805481474e+03 -2.437885566305296379e+04 9.925121083489022444e-01 6.584065210184224248e-02 1.483004240821231674e-21
2.670448565491688714e+04 2.252395168287735487e+03 -2.445209048662915302e+04 9.112032740062380176e-01 2.035206159583420257e-02 1.559273247064209762e-21
2.660326389062715680e+04 2.291252840267533429e+03 -2.431201105035962246e+04 7.574586998058144838e-01 6.182865737004254562e-03 1.516604552056660162e-21
2.669966929312830325e+04 2.263691201906300194e+03 -2.443597809122200124e+04 1.229058707040952880e+00 -1.300219387319656306e-01 1.499056006421603501e-21
2.673450271889239593e+04 2.248901006775432052e+03 -2.448560171211696434e+04 8.345859457646508384e-01 -4.890100889416997693e-02 1.567672598878608777e-21
2.666074176115383307e+04 2.305132878512005391e+03 -2.435560888264182722e+04 8.859489222985210688e-01 -4.200086738789970270e-02 1.514799558663713317e-21
2.664261834972128418e+04 2.319312106714741276e+03 -2.432330624300654381e+04 1.944822412162612979e+00 7.975087475844074014e-02 1.569332121101923571e-21
2.657893973894014925e+04 2.414883318648310706e+03 -2.416405642029183946e+04 1.671698637641672702e+00 1.139802338619130689e-01 1.531093156081232647e-21
2.637802502751122665e+04 2.625076636818610041e+03 -2.375294839069261798e+04 1.760103329307135978e+00 6.344884249648498342e-02 1.517308259229609939e-21
2.622017838473392112e+04 2.812490548179036068e+03 -2.340768783655488369e+04 2.084593870494357848e+00 1.104831865316269202e-01 1.489319593662033624e-21
2.613367958825044479e+04 2.965057726283206193e+03 -2.316862186196723997e+04 2.472687137518919442e+00 -4.013241213946453639e-02 1.496328571603202055e-21
2.593163077421700655e+04 3.160133834041535010e+03 -2.277149694017547154e+04 2.235197086784844966e+00 3.466606415565273713e-02 1.505412093420008170e-21
2.604337571157125421e+04 3.016458083217177318e+03 -2.302691762835407644e+04 3.724825864823463117e+00 6.913921920416615796e-02 1.484756918025437937e-21
2.597428531877378555e+04 3.099169044648378531e+03 -2.287511627412540838e+04 4.466581177458952112e+00 1.345375750735406106e-01 1.519432615942270853e-21
2.585823934922833723e+04 3.238268389322450275e+03 -2.261997095990588787e+04 2.738863969504468088e+00 9.567396905316653821e-02 1.489316461595772078e-21
2.539079665585931434e+04 3.770482509442511855e+03 -2.162031414641680385e+04 3.858048834061808652e+00 -6.040407875951318145e-02 1.442367598681398730e-21
2.455898163726066196e+04 4.710997719303194572e+03 -1.984798391795746647e+04 3.214743508474469991e+00 -5.582829612557884541e-02 1.402624595987716871e-21
2.413896248630599439e+04 5.252639600166281525e+03 -1.888632288613971468e+04 4.748215664756784804e+00 -3.594088571823559480e-02 1.395616006049089866e-21
2.379547438334915569e+04 5.593267826845825766e+03 -1.820220655650332992e+04 4.347928117445023055e+00 3.363653419879004264e-02 1.414134390761582794e-21
2.264677949088552850e+04 6.818557634313548078e+03 -1.582822185657198133e+04 3.603484652000771504e+00 1.979123057084115900e-02 1.250831733668651079e-21
