0.000000000000000000e+00 3.142565691737471934e+04 3.142565691737471934e+04 nan 3.756959432081282557e+01 3.228744226672272034e-25
2.395167202119799071e-94 3.141010550890309605e+04 3.141010550890309605e+04 5.232660092489850712e+01 7.513319803132731955e+00 3.204125987126548913e-25
1.862958111630946019e-43 3.140767119010775423e+04 3.140767119010775423e+04 2.530746718593046651e+01 3.389357750836230476e+00 3.190570942513209838e-25
9.411712756108318144e-26 3.141279738420735157e+04 3.141279738420735157e+04 1.291023209149299511e+01 1.261539079230621363e+00 3.214140197607294272e-25
2.092733772060677075e-17 3.141308318371163477e+04 3.141308318371163477e+04 9.779713120115721026e+00 -4.618343692477204776e-01 3.218646693518828521e-25
1.047980966660862404e-11 3.141492804394431369e+04 3.141492804394430277e+04 6.227000866481105845e+00 7.009609479708241997e-01 3.209729927805940239e-25
2.946766843804849032e+03 2.830358067302857307e+04 2.535681382922372359e+04 4.073875127235644378e+00 -7.965188599912885470e-02 1.542120953748756932e-22
1.579473337011623516e+04 1.437537281421384614e+04 -1.419360555902389024e+03 1.789596007693927859e+01 -1.002745943180158861e-01 8.962004321629580977e-22
2.401598414972451428e+04 5.273115510493006695e+03 -1.874286863923150668e+04 1.077908443727026189e+01 5.281928911704868862e-02 1.374500973272118655e-21
2.595091813041297428e+04 3.072725887824803976e+03 -2.287819224258817121e+04 1.126499511927879915e+01 1.070075160560155503e-01 1.468165959619839886e-21
2.661842137954618011e+04 2.360663869845066984e+03 -2.425775750970111403e+04 1.033844425447536519e+00 -5.493833566187961842e-02 1.485052565200300284e-21
2.669343570732374064e+04 2.279281002923925371e+03 -2.441415470439981436e+04 8.640277644932705670e-01 2.533896633291881501e-04 1.457235484439366053e-21
2.660997300194980926e+04 2.282977475011442039e+03 -2.432699552693836813e+04 5.212403935312251990e-01 5.484620137718343447e-02 1.496134220395010942e-21
2.669830384374332425e+04 2.251968710774651754e+03 -2.444633513296867386e+04 7.016232143187753900e-01 1.027097496287247445e-03 1.526607837581715826e-21
2.673588933493299919e+04 2.255579279988081908e+03 -2.448031005494491546e+04 8.851816671795599278e-01 6.129739052942377413e-03 1.595632811851432777e-21
2.676241440505022911e+04 2.236612574220182069e+03 -2.452580183083004522e+04 8.078366685563467264e-01 4.890587771296025371e-02 1.577988888212612633e-21
2.669326609579596698e+04 2.283970074939974893e+03 -2.440929602085599254e+04 5.103386270248584378e-01 -2.253332764344684325e-02 1.453347887424169978e-21
2.661819025627976589e+04 2.344250862551862156e+03 -2.427393939372790192e+04 1.081924334657204279e+00 1.073522692672718576e-01 1.519665093854767554e-21
2.645205917870004123e+04 2.531839486131500507e+03 -2.392021969256854209e+04 2.397116115614581933e+00 -2.692580955970191522e-02 1.554961210526377767e-21
2.644240016471115814e+04 2.608150182941066760e+03 -2.383424998177009184e+04 4.087914546787069447e+00 -2.141310302818215383e-02 1.540809794662288304e-21
2.619925916192600926e+04 2.887849174532219877e+03 -2.331140998739378847e+04 1.694810706274682444e+00 9.198595225671236941e-02 1.534640189094325053e-21
2.614403918504089597e+04 2.878023482868040901e+03 -2.326601570217285553e+04 2.074865610739683230e+00 3.807608329803790354e-02 1.513518779322974300e-21
2.638612302661353169e+04 2.630344585127285882e+03 -2.375577844148624717e+04 2.278411769859574942e+00 4.036531484092367728e-02 1.530869389740749529e-21
2.639121168639265670e+04 2.644524469448560922e+03 -2.374668721694409760e+04 1.375659845556449268e+00 2.534729843075788757e-03 1.560756744681125045e-21
2.630416728427580529e+04 2.746867283182824394e+03 -2.355730000109298271e+04 1.793410098627308047e+00 5.051558973642988892e-02 1.597105532080062960e-21
2.570621324199737501e+04 3.394454306390640340e+03 -2.231175893560673285e+04 1.695893330064017102e+00 4.877652536916781550e-02 1.519311429166235581e-21
2.562583410670240846e+04 3.505491680665464173e+03 -2.212034242603694292e+04 2.219599382110826635e+00 -3.742433507832700762e-02 1.566809898798895889e-21
2.475746510381178450e+04 4.522674988529220172e+03 -2.023479011528256524e+04 2.976849462300485083e+00 3.412406797938884878e-02 1.422561275178614166e-21
2.437559050157578167e+04 4.833753016449455572e+03 -1.954183748512632519e+04 2.117592275744895502e+00 -4.608191586843346510e-02 1.398050831300674804e-21
2.287201421649814438e+04 6.531781453886876079e+03 -1.634023276261126739e+04 6.105143833460364711e+00 1.315839878591748002e-01 1.306232483891159424e-21
2.254864001867080879e+04 6.931279120389153832e+03 -1.561736089828165495e+04 3.945226932694060995e+00 -1.028929695656943810e-01 1.270340933081914016e-21
