0.000000000000000000e+00 3.142120212449518294e+04 3.142120212449518294e+04 nan 3.756959141401890889e+01 3.226524522689755583e-25
2.455349641808530496e-94 3.142152235216230838e+04 3.142152235216230838e+04 6.335723860590712775e+01 7.518515810818847456e+00 3.230454587435916264e-25
1.268992945785199798e-43 3.142598312810529751e+04 3.142598312810529751e+04 2.247274530583014851e+01 3.307140924661593928e+00 3.232061641063128675e-25
1.298215889909416361e-25 3.141988824599723375e+04 3.141988824599723375e+04 1.390390712581961452e+01 1.703367620898013302e+00 3.226572509191812418e-25
2.098399321572528715e-17 3.141942409894995217e+04 3.141942409894995217e+04 8.921240111289653996e+00 2.734346861068155388e-01 3.207584432154428946e-25
6.772036694701998452e-13 3.142005447772745174e+04 3.142005447772745174e+04 5.792386610454381746e+00 6.731196422194551943e-01 3.229038227554089583e-25
2.128622439876665339e+03 2.914976918498086161e+04 2.702114674510419718e+04 4.466511912905427373e+00 -2.498735122014402454e-01 1.148058815035542567e-22
1.600888229887318994e+04 1.411980716184086305e+04 -1.889075137032326893e+03 8.319947352083842063e+00 -1.452177163697198903e-01 9.205870262552261628e-22
2.408248403160175076e+04 5.254663025777632356e+03 -1.882782100582411658e+04 1.363984241772970485e+01 7.926719347886283795e-02 1.351664481052484223e-21
2.618731062054965514e+04 2.803785268055959932e+03 -2.338352535249369612e+04 1.464365491939553232e+00 7.826824239564407482e-02 1.540709673860877811e-21
2.655340865929187203e+04 2.403027335529223365e+03 -2.415038132376264912e+04 8.439003550124378750e-01 1.809403620053139095e-02 1.475969340140526823e-21
2.663501211107787094e+04 2.259886409028006710e+03 -2.437512570204986332e+04 1.444283351643079749e+00 2.142165130114646529e-02 1.493544915723449602e-21
2.673025093027330877e+04 2.259293159299937088e+03 -2.447095777097337123e+04 1.088681349630391315e+00 3.132990733572673520e-02 1.529872898715878857e-21
2.671842238137150707e+04 2.277951172331294856e+03 -2.444047120904021358e+04 8.159976888756266256e-01 -3.341337266972894959e-02 1.511932424620158554e-21
2.664956388951059853e+04 2.302952361679476326e+03 -2.434661152783112266e+04 7.841784669322363621e-01 6.477645646795822387e-02 1.489013297140906461e-21
2.672181047715383829e+04 2.249093189530436121e+03 -2.447271728762340354e+04 6.406958194267707851e-01 1.975431505357763962e-01 1.516524588561288749e-21
2.665487206731649349e+04 2.340491649179659817e+03 -2.431438041813683230e+04 1.818602152691897622e+00 3.686849417220650765e-02 1.514546339849793442e-21
2.651907729002742053e+04 2.410503399331253149e+03 -2.410857389069616693e+04 2.463868864703138595e+00 5.475919441086334744e-02 1.533863970391042150e-21
2.647372817835410024e+04 2.527473345524680553e+03 -2.394625483282942150e+04 1.415337033919866316e+00 3.863113019734071285e-02 1.531614323015271813e-21
2.638338650549577505e+04 2.641714810431952628e+03 -2.374167169506382197e+04 1.688491883081847833e+00 2.457242778731822883e-02 1.497804052316533609e-21
2.631974087843455709e+04 2.731229714023590986e+03 -2.358851116441096747e+04 3.127513902516621869e+00 -1.846069011672107629e-01 1.535808990009020534e-21
2.610140237181446719e+04 2.968614048160136917e+03 -2.313278832365433118e+04 3.656465551260440705e+00 -5.237576676141516424e-02 1.484623555463676046e-21
2.621366446048573198e+04 2.793349273405538497e+03 -2.342031518708019212e+04 2.280339473971814357e+00 -3.121915181349025833e-02 1.528277752451593930e-21
2.604838478871475672e+04 2.977101551829188338e+03 -2.307128323688556702e+04 1.677002720710210282e+00 -1.362706033103197045e-01 1.510829975967656189e-21
2.601847487237082896e+04 3.032213043261889652e+03 -2.298626182910893840e+04 4.184890975498454679e+00 -6.052999078568136598e-02 1.498778733137556686e-21
2.559292886829312192e+04 3.522694970067812847e+03 -2.207023389822530953e+04 1.014122398379632983e+01 -1.223451262752334179e-01 1.475882209382009651e-21
2.558245880652233973e+04 3.531950515761377574e+03 -2.205050829076096124e+04 2.313344415465906412e+00 -4.814146381834732286e-02 1.471578454037804450e-21
2.471298948939188267e+04 4.490256020798286954e+03 -2.022273346859359663e+04 3.010143256877708229e+00 -7.718016751538170350e-02 1.401653326720552222e-21
2.457927195587394453e+04 4.698859298991104879e+03 -1.988041265688283966e+04 3.719940432571018363e+00 6.447066638664923632e-02 1.482630775278093523e-21
2.333604938012114508e+04 6.082422146202723525e+03 -1.725362723391842155e+04 3.815475476832367097e+00 -1.155740458658437303e-01 1.357141105584344772e-21
2.223871009767515716e+04 7.310804251236805612e+03 -1.492790584643835246e+04 4.087197417516335918e+00 -1.103625787478010323e-01 1.245332044712586053e-21
