0.000000000000000000e+00 3.141343940654510880e+04 3.141343940654510880e+04 nan 3.592598874569971201e+01 3.200641715731564216e-25
2.052346473049367720e-94 3.141469131463161830e+04 3.141469131463161830e+04 5.010113090310186834e+01 8.364035835677450237e+00 3.215730138397814879e-25
1.455028267011109078e-43 3.140857084457478049e+04 3.140857084457478049e+04 2.307651327646579986e+01 3.420790813185857981e+00 3.188922981719302347e-25
1.093028926117078414e-25 3.141406850354444396e+04 3.141406850354444396e+04 1.278652661941616486e+01 1.745337123828863524e+00 3.202508079757371095e-25
2.151867144841159388e-17 3.141291002718872187e+04 3.141291002718872187e+04 8.770403167703241465e+00 2.227420365574011296e-01 3.194557057031719104e-25
8.380910158929898547e-13 3.141607094505429995e+04 3.141607094505429995e+04 5.439037446920703012e+00 7.262725258592060973e-01 3.213173682150013829e-25
2.121978077825117907e+03 2.917604635755857817e+04 2.705406827973345935e+04 3.971671646485130491e+00 -2.795772364330449400e-01 2.145954253619473737e-22
1.653077541724063121e+04 1.356648190873909698e+04 -2.964293508501534234e+03 1.275451613099985160e+01 -2.301659911979378123e-02 1.618050278836025721e-21
2.438740883235560977e+04 4.846639262258581766e+03 -1.954076957009702892e+04 1.153665188497605421e+01 9.471767951381489248e-02 2.389529103242264829e-21
2.602437750078089448e+04 2.984028900293794777e+03 -2.304034860048710107e+04 8.506895414038226022e+00 1.297768480158741633e-01 2.401903247661071129e-21
2.647686531920247944e+04 2.503319714896377263e+03 -2.397354560430610218e+04 5.617469698559219182e+00 4.122902436086151035e-02 2.557408722554728694e-21
2.664625339122126388e+04 2.292490759396532667e+03 -2.435376263182473122e+04 9.010529879014139709e-01 -9.628208623015850620e-02 2.545670713709877251e-21
2.673001492067165236e+04 2.268797921349194894e+03 -2.446121699932245610e+04 9.485410246248516808e-01 -7.219919357168283654e-03 2.567443645837339011e-21
2.668432632028148510e+04 2.270299871886025812e+03 -2.441402644839545974e+04 7.667327958372999186e-01 3.656548904990941651e-02 2.594633755408752342e-21
2.669452426884737361e+04 2.263422945342882940e+03 -2.443110132350449203e+04 7.299772089976809264e-01 6.043532238115215810e-02 2.495589173396093306e-21
2.675311622217405238e+04 2.248138310732478203e+03 -2.450497791144157236e+04 9.961007891298097050e-01 7.485681887309371396e-02 2.612556524240567861e-21
2.669823413156556853e+04 2.296192180515736709e+03 -2.440204195104983228e+04 3.936478335393247985e+00 6.148241011611416812e-02 2.524016743541924269e-21
2.657008505967961537e+04 2.393195799390569391e+03 -2.417688926028904461e+04 2.002290241922616065e+00 -5.049155543760244086e-02 2.566360800766871956e-21
2.651582023787937578e+04 2.468658490443393475e+03 -2.404716174743598094e+04 1.985013159433994145e+00 1.221262176900623879e-02 2.646563065464695273e-21
2.649039599212478788e+04 2.488109062708308102e+03 -2.400228692941648114e+04 1.754207967014635328e+00 -1.396882368362966365e-01 2.538150388400573050e-21
2.624774612608321695e+04 2.777012652644504669e+03 -2.347073347343871137e+04 2.702006777426261053e+00 -8.370771547244670874e-02 2.580471432827401828e-21
2.602829373586765360e+04 2.939895475382449149e+03 -2.308839826048520627e+04 2.367240099054475966e+00 -1.368885363291486544e-02 2.556778257356366966e-21
2.621235551053355812e+04 2.824595020887997180e+03 -2.338776048964555957e+04 1.860881695113257850e+00 3.124678359612189857e-02 2.840174279408016174e-21
2.608163309363654480e+04 2.984627699961105463e+03 -2.309700539367544116e+04 3.615242060286597336e+00 -2.672526912585374004e-02 2.774653390066486684e-21
2.585840890635825053e+04 3.190604565829671174e+03 -2.266780434052857890e+04 2.354468159351459366e+00 6.010829995425556044e-02 2.526870848911041752e-21
2.570619176710079046e+04 3.398303427744808687e+03 -2.230788833935598086e+04 2.213980119374340472e+00 6.922086655475731543e-02 2.455999302873176895e-21
2.556768436068420488e+04 3.557248785122095796e+03 -2.201043557556210726e+04 3.361557628849774826e+00 9.979453413304416407e-04 2.527254141456218810e-21
2.475758437074659741e+04 4.473746558023381112e+03 -2.028383781272321721e+04 4.200126628797311135e+00 3.409842787510974221e-02 2.430445947956686240e-21
2.452998525483528647e+04 4.680999148969554881e+03 -1.984898610586573341e+04 2.323738861249050824e+00 -7.349865396558750985e-02 2.391425689594761369e-21
2.344458979249202457e+04 5.955622903528500501e+03 -1.748896688896352498e+04 5.834416157416275617e+00 -1.841429603685042563e-02 2.251552949337711888e-21
2.247371920196696010e+04 7.025438902485745530e+03 -1.544828029948121548e+04 2.733051496035808992e+00 7.008650304909966149e-03 2.177525839906741811e-21
