0.000000000000000000e+00 3.141561072035587495e+04 3.141561072035587495e+04 nan 3.054883976911778021e+01 3.212416654838048449e-25
2.140284268827466928e-94 3.141537159775358668e+04 3.141537159775358668e+04 5.514350554642667390e+01 7.533880744374471305e+00 3.213767665513845347e-25
1.529141982809439675e-43 3.142417245379226006e+04 3.142417245379226006e+04 2.357600656874482681e+01 3.360347744623485511e+00 3.235625071095380241e-25
1.029463108753890681e-25 3.141263220400387218e+04 3.141263220400387218e+04 1.179630219578197625e+01 1.701444150219830975e+00 3.206078922705982425e-25
1.988517161225543103e-17 3.141930279552291540e+04 3.141930279552291540e+04 8.524047684349993048e+00 -4.674407595673920057e-01 3.224904407628162592e-25
6.213111721568147348e-12 3.142168135686645837e+04 3.142168135686645110e+04 5.994432341319829938e+00 6.468643375308016363e-01 3.227383414544808159e-25
2.173849222472435940e+03 2.910405702305012892e+04 2.693020780057769298e+04 4.130596642612890612e+00 -2.333517664476610631e-01 1.660657601461677330e-22
1.568800972692070900e+04 1.449119814566619425e+04 -1.196811581254514749e+03 1.297120376111701923e+01 -9.927629466118516322e-02 1.560469179926524359e-21
2.388564147453906116e+04 5.440116067722769003e+03 -1.844552540681629034e+04 9.256287850191627697e+00 -3.731111619216469916e-02 2.374101917955478902e-21
2.609708984688347118e+04 2.922103372122101518e+03 -2.317498647476136830e+04 7.165677376042467017e+00 6.088862034801548889e-02 2.555661864008191038e-21
2.657270351120056876e+04 2.405067119259498668e+03 -2.416763639194106872e+04 1.510544880941188994e+00 3.958273817539986056e-02 2.562819144304710551e-21
2.668088431810749171e+04 2.276863140699703308e+03 -2.440402117740778704e+04 9.474976909225704125e-01 -4.696710339979213306e-02 2.570148413846695814e-21
2.667714759113736363e+04 2.269699159711387438e+03 -2.440744843142597529e+04 8.727921668220567364e-01 4.399559894271700897e-03 2.574610793890506814e-21
2.670368227403403944e+04 2.257697787247866472e+03 -2.444598448678617206e+04 8.179347265557729285e-01 2.571929520174797215e-02 2.578406929006665237e-21
2.668063746187205470e+04 2.247054361743874779e+03 -2.443358310012818038e+04 5.594235263284582649e-01 2.228956201129414852e-02 2.697554054304695490e-21
2.671434921765841864e+04 2.261997071190722181e+03 -2.445235214646769600e+04 8.336868877730941874e-01 8.385091135705265153e-02 2.637036649267973834e-21
2.665740248523556147e+04 2.330774121547882714e+03 -2.432662836368767967e+04 9.600090113639833111e-01 9.331165513934190636e-02 2.703844502313056559e-21
2.655411182989365625e+04 2.379824204533398643e+03 -2.417428762536025897e+04 1.279942003514583204e+00 -5.339643278528973663e-02 2.480301914814069694e-21
2.650812793917259478e+04 2.531522246467641253e+03 -2.397660569270495398e+04 2.516938857541635599e+00 -5.959257300175584832e-02 2.672917841507665026e-21
2.649369695872272132e+04 2.492321069290610922e+03 -2.400137588943211085e+04 1.578117137248727930e+00 1.107864847010292114e-01 2.689693458970710221e-21
2.615561942940067092e+04 2.857027012114590889e+03 -2.329859241728607958e+04 2.972770742269676081e+00 6.633872311920048503e-02 2.589942732832889469e-21
2.588670513725093042e+04 3.197183088813953418e+03 -2.268952204843697837e+04 2.413743117023533724e+00 -1.649575248215277845e-01 2.481719251031587074e-21
2.610351819897975292e+04 2.939669305163630270e+03 -2.316384889381612447e+04 3.933938331981579939e+00 1.083501968341392258e-01 2.577399516607480652e-21
2.591055981419569798e+04 3.195260580501436380e+03 -2.271529923369426251e+04 2.256071023880553472e+00 -1.858752706152636269e-01 2.532387388459218347e-21
2.610136944118577594e+04 2.885962512323031206e+03 -2.321540692886274337e+04 3.317734069508478711e+00 5.045823409109434499e-02 2.570900840085988125e-21
2.599167475738652138e+04 3.100038239819247337e+03 -2.289163651756727268e+04 3.708946403287884497e+00 -1.183208293941186325e-02 2.489114653787610679e-21
2.525555832820570504e+04 3.926698541808339542e+03 -2.132885978639736641e+04 2.301736699725301261e+00 4.703894173776222015e-02 2.613673016678902450e-21
2.483454182345738809e+04 4.407275239228390092e+03 -2.042726658422899709e+04 2.614624338863321906e+00 -4.531624642581284085e-02 2.458769918099050768e-21
2.467217175177099853e+04 4.592778186525240017e+03 -2.007939356524575851e+04 2.350099234531910053e+00 -1.209494879663397388e-01 2.511076477649439827e-21
2.308464354125607861e+04 6.358085234550611858e+03 -1.672655830670546857e+04 3.529357379186555121e+00 -1.783586667073040199e-01 2.209192037022426769e-21
2.212240812677574286e+04 7.398917567467192384e+03 -1.472349055930854956e+04 2.869335293158589817e+00 9.221464610004999340e-02 2.132343698491906638e-21
