0.000000000000000000e+00 3.141138374467324320e+04 3.141138374467324320e+04 nan 3.756959134379287235e+01 3.195545224169678407e-25
1.822913647101642736e-94 3.141490478050128513e+04 3.141490478050128513e+04 5.313182446763139666e+01 7.108724108837159328e+00 3.206890439967297984e-25
1.325211774716729376e-43 3.141279207854248671e+04 3.141279207854248671e+04 2.565451300290918724e+01 3.353718593196489905e+00 3.210053087613850829e-25
1.007320582593780722e-25 3.141878675670404482e+04 3.141878675670404482e+04 1.323388363797472955e+01 1.784057333271198198e+00 3.224863778776049441e-25
2.589746792723598444e-17 3.142116988011832655e+04 3.142116988011832655e+04 8.993270045278647373e+00 3.975444950757422435e-01 3.215206476543315336e-25
5.274715675683934471e-12 3.141699012256662172e+04 3.141699012256661808e+04 5.955687553310451854e+00 6.791362437531055507e-01 3.209409009861846574e-25
2.167286622209358939e+03 2.909754668998382476e+04 2.693026006777446673e+04 5.200939361861990129e+00 -2.720880609220295843e-01 1.209021894282960388e-22
1.483950683867359658e+04 1.538191468563066155e+04 5.424078469570649759e+02 1.534781494135726199e+01 -2.153045086301466904e-01 8.172390202920203287e-22
2.449180093677498007e+04 4.734984746881778847e+03 -1.975681618989320123e+04 1.216846090653889689e+01 1.081096373466822885e-02 1.407581332312098249e-21
2.597677676240366418e+04 3.070324625308260238e+03 -2.290645213709540258e+04 8.171073919666683949e+00 1.145473628538429961e-01 1.490374547791710940e-21
2.658221245013273074e+04 2.355329947673833431e+03 -2.422688250245889867e+04 7.007785433966108535e+00 -1.365652629491448111e-01 1.540840207084867381e-21
2.666902699957838558e+04 2.304981906178011286e+03 -2.436404509340037475e+04 8.972266454919743950e-01 1.150057020548957559e-01 1.460024146440729585e-21
2.669684643743939159e+04 2.267144305357034682e+03 -2.442970213208235509e+04 1.765614444226627500e+00 5.289781465905354918e-02 1.519348851516308698e-21
2.661899912453536672e+04 2.272506285105048391e+03 -2.434649283943031696e+04 1.042179858858735875e+00 1.825572469948004775e-02 1.497411892412424053e-21
2.663616214582792963e+04 2.278700363479822499e+03 -2.435746178234810577e+04 6.216018972766282902e-01 7.917810673478840877e-02 1.525860541825236942e-21
2.658658708439513430e+04 2.331460529569979371e+03 -2.425512655482515402e+04 1.009738868041004656e+00 8.139019151991663814e-02 1.487562009249904278e-21
2.671834743988432820e+04 2.276551208164999480e+03 -2.444179623171933054e+04 8.165231657380749297e-01 -3.817975031510870143e-02 1.563793134232045682e-21
2.654682679383056166e+04 2.443779749140468539e+03 -2.410304704469009448e+04 1.015298368355830538e+00 1.441570947743618936e-01 1.539281073677425897e-21
2.650099923207117899e+04 2.505900270235911194e+03 -2.399509896183526871e+04 1.448060800490083677e+00 5.594396277437857501e-02 1.486232842077129139e-21
2.641620827846760949e+04 2.536828159232240978e+03 -2.387938011923536760e+04 1.427647166629596454e+00 -1.824883531553272986e-01 1.565470774268600467e-21
2.613967891434688863e+04 2.899442150585966374e+03 -2.324023676376092044e+04 1.836325734141199151e+00 2.089326942122311792e-02 1.501729186940815352e-21
2.627829878792183808e+04 2.785632395670150345e+03 -2.349266639225168910e+04 2.227435608565082603e+00 -1.988790782918094593e-02 1.504671834937202736e-21
2.622166974103391840e+04 2.812531414844479514e+03 -2.340913832618943707e+04 1.824454241851205749e+00 -3.869046296975587468e-02 1.503083505585341774e-21
2.596005687100634896e+04 3.106121823703922473e+03 -2.285393504730242785e+04 1.554015430063801828e+00 -6.611807585847252755e-02 1.508083028634186788e-21
2.604559426161535521e+04 2.982827770590311957e+03 -2.306276649102504234e+04 2.463569482755500584e+00 1.039191079923209166e-01 1.512970397102926101e-21
2.604278241942012392e+04 3.008475411848143267e+03 -2.303430700757198065e+04 2.996916014690599983e+00 -2.373433221242264026e-04 1.530937508160109018e-21
2.534260296562958320e+04 3.764072680938860231e+03 -2.157853028469072160e+04 2.489610506125405465e+00 -1.100805813468374583e-01 1.510986984294492746e-21
2.483009821575070237e+04 4.373028303606123700e+03 -2.045706991214457958e+04 5.408056397603121290e+00 2.201467451584309398e-01 1.425758562287427954e-21
2.419426856729175051e+04 5.090908181224599502e+03 -1.910336038606715010e+04 4.166638035296237774e+00 2.882197285160903108e-02 1.353131193579370744e-21
2.379118571430549127e+04 5.532582895572269081e+03 -1.825860281873322310e+04 8.350466199664779765e+00 -1.171477072627458843e-01 1.327168646306520398e-21
2.256236088372732047e+04 6.945554505815033735e+03 -1.561680637791228583e+04 3.949105833702410084e+00 -9.278855537636422623e-02 1.297602550644496403e-21
