0.000000000000000000e+00 3.140459405866608358e+04 3.140459405866608358e+04 nan 3.647385791148062140e+01 3.185151999661089675e-25
2.379906204664925466e-94 3.140989413240164504e+04 3.140989413240164504e+04 5.144772184245530866e+01 8.623420940810028412e+00 3.183096959384185044e-25
1.899085417144800776e-43 3.141120031630027370e+04 3.141120031630027370e+04 2.374150835017098871e+01 5.486508663870497848e+00 3.198002948823494914e-25
9.472805782877373120e-26 3.141450501243286635e+04 3.141450501243286635e+04 1.257929080682469269e+01 1.455295745249652439e+00 3.201207642148596352e-25
1.941900125647029360e-17 3.142009543888331973e+04 3.142009543888331973e+04 8.236440185599873232e+00 2.644526257806018577e-01 3.221612869591309171e-25
2.370702062639524008e-11 3.141924772222990214e+04 3.141924772222987667e+04 5.462011566712434707e+00 7.988679153325121129e-01 3.235656930440657141e-25
2.141575130807473670e+03 2.915171361158195214e+04 2.701013848077447983e+04 4.164889842484549298e+00 -3.434788092121265346e-01 1.990090342193720547e-22
1.652839375636833938e+04 1.358124116112306729e+04 -2.947152595245272096e+03 1.265030999406003076e+01 -4.757270153143600133e-02 1.661316519474234963e-21
2.434098662120234803e+04 4.873728632364272926e+03 -1.946725798883807511e+04 1.249905410992775678e+01 -2.785988631577195410e-02 2.361522066254139378e-21
2.609472376926785728e+04 2.918032920719061167e+03 -2.317669084854879475e+04 6.533842987061163399e+00 1.489089608749822879e-01 2.512421062008294017e-21
2.652003394819545065e+04 2.426969333489087148e+03 -2.409306461470636350e+04 9.477812747384898318e-01 3.476010251294602699e-02 2.552990642973735383e-21
2.667831436759152712e+04 2.283723478681580218e+03 -2.439459088890994826e+04 7.287770853308722652e-01 1.201634781668146391e-02 2.740931090090332231e-21
2.668150812993865839e+04 2.267446130616430764e+03 -2.441406199932222808e+04 6.736502680256517550e-01 2.280322222281884123e-02 2.644541893019147623e-21
2.668932686822077449e+04 2.264653897162475459e+03 -2.442467297105829857e+04 8.047649333182351761e-01 1.020736731626819410e-01 2.639131845150765896e-21
2.664759913706129009e+04 2.296331586404104200e+03 -2.435126755065718680e+04 1.091838228845901426e+00 -7.143259250758093870e-02 2.713491608228516783e-21
2.667227842224104825e+04 2.263553949653495238e+03 -2.440872447258755346e+04 1.049667220939149104e+00 9.488457639218515760e-02 2.556519937776538796e-21
2.667158732364706157e+04 2.303863242240109685e+03 -2.436772408140695188e+04 1.213150630972139155e+00 5.021450020161866146e-02 2.609058379583414254e-21
2.659466964209985235e+04 2.363143864693607156e+03 -2.423152577740624474e+04 1.292731817061688826e+00 -1.158898359348360524e-01 2.601590487418203851e-21
2.648715919990219845e+04 2.559111033832019075e+03 -2.392804816607018074e+04 1.724174130181453934e+00 1.974000817933229887e-02 2.552729561624091846e-21
2.639945140207537042e+04 2.597255288913955155e+03 -2.380219611316141527e+04 1.825875274484908273e+00 1.123187563722306964e-01 2.520645200192967703e-21
2.620151446035150730e+04 2.876650746320306098e+03 -2.332486371403120211e+04 2.404780861876635090e+00 -1.711503660712461461e-01 2.544390306847929171e-21
2.629369294199440992e+04 2.775112635282767314e+03 -2.351858030671164306e+04 4.248088743863956296e+00 6.547846474650814708e-02 2.664015634940334177e-21
2.612516740390468112e+04 2.969531647669273752e+03 -2.315563575623540601e+04 3.090164518049119291e+00 5.913198154403892515e-02 2.701737032643227409e-21
2.605971313528672545e+04 3.014237059178605250e+03 -2.304547607610811974e+04 3.100482106319363051e+00 1.564037181677181976e-01 2.634763530962376235e-21
2.600557206368352854e+04 3.066148473364211441e+03 -2.293942359031931846e+04 1.776728058275896416e+00 2.010369297047679901e-02 2.588678100518945186e-21
2.575286069042485542e+04 3.286609789554704548e+03 -2.246625090087015269e+04 2.546064339911285668e+00 -1.016643268653925486e-01 2.489290486040200639e-21
2.554403104320887360e+04 3.546248660122728324e+03 -2.199778238308614527e+04 2.933255276231300002e+00 1.958657608596722863e-03 2.487014669311835935e-21
2.472744286651721995e+04 4.487156422498805114e+03 -2.024028644401841302e+04 2.670844750837337411e+00 1.092845137517800547e-01 2.427702924169058702e-21
2.427924773356061633e+04 5.012843198529972142e+03 -1.926640453503064418e+04 2.991857179316143256e+00 -2.286724847033466332e-02 2.468321134065748113e-21
2.288923994123434386e+04 6.526075168883027800e+03 -1.636316477235131606e+04 3.452141119415728099e+00 4.444376477873335229e-02 2.225375778881835263e-21
2.273279987883370995e+04 6.773675909578517349e+03 -1.595912396925519351e+04 6.411461223359509631e+00 8.669382966678597369e-02 2.346949159755818152e-21
