0.000000000000000000e+00 3.141737099161703736e+04 3.141737099161703736e+04 nan 3.206971658475415410e+01 3.214242101183413419e-25
2.741267249404557024e-94 3.141283145101837727e+04 3.141283145101837727e+04 6.008511597521715686e+01 1.255966961205795052e+01 3.204602241002764943e-25
1.687767111781119702e-43 3.141024809754553280e+04 3.141024809754553280e+04 2.351470119628324085e+01 3.445084677656505168e+00 3.197011030679924577e-25
1.241312033589096112e-25 3.141819787189677663e+04 3.141819787189677663e+04 1.204993877941693903e+01 1.259337156603049568e+00 3.206716560601060420e-25
2.104110644382566058e-17 3.141968035274179056e+04 3.141968035274179056e+04 8.910495620818212004e+00 1.178025006925270679e-01 3.217906879819414357e-25
7.510204134192100301e-12 3.141993462391585126e+04 3.141993462391584399e+04 5.279719670936265707e+00 7.769485710311098137e-01 3.225162328708475425e-25
2.467661554540672114e+03 2.879441881003652088e+04 2.632675725549584968e+04 4.686918351228651858e+00 -1.461898105295715011e-01 1.419270412576647263e-22
1.619153803632103518e+04 1.396277758718273435e+04 -2.228760449138300828e+03 1.181330324050805736e+01 -8.586378134187223898e-02 8.988766912288487178e-22
2.437497402733786657e+04 4.860888138321684892e+03 -1.951408588901618350e+04 7.598244274713344737e+00 -1.029624972450911002e-01 1.402705124416991934e-21
2.612576270307003870e+04 2.903806779127388381e+03 -2.322195592394264895e+04 9.293540654909937970e+00 -1.808958088753568477e-02 1.512112841293336497e-21
2.659575727506498879e+04 2.335238437699375481e+03 -2.426051883736561285e+04 3.327502560504694173e+00 -4.382681909962815592e-02 1.524758925880895073e-21
2.672702503103952404e+04 2.255557469867780583e+03 -2.447146756117174300e+04 8.894091396158606555e-01 -4.703405793665573625e-02 1.536264157424835630e-21
2.664553641608236285e+04 2.275231241496117491e+03 -2.437030517458624672e+04 1.037459902137725987e+00 1.418987794303307737e-01 1.519759616796103932e-21
2.671678516068835597e+04 2.264688863937061342e+03 -2.445209629675129327e+04 7.069849401568539804e-01 -5.712007558488923359e-02 1.506447851034727620e-21
2.668130013815926577e+04 2.267266325559540746e+03 -2.441403381259972593e+04 8.699790818498525091e-01 -6.996095215406759882e-02 1.542878620272908547e-21
2.667585935230155883e+04 2.285626478118851992e+03 -2.439023287418270775e+04 8.414938006673998716e-01 6.356925240261512844e-02 1.534786755831621470e-21
2.669168439600500642e+04 2.277246392943728551e+03 -2.441443800306127741e+04 2.632363867125267820e+00 6.292260163655687133e-03 1.579898414390923701e-21
2.664370705806795377e+04 2.326431031720199826e+03 -2.431727602634775394e+04 1.226001359000438606e+00 -5.270519906805152394e-02 1.500638289668250959e-21
2.661828673443087973e+04 2.371371136031591504e+03 -2.424691559839928959e+04 4.144461662749518105e+00 7.566919938621290143e-03 1.460731057529847622e-21
2.649620513718352231e+04 2.515200920670701180e+03 -2.398100421651282159e+04 1.986242152605493638e+00 -4.962482238964297659e-02 1.551975915053062413e-21
2.639609607581913588e+04 2.641139436672164720e+03 -2.375495663914697070e+04 1.521955095860305418e+00 -1.338211393966061147e-01 1.539186678360474340e-21
2.618539050657148982e+04 2.839018773923460230e+03 -2.334637173264802914e+04 1.670089771467188733e+00 -2.410070983195241115e-02 1.552343265104974058e-21
2.606330477446973237e+04 3.017314511990976371e+03 -2.304599026247875736e+04 4.872719856712790509e+00 2.277265211768505770e-01 1.483271258928289496e-21
2.600668250056324541e+04 3.076055014592235693e+03 -2.293062748597101017e+04 3.925096351928230920e+00 -1.792604004391092770e-02 1.559870852863346899e-21
2.583578909207686229e+04 3.244797355816431264e+03 -2.259099173626043194e+04 3.071776893213379989e+00 6.088577923011381093e-02 1.490797746573616165e-21
2.585398328775322807e+04 3.256025278491303652e+03 -2.259795800926192533e+04 1.987583077077198057e+00 -8.694151223839284570e-02 1.467758379956704230e-21
2.542771822094227537e+04 3.693139515948970711e+03 -2.173457870499330602e+04 3.126610651369796212e+00 -1.340644933208612888e-01 1.470644725778073431e-21
2.526264692270118758e+04 3.907484529567236223e+03 -2.135516239313395272e+04 2.637514092146072464e+00 -1.042016925373437375e-01 1.432161750530231843e-21
2.456198448393162835e+04 4.682300877638424936e+03 -1.987968360629320523e+04 8.905519373603992150e+00 -1.849593644391861191e-01 1.408505251754401524e-21
2.378711459943551017e+04 5.576392184968490255e+03 -1.821072241446701810e+04 3.544592998248720317e+00 -8.424703012383800982e-02 1.375383226557906738e-21
2.263339221624807396e+04 6.885591492988151913e+03 -1.574780072325992296e+04 4.684715061588041074e+00 1.482417136853441363e-02 1.265343091440698157e-21
