0.000000000000000000e+00 3.141228930498772024e+04 3.141228930498772024e+04 nan 3.336043424173823979e+01 3.210646071697185585e-25
2.355825891072941496e-94 3.142151786394398005e+04 3.142151786394398005e+04 5.000690026330442350e+01 8.380899117653051178e+00 3.224360471971758878e-25
1.285722856116443954e-43 3.141234438606361437e+04 3.141234438606361437e+04 2.499982774598396418e+01 3.377784761846898576e+00 3.196471100024411705e-25
1.196405791633762615e-25 3.141546950843065133e+04 3.141546950843065133e+04 1.383555901357849471e+01 1.789401254462628321e+00 3.202653875423644726e-25
2.484204951992067045e-17 3.141649037597520510e+04 3.141649037597520510e+04 7.723746438665809677e+00 3.446970290695831607e-01 3.211851674617251189e-25
1.008980656438703994e-11 3.141692524759323715e+04 3.141692524759322623e+04 5.639737745633516930e+00 7.228531371536025540e-01 3.225148620711663409e-25
2.299359546516355294e+03 2.896534965119168191e+04 2.666599010467532571e+04 3.969358377611559963e+00 -1.443025871608446219e-02 1.265950463299155988e-22
1.645022905557552076e+04 1.364827062313787246e+04 -2.801958432437648298e+03 9.195555009730385976e+00 -1.832881567819166432e-02 9.316351135960065764e-22
2.446613447115496092e+04 4.731423211688417723e+03 -1.973471125946654502e+04 1.464238181838942410e+01 1.107910097763578766e-01 1.376355019666090728e-21
2.600220513569393370e+04 2.995968164753979181e+03 -2.300623697093995361e+04 9.507130310438935084e+00 4.850941486779333420e-04 1.483087685174133678e-21
2.653525423615728505e+04 2.455198551980718548e+03 -2.408005568417656468e+04 1.392393673414603184e+00 -1.158858290344951386e-01 1.522695177856309094e-21
2.661649754959939673e+04 2.334262836193754083e+03 -2.428223471340564356e+04 4.825500265694133262e+00 4.707747606700133508e-02 1.524764253630387039e-21
2.669183612955710123e+04 2.257960504326853879e+03 -2.443387562523024826e+04 9.575085315929937613e-01 -4.335970873044830975e-02 1.511856243782534490e-21
2.669384728024077049e+04 2.277104469338302806e+03 -2.441674281090246950e+04 1.042777362139989172e+00 1.164822796966990676e-01 1.516619785563115760e-21
2.667498374986188719e+04 2.270868064060934103e+03 -2.440411568580095263e+04 6.896645466495280319e-01 6.365348766399525626e-02 1.536996088906061502e-21
2.673585586563134348e+04 2.252589052366099168e+03 -2.448326681326524340e+04 7.762615510698407384e-01 -3.097112774442282654e-02 1.545922371997424145e-21
2.677250707126958878e+04 2.226708681569881719e+03 -2.454579838969970660e+04 6.993263085370878818e-01 -4.248711226761279353e-02 1.585362634710058302e-21
2.657090202598785618e+04 2.386270615558699319e+03 -2.418463141042915595e+04 1.200679527155344095e+00 8.260980521301057589e-02 1.538311900306210878e-21
2.635798905506090159e+04 2.641744612359946586e+03 -2.371624444270095410e+04 2.794164961835145622e+00 6.204177870220807696e-03 1.545716567662560614e-21
2.651199716150663153e+04 2.489643789099902733e+03 -2.402235337240672743e+04 2.824658102216105693e+00 2.959840369008324146e-01 1.579293461568464968e-21
2.630491458670453358e+04 2.754004661833222144e+03 -2.355090992487131007e+04 2.805404586626560448e+00 9.942300835431576445e-02 1.510407840451192808e-21
2.600456566051159825e+04 3.056787692094371778e+03 -2.294777796841722738e+04 4.213819711398451240e+00 -1.244637460326334377e-01 1.524431202312757114e-21
2.625765967850046945e+04 2.744218480659052148e+03 -2.351344119784141731e+04 1.615905910880703233e+00 3.811382359757974764e-02 1.499586197455505360e-21
2.638775616404490938e+04 2.640602957523787609e+03 -2.374715320652112132e+04 1.619145533952407900e+00 9.725831045861575708e-02 1.580661623518320198e-21
2.588152194210647212e+04 3.204115024645630456e+03 -2.267740691746084121e+04 3.795188489750991767e+00 -2.426846772098766383e-02 1.462301671829234387e-21
2.607385747707689734e+04 2.992011270926052021e+03 -2.308184620615084714e+04 2.321334188844682345e+00 2.264885002087386676e-02 1.535317270529912819e-21
2.546965410406929732e+04 3.620253008523894550e+03 -2.184940109554540322e+04 7.490042010707132825e+00 5.234811799984330320e-03 1.528098378662048174e-21
2.520708584220298872e+04 3.937897625232795235e+03 -2.126918821697019303e+04 2.492915089203344703e+00 4.741801569137343506e-03 1.443099269810811859e-21
2.417690187632318703e+04 5.087958463201222912e+03 -1.908894341312196411e+04 2.800795805469902700e+00 -3.507624627416124768e-02 1.418916594666493119e-21
2.361812518202371939e+04 5.726066119772618549e+03 -1.789205906225110084e+04 6.402887808909857092e+00 -5.668155021782611547e-03 1.324004429752132671e-21
2.252934276723395669e+04 6.974147508914320497e+03 -1.555519525831963620e+04 4.083567656533456436e+00 -5.910498148927422618e-02 1.257274168682416141e-21
