0.000000000000000000e+00 3.141441213415469974e+04 3.141441213415469974e+04 nan 3.587969200472005582e+01 3.201879052961494282e-25
1.602255390549583205e-94 3.141989985018162406e+04 3.141989985018162406e+04 4.900146160016883101e+01 6.835443669172112102e+00 3.230408732846468237e-25
1.568609051130885933e-43 3.141920150278461369e+04 3.141920150278461369e+04 2.458837671093479216e+01 3.408915208145704145e+00 3.215148867227985335e-25
1.200320454109398894e-25 3.142426744207003503e+04 3.142426744207003503e+04 1.329999241236343188e+01 1.701444150211586903e+00 3.234844685880669961e-25
1.905197160740869474e-17 3.141077409343331601e+04 3.141077409343331601e+04 9.231042885073895476e+00 -3.002474099219532566e-01 3.202904452410218805e-25
3.425700694512159320e-12 3.141577087497566754e+04 3.141577087497566390e+04 6.091835076943883820e+00 5.980169171226006330e-01 3.213291564644077689e-25
2.568607205239350151e+03 2.868976841835982850e+04 2.612116121312047835e+04 4.281577240644556248e+00 -3.291495347677063088e-01 2.226108047600132048e-22
1.598371602436720968e+04 1.414602652642674366e+04 -1.837689497940466026e+03 8.219044263235106840e+00 -1.433077077716397030e-01 1.457678527403892051e-21
2.405139502636103498e+04 5.242978524426238437e+03 -1.880841650193479654e+04 1.749586175876488880e+01 7.928555176094675971e-02 2.467392110256043222e-21
2.625710973960155752e+04 2.813434314534881651e+03 -2.344367542506667451e+04 3.455301335610596158e+00 4.163881658472497194e-02 2.657692484707160402e-21
2.651754878809813454e+04 2.424963356324692541e+03 -2.409258543177344109e+04 1.170313179177617791e+00 -2.889537034669196688e-02 2.526855636814549563e-21
2.668134134001335769e+04 2.285644507901528868e+03 -2.439569683211182928e+04 8.740637870525952424e-01 5.406748956316689836e-02 2.516511156813988821e-21
2.667483936661641201e+04 2.276803926633392621e+03 -2.439803543998301757e+04 5.500282073684495954e-01 6.798374023950994050e-02 2.507303066510564296e-21
2.659250101748438101e+04 2.299873475248472005e+03 -2.429262754223591037e+04 5.963817760565254256e-01 5.993907915622298521e-02 2.536939166476490122e-21
2.667133317572381202e+04 2.272202565978248913e+03 -2.439913060974556356e+04 6.633130428411685431e-01 -3.424410205861191242e-02 2.612077514894329620e-21
2.670295676472760533e+04 2.270506991424110311e+03 -2.443244977330349502e+04 8.436706272189796740e-01 1.418828539001895928e-01 2.689120147961127927e-21
2.658866065010522289e+04 2.325685335634047988e+03 -2.426297531447117581e+04 2.166282404386026261e+00 2.788976094475378864e-02 2.597103845131588557e-21
2.661038808749190866e+04 2.396088828094515975e+03 -2.421429925939739405e+04 1.946539021078972809e+00 -1.634448200112550639e-02 2.574970077119400133e-21
2.647039748732415319e+04 2.522792320636493059e+03 -2.394760516668765922e+04 1.654863380103237525e+00 2.161312144503745383e-02 2.591101516269886636e-21
2.631368339769772138e+04 2.686204839943174193e+03 -2.362747855775454809e+04 8.200820108436538192e+00 -5.785383030316836733e-02 2.650284069632276264e-21
2.619387382638234340e+04 2.869243901296217246e+03 -2.332462992508612660e+04 2.345018310964329000e+00 5.926779510457291095e-02 2.471113554911046503e-21
2.604799682903838402e+04 2.994785442578030597e+03 -2.305321138646035251e+04 1.939598303208976082e+00 9.879645122376796984e-02 2.650630130086552862e-21
2.631728168335375813e+04 2.719490540872716338e+03 -2.359779114248104088e+04 2.846115199904204474e+00 -1.930563271879830178e-01 2.605341351609296507e-21
2.605010165455340393e+04 2.991893098552541232e+03 -2.305820855600086361e+04 1.404104670099061147e+00 -1.053041428419346746e-02 2.539683584764988750e-21
2.556873700486765665e+04 3.574851867787269839e+03 -2.199388513708038590e+04 2.768224556628181787e+00 -8.456396843259283980e-02 2.644518884228136612e-21
2.553761464130155218e+04 3.598671863128837231e+03 -2.193894277817271359e+04 2.729500498034643119e+00 -6.144456685232434906e-02 2.530857226322186354e-21
2.521349532830199314e+04 3.935585723292829243e+03 -2.127790960500916481e+04 2.396855384565920843e+00 -1.544248784429229360e-01 2.456127893131866539e-21
2.491911247313744752e+04 4.329337014456853467e+03 -2.058977545868059315e+04 3.750419338548721004e+00 -9.223075860590701502e-02 2.511641468466131534e-21
2.439316036934277508e+04 4.873977915275545456e+03 -1.951918245406723145e+04 3.669212750211218843e+00 7.045283745945390974e-02 2.408590961138228377e-21
2.299730447428847037e+04 6.453823505302030753e+03 -1.654348096898644144e+04 3.011722837155717869e+00 -7.215754092479499671e-02 2.262018888372731700e-21
2.284651533144261703e+04 6.640508135657017192e+03 -1.620600719578559983e+04 8.766270274483799696e+00 -6.545884611105405593e-02 2.201974069885155858e-21
