0.000000000000000000e+00 3.141512457660525615e+04 3.141512457660525615e+04 nan 3.642157237924249813e+01 3.222390289786980433e-25
2.076926460001895835e-94 3.141369161881199398e+04 3.141369161881199398e+04 5.197223247784169331e+01 8.364035835677448461e+00 3.209926839657001032e-25
1.872114898132899495e-43 3.141955768051552877e+04 3.141955768051552877e+04 2.262276414792380308e+01 3.389043956077500752e+00 3.208744983730321189e-25
9.811262697715842821e-26 3.142192063192908972e+04 3.142192063192908972e+04 1.311566770921325364e+01 1.724234746977150623e+00 3.220749195082846186e-25
2.419257682971230254e-17 3.142366091043472989e+04 3.142366091043472989e+04 8.155532441671821786e+00 3.625900763657500803e-01 3.235976406320525578e-25
8.271256352913505359e-12 3.142158223294267009e+04 3.142158223294266281e+04 6.090093011397004652e+00 5.068419889525177524e-01 3.225403915276346297e-25
2.278075958556978549e+03 2.899807107721921784e+04 2.671999511866223838e+04 4.684203463766826836e+00 -1.593728048406241882e-01 1.170486415462764118e-22
1.621159234720675158e+04 1.391461229327498950e+04 -2.296980053931762086e+03 1.033640329208703257e+01 -5.102562642424441491e-02 9.100110754559443449e-22
2.448534656249605177e+04 4.759737347316229716e+03 -1.972560921517982206e+04 1.045441564987343952e+01 -3.949176189366313677e-02 1.390278758831481829e-21
2.612275959327050077e+04 2.916109584363482099e+03 -2.320665000890701776e+04 1.249526253019686273e+01 -8.368926309296385868e-02 1.510655477168311925e-21
2.635652429979471708e+04 2.580977627382745140e+03 -2.377554667241197239e+04 8.437869731915968785e+00 5.799798216643063621e-04 1.529813667832352921e-21
2.662366761400854011e+04 2.344289434848397832e+03 -2.427937817916014319e+04 2.581718438579624575e+00 -1.206075722151301460e-01 1.523147830940775958e-21
2.664187175819062031e+04 2.301037370134513822e+03 -2.434083438805610785e+04 1.377353948337331602e+00 8.458776963010271321e-02 1.526587448965089905e-21
2.663368801204002375e+04 2.286985719196333775e+03 -2.434670229284368907e+04 1.011110355496387614e+00 1.323375919786975163e-01 1.496057979135091001e-21
2.663751272096800312e+04 2.314966990305614672e+03 -2.432254573066238663e+04 2.150551956331586023e+00 3.439837735987475581e-02 1.499891181797653798e-21
2.670563487326705581e+04 2.265300864068206465e+03 -2.444033400919885025e+04 8.106729729031135756e-01 1.313536574075931107e-01 1.527857674573975934e-21
2.668355164631518710e+04 2.283875326997539105e+03 -2.439967631931764845e+04 1.297576771402716878e+00 1.603484297517729085e-01 1.559214067996668720e-21
2.655499133074218480e+04 2.478093428873309676e+03 -2.407689790186887694e+04 1.614736787183047584e+00 -7.466599168355027294e-02 1.593434103098251049e-21
2.657181719841686572e+04 2.438342236388936271e+03 -2.413347496202792900e+04 2.675599621082586310e+00 -1.628306159902181277e-04 1.549334002942145300e-21
2.637371273148179534e+04 2.614928869894264153e+03 -2.375878386158752983e+04 2.191971215536547835e+00 -8.353698415054451598e-02 1.523752983491268815e-21
2.619543838920195412e+04 2.806752424928689834e+03 -2.338868596427326338e+04 2.511234736354014174e+00 5.343810190818026580e-04 1.516307457703149495e-21
2.625471837600121944e+04 2.768852393290673263e+03 -2.348586598271054754e+04 4.506159342148738034e+00 1.312342057471024004e-01 1.508566365200749150e-21
2.599011377564715076e+04 3.057706102880802973e+03 -2.293240767276634870e+04 5.080981842694984429e+00 -7.482716156636472216e-02 1.524958336807193672e-21
2.594513906475029216e+04 3.104423625207268742e+03 -2.284071543954302251e+04 3.442088901036580051e+00 4.977807758397595483e-02 1.489596857969931661e-21
2.582098943291212345e+04 3.251350085076299365e+03 -2.256963934783582226e+04 3.849110380518789842e+00 -1.297901833639925236e-02 1.503454752790860947e-21
2.576911059142831436e+04 3.330090824717660325e+03 -2.243901976671065495e+04 2.286912261912044553e+00 6.653668575280298481e-02 1.489775916620789713e-21
2.542937929504601925e+04 3.644491116263497588e+03 -2.178488817878252303e+04 3.951111312993205171e+00 -3.576797838875680341e-02 1.462614597048363653e-21
2.491806310066801962e+04 4.273506519362169456e+03 -2.064455658130584925e+04 2.902635910496041749e+00 7.046268024959104204e-02 1.400308442296063684e-21
2.414476961746105007e+04 5.154775826099147707e+03 -1.898999379136190328e+04 5.677327574835530299e+00 7.127857120159117495e-03 1.358520856249689630e-21
2.328936990464157134e+04 6.145706395292721936e+03 -1.714366350934885122e+04 5.128869844229142494e+00 6.796248837716512003e-02 1.343088548789397096e-21
2.247481530240685970e+04 7.050080154278389273e+03 -1.542473514812847134e+04 5.192176065591443290e+00 5.459918207688479325e-02 1.241220010419039295e-21
