0.000000000000000000e+00 3.142083979644983992e+04 3.142083979644983992e+04 nan 3.592598876898551907e+01 3.208319713980764389e-25
2.283192069028219822e-94 3.140872343541514783e+04 3.140872343541514783e+04 4.942869167743017300e+01 8.368662199126749357e+00 3.194387691645606777e-25
1.746457426795579450e-43 3.141192333577950922e+04 3.141192333577950922e+04 2.343864829140086314e+01 3.753072707942981978e+00 3.187634040807166520e-25
9.537807215263678328e-26 3.142027093496856833e+04 3.142027093496856833e+04 1.328109057901196444e+01 1.487165290199294221e+00 3.222882671623869894e-25
1.883677114086090614e-17 3.141809418356749666e+04 3.141809418356749666e+04 8.275771226780021195e+00 2.734356241673812082e-01 3.215812734768194556e-25
3.278716772158971834e-11 3.142068575277453056e+04 3.142068575277449781e+04 5.209063511700488647e+00 5.161929104336812069e-01 3.229307750381030345e-25
2.747416467650989034e+03 2.849979339898549733e+04 2.575237693133450739e+04 4.193045542303789119e+00 -1.592033158238520263e-01 1.474882356290942532e-22
1.671307474117249512e+04 1.338004393469829483e+04 -3.333030806474200290e+03 1.277868648989335476e+01 -8.340667605098502080e-02 9.481243895288073715e-22
2.473151660953741884e+04 4.446143924061844700e+03 -2.028537268547557323e+04 1.231625014960393649e+01 -4.320318099290227504e-02 1.373690624904026660e-21
2.612979634045331841e+04 2.883603170992847481e+03 -2.324619316946047184e+04 7.337702505646190865e+00 6.144835200359730076e-03 1.510254125055291824e-21
2.641265686731648748e+04 2.480655963571248321e+03 -2.393200090374524007e+04 9.640219382603723020e-01 -3.042998817271189409e-03 1.461018054090842398e-21
2.663721634521042142e+04 2.271886559104658772e+03 -2.436532978610576174e+04 9.845577668140056415e-01 1.656777069935949920e-01 1.480680378668812169e-21
2.670208189737359498e+04 2.268835491804060439e+03 -2.443324640556953455e+04 9.843761807795368135e-01 1.517606971450214115e-01 1.535695174128464494e-21
2.663618569696488339e+04 2.305870882063964928e+03 -2.433031481490091755e+04 5.695153655668870885e-01 -7.263608540520817558e-02 1.515409477990750411e-21
2.666978054042997246e+04 2.287588036532728893e+03 -2.438219250389724402e+04 1.075236201365822319e+00 -2.069450067369722410e-02 1.514115677371564140e-21
2.671019943514873376e+04 2.269137102944854178e+03 -2.444106233220388094e+04 9.666266779754856264e-01 4.085431308350331164e-02 1.548088418242371263e-21
2.663303399674590764e+04 2.349492323988931275e+03 -2.428354167275697546e+04 1.488055259072495806e+00 -2.976122184620743922e-03 1.511997957258885488e-21
2.652607016270741951e+04 2.446201155436348472e+03 -2.407986900727107059e+04 1.341663957099457072e+00 5.861491077652142279e-02 1.545588530292945553e-21
2.656577290433155940e+04 2.426515429916333233e+03 -2.413925747441522617e+04 1.494620921289858018e+00 5.349333053602306487e-02 1.523235474101158092e-21
2.636043639778838042e+04 2.667116300606460754e+03 -2.369332009718192057e+04 1.830687461555336570e+00 -3.952444923599775922e-02 1.547157915564442121e-21
2.608814399478055566e+04 2.927504755549774018e+03 -2.316063923923078255e+04 2.349433189876872330e+00 -9.604274935466191807e-04 1.528432103611567503e-21
2.621143042520793824e+04 2.822040866103986900e+03 -2.338938955910395089e+04 1.734515453123636419e+00 5.107047483415973893e-02 1.487672447195200348e-21
2.595037683115488471e+04 3.123838992229466385e+03 -2.282653783892541833e+04 3.921226885786687433e+00 -9.071742740713406583e-02 1.474215676528278142e-21
2.611575976469660236e+04 2.959269634519287592e+03 -2.315649013017731340e+04 2.342599320790404338e+00 -4.596050706968111271e-02 1.525373353373024424e-21
2.603078475160180824e+04 3.049955393178737722e+03 -2.298082935842307052e+04 2.700934155056408326e+00 -3.750571628515692729e-02 1.566531204688686452e-21
2.577811414208146743e+04 3.336155339121940415e+03 -2.244195880295952520e+04 3.161991380123273299e+00 1.146458560346391015e-01 1.452521829381003453e-21
2.518688293723951574e+04 3.978288026230299693e+03 -2.120859491100921514e+04 3.183311163100771779e+00 3.484641782255348819e-02 1.461354964457305567e-21
2.486262646142992890e+04 4.328799547152339983e+03 -2.053382691427758982e+04 3.255849750126255326e+00 5.561494061175221298e-02 1.460525962516604790e-21
2.445162334283556993e+04 4.813876724260016090e+03 -1.963774661857555475e+04 4.090246772604383629e+00 -1.576837222423851459e-03 1.437060368345615348e-21
2.369488043177691361e+04 5.606280351174101270e+03 -1.808860008060281325e+04 4.283791770300683588e+00 -1.338781576397800321e-01 1.365489544410256784e-21
2.174529737965651293e+04 7.782609416996900109e+03 -1.396268796265961282e+04 4.630419219710425693e+00 -4.774650069215239517e-02 1.204621282846079678e-21
