0.000000000000000000e+00 3.141617523395150056e+04 3.141617523395150056e+04 nan 3.123867718928779524e+01 3.215527055863990680e-25
1.926431211063960876e-94 3.142032639638562250e+04 3.142032639638562250e+04 5.024978705691455616e+01 8.359720444436680609e+00 3.229321809898089964e-25
1.455643914789489508e-43 3.141567092796077486e+04 3.141567092796077486e+04 2.359444267840430243e+01 3.807519788614939671e+00 3.216300805568163527e-25
1.015124207399625646e-25 3.141747208206004143e+04 3.141747208206004143e+04 1.339730875096767448e+01 1.287141960750866732e+00 3.215696011680188747e-25
2.138223680793650897e-17 3.142671672690166815e+04 3.142671672690166815e+04 8.011867134188952022e+00 -3.919592025675814884e-01 3.229404103625444745e-25
8.780553471640422066e-13 3.141732528184736657e+04 3.141732528184736657e+04 6.229777078277496827e+00 3.570450299964267882e-01 3.222093870009320281e-25
2.492793730312111620e+03 2.876496762487273372e+04 2.627217389456062301e+04 4.497186012732709237e+00 -2.529674287736100591e-01 1.335283159504097191e-22
1.604772208415441310e+04 1.408993963331535087e+04 -1.957782450839062221e+03 1.541317302680162449e+01 2.335637284275522696e-02 8.767816118110619509e-22
2.440095305817341432e+04 4.840357617314258277e+03 -1.956059544085915695e+04 1.386667358399679983e+01 -5.474807035281383655e-02 1.422580030955986676e-21
2.602977815607832963e+04 2.962467212172540258e+03 -2.306731094390578801e+04 1.021427152545033401e+01 7.851307956719751069e-02 1.544345952181499231e-21
2.652459223016729447e+04 2.447881874958502522e+03 -2.407671035520879377e+04 7.049096271574893935e-01 -3.249618282122912830e-03 1.506542434449529992e-21
2.665136980934677558e+04 2.282512216126376188e+03 -2.436885759322040030e+04 6.665484070194714894e-01 1.055385288992839732e-02 1.584029769959362683e-21
2.665961027186402862e+04 2.278114244697218965e+03 -2.438149602716680965e+04 1.378387204153210588e+00 1.752478918343326406e-02 1.516243671870160262e-21
2.662787469076052366e+04 2.301096993539410960e+03 -2.432677769722111407e+04 6.600706684299938454e-01 -3.848915755368345626e-02 1.492693026784428581e-21
2.667491885804264894e+04 2.280475410091141384e+03 -2.439444344795150755e+04 1.454325208415187420e+00 -1.368914838733167492e-03 1.500501114566216955e-21
2.669526987119640398e+04 2.259037522193121276e+03 -2.443623234900328316e+04 1.020156796718227232e+00 1.154334600901729679e-01 1.566262074714651783e-21
2.663340637905027688e+04 2.351449263180736580e+03 -2.428195711586953985e+04 1.833923939119002755e+00 -5.792814739934165624e-02 1.510138794774527819e-21
2.650591116903004877e+04 2.474793410398642663e+03 -2.403111775863140792e+04 1.605747051183670449e+00 2.035778563991856860e-01 1.525506507708693705e-21
2.654384197227890400e+04 2.442193067251757839e+03 -2.410164890502714479e+04 1.394154669226792764e+00 2.085508036918746477e-01 1.543242602652054537e-21
2.635324115880231329e+04 2.626837245038534093e+03 -2.372640391376378102e+04 2.190618042398927656e+00 8.940518452222705192e-02 1.540167867316421735e-21
2.635363138161049574e+04 2.663520103458259200e+03 -2.369011127815223517e+04 2.685970385063713994e+00 -5.027543206756956984e-02 1.540537607074415085e-21
2.604736503915197318e+04 2.988652634142008083e+03 -2.305871240500996646e+04 1.497737746267310932e+00 -6.549966148975659708e-02 1.544086831437397229e-21
2.618668628965741664e+04 2.854756665835740023e+03 -2.333192962382167752e+04 2.502594481356156919e+00 6.873644195190613260e-02 1.560631787208620737e-21
2.606211381417540542e+04 2.965072650054674796e+03 -2.309704116412073199e+04 2.932329675582274309e+00 1.495620924236810978e-01 1.510129532861770911e-21
2.612247257805109621e+04 2.880884518004032998e+03 -2.324158806004706275e+04 2.848759718663190110e+00 -2.202487058134304163e-02 1.468826057330174093e-21
2.558800688167382395e+04 3.531996471877741442e+03 -2.205601040979608297e+04 2.505300753888333176e+00 -7.839628085858059772e-03 1.446024131193023216e-21
2.540621647306051818e+04 3.732833195701593468e+03 -2.167338327735892381e+04 2.994187682121331573e+00 -9.867244228596643019e-02 1.487500120505187708e-21
2.542502168737567627e+04 3.751762104800666748e+03 -2.167325958257501043e+04 1.897818502685443276e+00 -5.378437709807439709e-02 1.492419000855204970e-21
2.383635374436606799e+04 5.466175766639768881e+03 -1.837017797772630001e+04 2.651187504791439498e+00 -6.314814379567751379e-02 1.357585133671106686e-21
2.374377002975395590e+04 5.636111491118801496e+03 -1.810765853863515440e+04 2.729923435590146941e+00 8.351520135063981998e-02 1.404656088539074811e-21
2.199803619381794124e+04 7.546454340805892571e+03 -1.445158185301204867e+04 5.579778184814753850e+00 -8.174806755721812646e-02 1.247648763756097901e-21
