0.000000000000000000e+00 3.141316294214688241e+04 3.141316294214688241e+04 nan 3.575119496846022571e+01 3.203038156921284029e-25
2.150381493375524242e-94 3.141293559004753843e+04 3.141293559004753843e+04 5.358487302984192269e+01 1.259218033957559868e+01 3.200767705213166358e-25
1.566464481959588762e-43 3.142323291067297760e+04 3.142323291067297760e+04 2.292625911483685286e+01 3.620974555999433520e+00 3.223196366154672660e-25
1.064000429308354127e-25 3.142430956929117383e+04 3.142430956929117383e+04 1.472938648880704449e+01 1.420551243138266750e+00 3.227356404555031021e-25
2.112334476158888595e-17 3.141174953954024022e+04 3.141174953954024022e+04 7.938581998914979287e+00 1.648319988526934232e-01 3.201559145679331690e-25
3.584654538806598291e-12 3.142060204790088028e+04 3.142060204790087664e+04 6.186736142868241473e+00 5.575911759743554796e-01 3.221031388166714710e-25
2.330763670695038400e+03 2.894741421660769629e+04 2.661665054591265653e+04 4.189136377458942739e+00 -2.660120325009065478e-01 2.425247407696704856e-22
1.634597450638887494e+04 1.378910597579361274e+04 -2.556868530595262200e+03 1.436944266091579436e+01 -4.108474639809506918e-02 1.518631786076328693e-21
2.498243706720658520e+04 4.260194128841989368e+03 -2.072224293836459401e+04 8.182181937583022702e+00 3.462085041048674344e-02 2.564665564343406557e-21
2.627153595039327411e+04 2.732012355737684175e+03 -2.353952359465559130e+04 3.738373687494219499e+00 3.611585366523580726e-02 2.546056408584154829e-21
2.646791059059453983e+04 2.556127752351508661e+03 -2.391178283824303071e+04 7.128178060820530959e+00 1.054716813877388110e-01 2.495365276853827613e-21
2.659102300410482712e+04 2.334870319845990252e+03 -2.425615268425883551e+04 7.264861060741166776e-01 -7.197615482791647201e-02 2.469611223279034573e-21
2.661171434302893613e+04 2.292681050426157071e+03 -2.431903329260278042e+04 7.826836897360305301e-01 1.146006261615312716e-01 2.544174023839395156e-21
2.667044835262101333e+04 2.281080576288542034e+03 -2.438936777633247038e+04 6.664071186586503215e-01 6.895874131310511523e-02 2.605265154591629728e-21
2.669414944952883889e+04 2.265603453400181024e+03 -2.442854599612865786e+04 1.144002997896588658e+00 1.212274081628367250e-01 2.668196603342472586e-21
2.669761593450023065e+04 2.280503100871183051e+03 -2.441711283362904942e+04 6.910503251418838033e-01 1.520338183858475911e-01 2.717637875621942039e-21
2.666320455856957415e+04 2.277716513554204084e+03 -2.438548804501536870e+04 8.941926344043832353e-01 5.787191167483286131e-02 2.581471340641508735e-21
2.651146355667033640e+04 2.476325572467840175e+03 -2.403513798420249805e+04 2.394810891097103767e+00 5.982059951492377931e-02 2.510075513718900336e-21
2.639585800899467722e+04 2.579779154221308090e+03 -2.381607885477336822e+04 4.376859139922447461e+00 7.417334137552394208e-03 2.576833349141524515e-21
2.642281673142658110e+04 2.592682458557196696e+03 -2.383013427286938531e+04 3.980759968598398757e+00 -3.003349840233976789e-02 2.583041105687662361e-21
2.616134052851000888e+04 2.894687186754522827e+03 -2.326665334175548560e+04 1.605121647546230435e+00 9.517255578677223660e-02 2.659850857381738219e-21
2.629291181719204178e+04 2.750272172796984250e+03 -2.354263964439505799e+04 2.331100546469081713e+00 -1.154200099451546252e-01 2.600870138690189673e-21
2.607910788148836218e+04 2.959501509632091711e+03 -2.311960637185626911e+04 3.502252475745228022e+00 9.360745775192813589e-02 2.611978008095371932e-21
2.588429956075696828e+04 3.200365131532112628e+03 -2.268393442922485701e+04 2.964483359990831790e+00 1.190179684662105442e-01 2.609221011651105431e-21
2.561279215422964990e+04 3.498446073242846069e+03 -2.211434608098680474e+04 2.124617938225604963e+00 -7.976818783172252847e-02 2.600547286959630771e-21
2.592343673202730861e+04 3.136583795452856521e+03 -2.278685293657445072e+04 1.455993554452984284e+00 5.253853223508634512e-02 2.533956158021366071e-21
2.570807941673013920e+04 3.382723229900394017e+03 -2.232535618682974382e+04 2.560851626746775356e+00 -1.498020494945482423e-02 2.583966772609509676e-21
2.477880267552345686e+04 4.444919588506634682e+03 -2.033388308701682399e+04 2.501690193211426827e+00 -4.094404274939465044e-02 2.349010657068613161e-21
2.416905524636360497e+04 5.157439838299028452e+03 -1.901161540806457560e+04 4.529393028719966630e+00 -4.950939977305415796e-02 2.362641342304650910e-21
2.384811744891198032e+04 5.521610361962898423e+03 -1.832650708694908099e+04 2.988771823944812667e+00 6.749740904182589818e-02 2.370668475360446486e-21
2.242005838699590822e+04 7.053267580900418579e+03 -1.536679080609549055e+04 4.242878588698541620e+00 -9.593415924293675900e-02 2.145267969879306611e-21
