0.000000000000000000e+00 3.142105221339462878e+04 3.142105221339462878e+04 nan 3.054883939034668927e+01 3.213434325108958405e-25
2.102064128094027488e-94 3.141521055040144347e+04 3.141521055040144347e+04 5.022652155276730213e+01 8.761893965003194396e+00 3.202078605884630490e-25
1.460498630022612581e-43 3.141141223246223672e+04 3.141141223246223672e+04 2.479906090434901955e+01 5.075546180920583517e+00 3.193405627315629535e-25
1.036667515621198089e-25 3.140859753038502822e+04 3.140859753038502822e+04 1.305543734037161663e+01 1.261539079233154892e+00 3.205135817933018974e-25
2.176320022563152903e-17 3.142323453902933034e+04 3.142323453902933034e+04 9.085880877899610297e+00 1.613286393773274707e-01 3.230300139463079235e-25
5.368797567921061542e-12 3.141025220987298599e+04 3.141025220987298235e+04 5.698520334735469817e+00 4.640672562882487973e-01 3.209588833326464081e-25
2.322635855257387902e+03 2.895282101730694194e+04 2.663018516204955449e+04 5.178858172670159910e+00 -2.808020024472193676e-01 2.307955205684694690e-22
1.605348593842813170e+04 1.412276872152522992e+04 -1.930717216902901782e+03 4.866540933152619708e+00 -1.724766872781128280e-01 1.464872409507008347e-21
2.453984536303392088e+04 4.703275092253556068e+03 -1.983657027078036481e+04 7.021459596624368693e+00 3.714758032859920983e-02 2.377660043257012046e-21
2.609067662917822236e+04 2.878325007851347891e+03 -2.321235162132687401e+04 8.466009297669110367e+00 -2.175873323794319525e-02 2.575582832167354144e-21
2.652514439712871535e+04 2.456882991074552592e+03 -2.406826140605416367e+04 1.144385658681534323e+01 5.530385313208315695e-02 2.624078652518144951e-21
2.659096936364895737e+04 2.373893330370819058e+03 -2.421707603327813922e+04 3.155470197991750325e+00 8.373962613760659035e-02 2.847053616532012573e-21
2.665184721474547405e+04 2.282959454594597446e+03 -2.436888776015087569e+04 7.345927592261061179e-01 1.105978243883544571e-01 2.667132933573088810e-21
2.674434035930677419e+04 2.245399728394168960e+03 -2.449894063091260614e+04 8.733075959156620938e-01 7.141705448731990036e-02 2.777768170084506964e-21
2.672064661299401996e+04 2.293526772287374115e+03 -2.442711984070664766e+04 9.591019257557285016e-01 1.529409371251521932e-01 2.564676238852247023e-21
2.664429274535038348e+04 2.327708650331952867e+03 -2.431658409501843198e+04 2.830001043473246991e+00 -9.728098112025185262e-02 2.486595419005546363e-21
2.671310520718524640e+04 2.278156964407815394e+03 -2.443494824277743101e+04 7.072636345737742802e-01 1.427005024475895834e-01 2.645965667018362075e-21
2.667542889243842365e+04 2.349195691474618343e+03 -2.432623320096380485e+04 2.072226613952012908e+00 -2.445654337712954707e-02 2.525995089216326173e-21
2.658500679437741928e+04 2.446195257868536828e+03 -2.413881153650888155e+04 2.706462010780533944e+00 1.722881702789371416e-01 2.691276002074384348e-21
2.641753119310210968e+04 2.564054692561790944e+03 -2.385347650054031692e+04 2.055254260442550773e+00 -8.677101682749227551e-02 2.556082632031641547e-21
2.623785423650533630e+04 2.800960881879220779e+03 -2.343689335462611416e+04 1.402177058936782572e+00 -6.119840420971850437e-02 2.710864771272797495e-21
2.605167312691901316e+04 3.074662454962773609e+03 -2.297701067195623909e+04 1.808074284886261651e+00 -4.761937118959484044e-02 2.497625430521264454e-21
2.607095944479753234e+04 2.969229480602246895e+03 -2.310172996419528499e+04 2.525686259138933298e+00 -9.248929906372531373e-02 2.621005955650631495e-21
2.602955492066081206e+04 3.018630292355413076e+03 -2.301092462830539807e+04 2.993909380973546863e+00 9.165856603022198151e-03 2.685249728691309925e-21
2.590838336604438155e+04 3.158951753206918056e+03 -2.274943161283746304e+04 2.535278091735321482e+00 2.368077684415713924e-01 2.670072277451160203e-21
2.571005990693392960e+04 3.435527524810685009e+03 -2.227453238212324504e+04 3.728141152203720665e+00 -1.733682828407312124e-02 2.632876609016436536e-21
2.551347143789343318e+04 3.610673998585104073e+03 -2.190279743930832774e+04 3.331352031966600791e+00 -4.922097988358033888e-02 2.574207775708364054e-21
2.482084240677960406e+04 4.369708046363301946e+03 -2.045113436041630121e+04 2.434254410956381509e+00 5.846703248740067055e-02 2.400786198589760597e-21
2.401954399465530878e+04 5.332858813319241563e+03 -1.868668518133606631e+04 3.423232846233821292e+00 -7.095329760976151930e-03 2.325296723529438750e-21
2.340884730361436959e+04 6.010569465599483920e+03 -1.739827783801488476e+04 4.990583167544870413e+00 4.357704668035738277e-02 2.204959857914634508e-21
2.187433630304675171e+04 7.681373376286654093e+03 -1.419296292676009762e+04 3.495099810987572386e+00 -3.468556004975689028e-02 2.173601020923946202e-21
