0.000000000000000000e+00 3.141766384110874424e+04 3.141766384110874424e+04 nan 3.305707276860544397e+01 3.209992717919131996e-25
1.758101160259290448e-94 3.141448407819387285e+04 3.141448407819387285e+04 5.409198072659228984e+01 8.380899117653049402e+00 3.200206673158922658e-25
1.645654523076456407e-43 3.142268425072369064e+04 3.142268425072369064e+04 2.242971285696448192e+01 3.296472677381195648e+00 3.231465978084166926e-25
1.140629924131288263e-25 3.142479471378136441e+04 3.142479471378136441e+04 1.209767841963100210e+01 1.537181577338597060e+00 3.235031876895741404e-25
2.239616934863052506e-17 3.142990552518173354e+04 3.142990552518173354e+04 7.659931592640600861e+00 -4.325084365633446448e-01 3.251102485686074542e-25
3.474190770789641196e-12 3.141559871901104634e+04 3.141559871901104270e+04 5.923764140231537745e+00 4.940096642310287667e-01 3.205313886965853577e-25
2.715818004025872142e+03 2.853126896393644711e+04 2.581545095991057315e+04 4.281181068621012997e+00 -1.616459955952800620e-01 1.558736684158129526e-22
1.660855755021328150e+04 1.345193576072678297e+04 -3.156621789486498528e+03 4.550769202177719741e+00 -1.510653570496672815e-01 9.263549185790127152e-22
2.404692568840827880e+04 5.212545168594914685e+03 -1.883438051981336321e+04 1.133432938000004775e+01 -7.264911831676314213e-02 1.366718015738332261e-21
2.612209077491245989e+04 2.876962840121037516e+03 -2.324512793479142420e+04 7.275628025410502353e+00 2.890148039060827165e-02 1.497465579215930144e-21
2.667903315868689970e+04 2.314073311699822625e+03 -2.436495984698707616e+04 7.299795996058424663e-01 1.895952980648943076e-01 1.537501061165953146e-21
2.667126847934888792e+04 2.299458436369848641e+03 -2.437181004297903928e+04 1.033894184964072371e+00 -3.263246634322127665e-02 1.503268176252194942e-21
2.671039127031799217e+04 2.258937987602312205e+03 -2.445145328271567996e+04 6.889821249411834936e-01 1.609943715242999618e-01 1.531077933774835503e-21
2.671157747462513726e+04 2.256245937404048618e+03 -2.445533153722108909e+04 5.803339282937428623e-01 8.260743052283682497e-02 1.588961334565996729e-21
2.667554305147244668e+04 2.300603692380825123e+03 -2.437493935909162246e+04 9.509363678439083367e-01 2.442646335043095404e-02 1.504574802326010186e-21
2.667952565308913108e+04 2.272990575460727996e+03 -2.440653507762840309e+04 1.083464094309484205e+00 4.539922607423810957e-02 1.485390765283722986e-21
2.661270238011870242e+04 2.366117867628949625e+03 -2.424658451248975325e+04 2.584579587127853184e+00 4.374155940470331183e-02 1.504982490543890557e-21
2.653061183026783328e+04 2.418090719207774782e+03 -2.411252111106005759e+04 1.207882714715855288e+00 -3.285743541719773203e-02 1.493524526238989868e-21
2.658441113449256591e+04 2.431403924516580901e+03 -2.415300720997598546e+04 4.002901460827001934e+00 1.353686647456337801e-02 1.549057043727354530e-21
2.632912402411431322e+04 2.651596600217123068e+03 -2.367752742389719060e+04 4.408594484243397282e+00 2.532881246036906495e-02 1.495019878804977258e-21
2.637648264890971041e+04 2.665950896224114331e+03 -2.371053175268559426e+04 3.135703204504106001e+00 8.550699153558927179e-02 1.530626818272760810e-21
2.617193989036367930e+04 2.868669495491340967e+03 -2.330327039487233924e+04 2.670006987211916538e+00 1.832125188368243229e-01 1.499683303568214624e-21
2.617259002679190598e+04 2.890053663926680656e+03 -2.328253636286522669e+04 1.771416572160981362e+00 9.377159334070712948e-02 1.556584315188774115e-21
2.600786742146650431e+04 3.063559685010476187e+03 -2.294430773645602676e+04 2.711480529886645119e+00 6.381918331578470549e-02 1.473867947879403415e-21
2.615463424876209319e+04 2.910399293033127833e+03 -2.324423495572896354e+04 4.083098155973523546e+00 6.658403575513059669e-02 1.529183361249743094e-21
2.583734814878992984e+04 3.254537360934444678e+03 -2.258281078785548380e+04 3.014715966391146917e+00 1.107379274774758504e-01 1.490982167334723251e-21
2.553457162214847631e+04 3.566779270481823914e+03 -2.196779235166665239e+04 2.896664401705509650e+00 -8.720107805498866771e-02 1.485980392037825613e-21
2.488553083315374533e+04 4.264348271297843894e+03 -2.062118256185590144e+04 4.675542619947274936e+00 1.995183861280340129e-02 1.422472874925054307e-21
2.474740014123847504e+04 4.536451664852042995e+03 -2.021094847638643114e+04 2.524702361870759582e+00 -8.071500491564810587e-02 1.383144776196299726e-21
2.370119152601380119e+04 5.682927205327637239e+03 -1.801826432068616487e+04 5.169340131491513723e+00 1.955876224051912235e-02 1.318350192589498168e-21
2.239555048172062743e+04 7.156831352312166928e+03 -1.523871912940846050e+04 5.416825526279743563e+00 3.925144794825080607e-02 1.301292433873526274e-21
