0.000000000000000000e+00 3.141663049715079251e+04 3.141663049715079251e+04 nan 3.756959134379287235e+01 3.210278155940840188e-25
1.841788309313970960e-94 3.141528210305844186e+04 3.141528210305844186e+04 5.585674420933506923e+01 8.427226631414415081e+00 3.210753908213809184e-25
1.763980023073156645e-43 3.141517497410706346e+04 3.141517497410706346e+04 2.225151360959685221e+01 3.751672573643304531e+00 3.216247261126895003e-25
9.661711465648547065e-26 3.142032090889590836e+04 3.142032090889590836e+04 1.287071855598325065e+01 1.740672572945371144e+00 3.217713026221539672e-25
2.646209901147823670e-17 3.142310924046088985e+04 3.142310924046088985e+04 8.467509156431605177e+00 3.348551489014584548e-01 3.216527261259153123e-25
8.189027852404197083e-13 3.140509329869993599e+04 3.140509329869993599e+04 5.688724659541947837e+00 6.513277537264515749e-01 3.182063965458380695e-25
2.002335376504310034e+03 2.928874813531792097e+04 2.728641275881361071e+04 4.227007226768667358e+00 -2.176186667353293414e-01 1.991882862330325684e-22
1.679970088031296109e+04 1.331124057995691146e+04 -3.488460300356049629e+03 1.427430044251636332e+01 -3.421382674534840379e-02 1.589732401938301453e-21
2.409432074958362500e+04 5.131414975237253202e+03 -1.896290577434637089e+04 1.020470833210937478e+01 1.409607315858580623e-01 2.319809157389706850e-21
2.611011119003817657e+04 2.856151079963028224e+03 -2.325396011007514971e+04 6.767081365988517838e+00 -3.390916275515725581e-02 2.524556003954393031e-21
2.651566467193451535e+04 2.433623644448640334e+03 -2.408204102748587320e+04 1.014749986446430663e+00 -2.816907367880425173e-02 2.428021436655972578e-21
2.673254287109157667e+04 2.254288217483753670e+03 -2.447825465360782255e+04 7.789232460451048778e-01 -1.057091011409763692e-01 2.593356989521219747e-21
2.668264009064434140e+04 2.262197917914733353e+03 -2.442044217272960668e+04 8.917707011148284790e-01 -1.212657308398724793e-01 2.640250286083193833e-21
2.667692130085412646e+04 2.274191638717145452e+03 -2.440272966213698237e+04 8.503886686261763472e-01 1.371197396203120700e-01 2.671743722056111558e-21
2.666186257369400482e+04 2.272156243693525084e+03 -2.438970633000048110e+04 6.523562232706846542e-01 1.115283438405043487e-01 2.688214809462111145e-21
2.663287376509802198e+04 2.282012337075188043e+03 -2.435086142802283575e+04 8.193469203877975504e-01 -7.857883904776034878e-02 2.615906728509303091e-21
2.669385601729010523e+04 2.288305120787326359e+03 -2.440555089650278023e+04 7.820953834693568085e-01 5.228473019071264161e-02 2.611173765074709222e-21
2.670133632138516987e+04 2.268379647326582926e+03 -2.443295667405858694e+04 7.526159431023314861e-01 5.465610790710703076e-02 2.582756906500148688e-21
2.659408970568768200e+04 2.436021462487597091e+03 -2.415806824320008309e+04 1.752248358703851983e+00 2.214774995523597842e-02 2.568929389044931713e-21
2.643982233484040626e+04 2.534858683956677396e+03 -2.390496365088372841e+04 1.981073778015689735e+00 1.467770731744513779e-02 2.560440018569270720e-21
2.633653380862308404e+04 2.614491761238525214e+03 -2.372204204738455883e+04 8.195139569760091502e-01 2.428959418455459707e-01 2.568908916245548316e-21
2.612748717906077218e+04 2.943448257727268356e+03 -2.318403892133350382e+04 1.935545066357163835e+00 -1.025165424978566418e-03 2.692159048232895238e-21
2.612445459209970431e+04 2.968871737289172415e+03 -2.315558285481053099e+04 1.722113314882400159e+00 -5.701577758119585893e-02 2.658593240692555881e-21
2.589233174060543388e+04 3.192234989394346030e+03 -2.270009675121108739e+04 2.307395170442871901e+00 -6.060631093382512491e-02 2.665860801290104518e-21
2.601361751858098069e+04 3.059839599057841042e+03 -2.295377791952314146e+04 1.617049912309769910e+00 -7.286124649628535066e-02 2.524221025039479665e-21
2.589422109812787312e+04 3.242958731768235339e+03 -2.265126236635963869e+04 2.630909313472148181e+00 6.551000039493415361e-02 2.690548301527053627e-21
2.532774946656163229e+04 3.859024785441682980e+03 -2.146872468111995113e+04 2.128648433656954886e+00 3.264467453228769162e-02 2.561802115306105072e-21
2.471849830286644283e+04 4.533934100026730448e+03 -2.018456420283971238e+04 2.494046203438509579e+00 -2.846308526510452075e-03 2.482746902249971833e-21
2.416564294171644360e+04 5.106779226860619929e+03 -1.905886371485582276e+04 2.327133407408684462e+00 -8.065283859696818769e-02 2.353773369613987043e-21
2.294102493168271758e+04 6.532598638770853540e+03 -1.640842629291186313e+04 4.452620105541002182e+00 -5.152703271700655868e-02 2.205398547957832602e-21
2.246836020368821846e+04 7.037966994479063942e+03 -1.543039320920915452e+04 4.977293575500081779e+00 -1.051600667996329119e-01 2.154840634913691298e-21
