0.000000000000000000e+00 3.141438765032957599e+04 3.141438765032957599e+04 nan 3.756959131785488637e+01 3.199481587646038750e-25
2.127661126805777242e-94 3.141756230791817143e+04 3.141756230791817143e+04 5.048281906401433616e+01 8.372754675178299522e+00 3.210755845132980059e-25
1.437449439143576698e-43 3.141334691732911233e+04 3.141334691732911233e+04 2.223357839584626205e+01 3.377932300581832692e+00 3.210585734959802325e-25
1.045248860543207699e-25 3.141521158144374203e+04 3.141521158144374203e+04 1.186536369243857081e+01 1.584636626346660471e+00 3.219329795059339749e-25
2.249243831335498856e-17 3.142365286623339489e+04 3.142365286623339489e+04 8.382485868251892569e+00 2.872427181761413317e-01 3.220572940774822775e-25
5.514697587780017742e-12 3.142200384640274933e+04 3.142200384640274206e+04 5.782268677001795254e+00 8.426667210804791308e-01 3.207097062489364044e-25
1.662387773566336364e+03 2.964643310047186242e+04 2.798404532690552514e+04 4.281305444052278197e+00 -2.304395078000231190e-01 1.677828092669136238e-22
1.615454538007862175e+04 1.398923450270273133e+04 -2.165310877375890414e+03 1.155154372050685474e+01 2.270702947689467663e-02 1.661824676451119045e-21
2.370118052790295405e+04 5.572954995988233350e+03 -1.812822553191472252e+04 1.076219214496959609e+01 -4.904724384019737426e-02 2.256887688441732699e-21
2.612631625739406445e+04 2.890410150974912995e+03 -2.323590610641915191e+04 1.020564058591937417e+01 3.607193368279804774e-02 2.488547307580993446e-21
2.664247917695820433e+04 2.379127361599094456e+03 -2.426335181535911033e+04 1.160516026874094164e+00 5.696393997004699401e-03 2.673936765087604922e-21
2.667700034380893339e+04 2.283905456515315109e+03 -2.439309488729361692e+04 9.676621169735972749e-01 1.793241304074740528e-01 2.650740645397005871e-21
2.671063432788084174e+04 2.269025947492052182e+03 -2.444160838038878865e+04 9.094769329596755769e-01 2.126186412766140899e-01 2.656191799105376874e-21
2.665831921409256393e+04 2.275393720536738783e+03 -2.438292549355582378e+04 6.674333156596513605e-01 -4.324741782009478008e-02 2.624141445123278288e-21
2.670604103145969930e+04 2.261642401352135494e+03 -2.444439863010756380e+04 9.877603232874041517e-01 1.466053177473611580e-01 2.597447676626561412e-21
2.668434138785490359e+04 2.290289975155385946e+03 -2.439405141269951855e+04 6.787386184203669792e-01 -1.334140215817641861e-01 2.652926186469837424e-21
2.661304922317223100e+04 2.331518454496223512e+03 -2.428153076867600612e+04 1.413424460671213412e+00 2.804810112614808948e-01 2.522147145217580730e-21
2.664517891463650449e+04 2.347844278858811322e+03 -2.429733463577769362e+04 2.512471682097081604e+00 -9.193542358593868868e-02 2.491196244796308646e-21
2.663119192506774198e+04 2.372741815594602485e+03 -2.425845010947313858e+04 1.177936185172688832e+00 -3.594003041991069430e-02 2.459440146960823218e-21
2.639237188238115050e+04 2.597246842040947740e+03 -2.379512504034020094e+04 1.367491227063721837e+00 -1.182457358247035635e-02 2.665691329735926577e-21
2.615991212818312124e+04 2.846595122519463985e+03 -2.331331700566365907e+04 1.634628830169706282e+00 1.001790220196185494e-01 2.511065742706503214e-21
2.595637026321189842e+04 3.058701251440919805e+03 -2.289766901177098043e+04 1.766696873177068916e+00 1.433861345152284417e-01 2.684281105254067534e-21
2.621185813500655786e+04 2.822299558600323053e+03 -2.338955857640623435e+04 2.914509207874512953e+00 -5.682563838971130266e-02 2.532614447753698732e-21
2.584915074965068197e+04 3.200507038862763238e+03 -2.264864371078791737e+04 1.667814516459324992e+00 -3.879208918091334168e-02 2.518889874165246840e-21
2.590193003292918729e+04 3.164004456709973056e+03 -2.273792557621921515e+04 3.027362848522658467e+00 -5.883584608279077144e-02 2.735656671496399800e-21
2.571209340004828118e+04 3.388658813889834164e+03 -2.232343458615844793e+04 3.370060173861351149e+00 1.160340636051347546e-01 2.435469176007838359e-21
2.525402601076592691e+04 3.885138748045736065e+03 -2.136888726272019267e+04 2.346968263191886450e+00 -1.866144504974018639e-02 2.581560019658049004e-21
2.461542289352561784e+04 4.621275088533831877e+03 -1.999414780499178596e+04 3.364052126530602038e+00 -2.444513957475701049e-01 2.423992250262317870e-21
2.420936001135798870e+04 5.107881926304275112e+03 -1.910147808505371358e+04 4.215849584175338727e+00 6.586217976565493515e-02 2.413416517493467377e-21
2.348401836496251781e+04 5.960599651103249016e+03 -1.752341871385926788e+04 3.150925189444556906e+00 -5.808307032851343227e-02 2.273379118291195142e-21
2.260020127269297154e+04 6.900863773183458761e+03 -1.569933749950951278e+04 4.709363488052381364e+00 -1.470339185581331642e-01 2.134316088700681800e-21
