0.000000000000000000e+00 3.142119890755332744e+04 3.142119890755332744e+04 nan 3.605012796180047019e+01 3.223376527065988134e-25
2.079959975691569016e-94 3.141597035479633632e+04 3.141597035479633632e+04 5.025268493199772735e+01 8.712758295045535561e+00 3.213547489831337546e-25
1.653430468669252657e-43 3.141602748003924717e+04 3.141602748003924717e+04 2.099377422045243691e+01 3.471517364427880281e+00 3.213394483733719570e-25
9.380829820082057233e-26 3.141622656742079926e+04 3.141622656742079926e+04 1.236136787136709181e+01 1.527943225749157863e+00 3.210265444497473550e-25
1.932839485112671584e-17 3.142294516164287052e+04 3.142294516164287052e+04 8.309733122116590209e+00 -3.002476105673844708e-01 3.228217861066371632e-25
7.888088600254446659e-12 3.142284982182766544e+04 3.142284982182765816e+04 5.770658406885782021e+00 7.000468321802278959e-01 3.221619923711512622e-25
2.576565159643505922e+03 2.868291202649576735e+04 2.610634686685226188e+04 4.337903616447214894e+00 -2.093899470687047570e-01 2.271214362286164588e-22
1.659773084254048081e+04 1.345372948829819870e+04 -3.144001354242282105e+03 1.044864830739539308e+01 5.184693834436621129e-02 1.561980557625025169e-21
2.438476705204945029e+04 4.865466523653518379e+03 -1.951930052839593191e+04 9.310389258609049534e+00 2.271910707488727921e-01 2.360563524189411329e-21
2.617523218877732143e+04 2.832817351027076256e+03 -2.334241483775024608e+04 6.413366002942571420e+00 1.726299902226083594e-01 2.535089267399354762e-21
2.668363167309049823e+04 2.322405975479477547e+03 -2.436122569761102204e+04 3.893207090556245031e+00 9.382885931132760315e-02 2.444152133800989645e-21
2.665066950491212629e+04 2.328359125292678527e+03 -2.432231037961944821e+04 1.136571474792123393e+00 1.018635324134441467e-01 2.635074372985840776e-21
2.666142852243864399e+04 2.295027280742271159e+03 -2.436640124169637420e+04 9.294640411031185323e-01 8.095667720941072953e-02 2.462856902369072151e-21
2.667730569230581750e+04 2.288851464354686414e+03 -2.438845422795112972e+04 8.948432160743879926e-01 2.546393079061461465e-02 2.640790038123639190e-21
2.664083986289925815e+04 2.315687553363296956e+03 -2.432515230953596256e+04 1.194000093818619712e+00 -6.792807602370500020e-02 2.705440800735400982e-21
2.666371037395692110e+04 2.285835831866135777e+03 -2.437787454209078714e+04 1.114825838805126645e+00 3.964691525829235064e-02 2.570508128591858967e-21
2.662575278432956111e+04 2.317294959019705857e+03 -2.430845782530985525e+04 1.127436307151924888e+00 1.214247513593436495e-01 2.547475166418294783e-21
2.648186860892452751e+04 2.494903767708619853e+03 -2.398696484121590765e+04 2.440463912352381470e+00 8.868624973400833500e-02 2.625192351478771972e-21
2.641721646320350555e+04 2.614508546275067147e+03 -2.380270791692843704e+04 2.024781545167444907e+00 3.182175243235906698e-02 2.685133068301037727e-21
2.647978431368402016e+04 2.522737702013319904e+03 -2.395704661167069935e+04 2.064188723451828356e+00 -3.364729488570791099e-02 2.598824295662685061e-21
2.615962778100065771e+04 2.859931888897726367e+03 -2.329969589210293270e+04 1.686132537128339548e+00 -5.278793732349362777e-02 2.662642688315540247e-21
2.621584762618504828e+04 2.842806539196991253e+03 -2.337304108698805794e+04 4.620327402844917053e+00 -1.201503230218878802e-02 2.640264714998327895e-21
2.600417756848847785e+04 3.077500567810652683e+03 -2.292667700067782425e+04 2.132995779221040333e+00 9.058678833667849206e-02 2.599895805496851964e-21
2.601780612796510832e+04 2.989076860109125391e+03 -2.302872926785598247e+04 5.727319833041858210e+00 -4.190679848353465881e-02 2.599649714029097902e-21
2.590558010658702915e+04 3.180927760306390155e+03 -2.272465234628063990e+04 4.786530293582950790e+00 6.286711974127651321e-03 2.580461006212024745e-21
2.558947521513166066e+04 3.534806085697221533e+03 -2.205466912943443822e+04 3.425573457434275326e+00 1.412359633296318695e-01 2.620655832258103426e-21
2.525309446587550701e+04 3.937014711132614138e+03 -2.131607975474289196e+04 2.813484522849135860e+00 1.065067067033017151e-01 2.351987639995871866e-21
2.464668119454231055e+04 4.579247533236509298e+03 -2.006743366130580034e+04 2.690522187625602246e+00 -6.187266607102545612e-03 2.495168658105903431e-21
2.399120502255516476e+04 5.328928520884862337e+03 -1.866227650167030151e+04 4.324487868185148187e+00 -1.446965237211493387e-02 2.369591023911362469e-21
2.275050872858446746e+04 6.726504619384581019e+03 -1.602400410919988644e+04 5.591096181364293649e+00 6.574786920426037296e-02 2.149539973951682725e-21
2.229461928335714765e+04 7.192902864545505508e+03 -1.510171641881164214e+04 4.731567121581425006e+00 -3.544506015859764242e-02 2.095558725559528028e-21
