0.000000000000000000e+00 3.142092191934989387e+04 3.142092191934989387e+04 nan 3.336043430263282517e+01 3.218928235172190853e-25
2.678065965237439569e-94 3.141592180769344486e+04 3.141592180769344486e+04 4.748497900004642958e+01 7.587546810434756317e+00 3.222068741200599605e-25
1.699521856561187126e-43 3.141541800971638804e+04 3.141541800971638804e+04 2.411868494875568558e+01 3.339331796104376249e+00 3.216601732550826055e-25
1.010305387842175103e-25 3.141846274145764983e+04 3.141846274145764983e+04 1.414739224654875294e+01 1.750083333260164409e+00 3.209647544336156633e-25
2.067690647912941713e-17 3.141642829303394683e+04 3.141642829303394683e+04 9.226145884694689769e+00 1.435245789692584928e-01 3.203422734180756745e-25
7.326059165360913915e-13 3.141762168758887856e+04 3.141762168758887856e+04 5.302582296265040185e+00 4.688209564998495615e-01 3.231466701601506941e-25
2.007973095565457697e+03 2.928819425450440758e+04 2.728022115893894807e+04 4.632204836071296405e+00 -2.240685511097731675e-01 1.891505870881687621e-22
1.637944663398399643e+04 1.375187832818421339e+04 -2.627568305799783047e+03 1.658147105509753061e+01 -6.965859009321606621e-02 1.621580766362955113e-21
2.407600739655220605e+04 5.215362196817737640e+03 -1.886064519973447022e+04 6.805436153588693138e+00 5.448481796898668045e-02 2.291392007195305906e-21
2.608517383409955437e+04 3.000883695535596416e+03 -2.308429013856395613e+04 7.624383007788911648e+00 8.450766555478859965e-02 2.682544467777709397e-21
2.650155030082649682e+04 2.467354092920894800e+03 -2.403419620790560293e+04 nan -2.992499560617521617e-03 2.516109311174864222e-21
2.670552194040895847e+04 2.267464570718103914e+03 -2.443805736969085410e+04 8.929552102738037567e-01 8.070057971569800925e-02 2.549455865842861009e-21
2.672834188765325962e+04 2.234569772914477198e+03 -2.449377211473878197e+04 7.435823034144494192e-01 1.187931335062483891e-02 2.731792830099689893e-21
2.670835414907323866e+04 2.260474773778788858e+03 -2.444787937529445117e+04 1.118872047566755068e+00 8.170254860535124120e-02 2.655662808826553197e-21
2.667364270836169089e+04 2.265650828317548076e+03 -2.440799188004414464e+04 6.028545974011552122e-01 -1.682151873550399510e-02 2.587200572716415143e-21
2.662537040674693344e+04 2.284223374410748420e+03 -2.434114703233618638e+04 7.046474969091267582e-01 1.600821798914112970e-01 2.564281382516198690e-21
2.659492507852082781e+04 2.370416800450474511e+03 -2.422450827807035239e+04 1.874749418909180454e+00 9.115402992609743238e-02 2.544378157482746365e-21
2.658255872470787290e+04 2.410813156913538478e+03 -2.417174556779433624e+04 1.246500435591985312e+00 2.247593880060736078e-03 2.600032877623319560e-21
2.654307740516542253e+04 2.446945956454339921e+03 -2.409613144871108307e+04 1.794396216566758850e+00 1.683159416893876825e-01 2.515321175626784014e-21
2.656335897651005871e+04 2.451039680126519670e+03 -2.411231929638353904e+04 1.403856374584951938e+00 6.513355984739151172e-02 2.560284247648404557e-21
2.594470842827164233e+04 3.062311826790903524e+03 -2.288239660148073744e+04 2.608306482003600824e+00 -3.952790721791319545e-02 2.468590197722051340e-21
2.619881839011096599e+04 2.809762646927479636e+03 -2.338905574318348590e+04 2.443996649031038526e+00 4.867215573399961276e-02 2.528298724926691150e-21
2.623397486420372661e+04 2.782301248634255899e+03 -2.345167361556947071e+04 1.371354942734665405e+00 1.868743336807155153e-01 2.643029092279674724e-21
2.616277625820332105e+04 2.879283160784242227e+03 -2.328349309741907928e+04 2.524670450533771149e+00 -3.567869442902162069e-02 2.668877309324327643e-21
2.590615608321625768e+04 3.186114559133256989e+03 -2.272004152408300070e+04 2.096073947237336199e+00 7.213613305095765982e-02 2.563198334721874739e-21
2.560048805805065058e+04 3.609382489228245049e+03 -2.199110556882240417e+04 4.081388285667910232e+00 -5.067937673561324213e-02 2.549022574791402299e-21
2.529561495525162900e+04 3.895680594665986064e+03 -2.139993436058564112e+04 3.062439755701450661e+00 4.943754711634735372e-02 2.608028389680382950e-21
2.511966342416479893e+04 4.080122722412456824e+03 -2.103954070175234301e+04 2.747715664844395445e+00 8.862093668481811626e-02 2.499543594600348496e-21
2.416193257334378723e+04 5.157104659567194176e+03 -1.900482791377659305e+04 5.309748138372145654e+00 -2.452074862668169805e-02 2.311654318079461479e-21
2.320951242132492553e+04 6.202567047568324597e+03 -1.700694537375660002e+04 3.340706169817770022e+00 1.191684751264008996e-01 2.190289118258340477e-21
2.191901569201330494e+04 7.674317985734904141e+03 -1.424469770627840080e+04 5.955381786026380020e+00 -1.860652023701195867e-01 2.195962929125406617e-21
