0.000000000000000000e+00 3.141948030025605112e+04 3.141948030025605112e+04 nan 3.305707572839568087e+01 3.217786018532219947e-25
1.809948092338909272e-94 3.141249635493562528e+04 3.141249635493562528e+04 5.459042243755290968e+01 8.378764160705308939e+00 3.192078604366398290e-25
1.326275242397694089e-43 3.142007749507629705e+04 3.142007749507629705e+04 2.455582688930345725e+01 3.340731930404051919e+00 3.214457390309584798e-25
1.114308481061664435e-25 3.140816258340623244e+04 3.140816258340623244e+04 1.443774192127471601e+01 1.682706405470089983e+00 3.189950540743699897e-25
2.184460261242302163e-17 3.141721235007016003e+04 3.141721235007016003e+04 8.242717034143259625e+00 4.057911150316497184e-01 3.224435808834108937e-25
4.726408797695166202e-12 3.141613814449381971e+04 3.141613814449381607e+04 5.634075021222312074e+00 6.284935735804855206e-01 3.219443663351695323e-25
2.097991333410705465e+03 2.917554708625581043e+04 2.707755575284510633e+04 4.806669462614521215e+00 -1.332606132206431704e-01 1.072159749653481508e-22
1.664027048306633515e+04 1.344328001084892094e+04 -3.196990472217414208e+03 1.284298527736945772e+01 -7.480881207948131273e-02 9.503822848115244588e-22
2.399527418362761455e+04 5.302659423321930262e+03 -1.869261476030568519e+04 1.173351675502651936e+01 -6.202944854157126922e-04 1.369769521481449584e-21
2.603771445058943937e+04 3.043870772647992908e+03 -2.299384367794144782e+04 5.376870063406936850e+00 4.771561763759851749e-02 1.588338672343726303e-21
2.664856187124035569e+04 2.308139863218664232e+03 -2.434042200802169100e+04 9.309970030339296265e-01 -1.755274346681976183e-01 1.523797976781855833e-21
2.656879990164746414e+04 2.362328545072121869e+03 -2.420647135657534091e+04 4.883151613532208835e+00 1.543018059519089269e-01 1.541074224071075467e-21
2.658598364997879617e+04 2.320602201745546154e+03 -2.426538144823324910e+04 1.326698054090839740e+00 7.509673879632840221e-02 1.518396387563650301e-21
2.662034697339860941e+04 2.297247554099722038e+03 -2.432309941929888737e+04 1.242671104787464564e+00 -9.362129772318062218e-03 1.525373365592866544e-21
2.675328625828279110e+04 2.248557452862531591e+03 -2.450472880542025814e+04 1.061166099375232763e+00 -1.655721934937665063e-02 1.522200584191431997e-21
2.663367938965217036e+04 2.272557647661313240e+03 -2.436112174199085712e+04 6.550083325962748892e-01 -1.557404245087800482e-02 1.528102277112360259e-21
2.665460930208759601e+04 2.315905121506219530e+03 -2.433870418058137511e+04 8.432674402293690585e-01 3.336063410853219030e-02 1.548971282520030436e-21
2.659895203919708001e+04 2.359264356102160946e+03 -2.423968768309491861e+04 2.094450442852567207e+00 -7.820285642752209916e-04 1.531546193451960123e-21
2.659354093407003529e+04 2.389358787993280202e+03 -2.420418214607675327e+04 2.072765539956431091e+00 1.541220703146852639e-03 1.525323329392202018e-21
2.639236186107482717e+04 2.626407056520872175e+03 -2.376595480455395591e+04 2.170997881055969803e+00 -7.507872491084105308e-03 1.534563811115852256e-21
2.633967518161044427e+04 2.757565376497644138e+03 -2.358210980511279922e+04 2.180027647452117634e+00 7.610568108466016224e-02 1.546015981135154520e-21
2.611271031498912998e+04 2.913352243461579292e+03 -2.319935807152754933e+04 2.631828791772408138e+00 1.536270541156957992e-01 1.495279446709283442e-21
2.628424097759359211e+04 2.763254193302907879e+03 -2.352098678429068241e+04 1.520238454322391908e+00 5.805354225211208780e-02 1.499316750345681091e-21
2.578932484033935907e+04 3.311445968105161228e+03 -2.247787887223419966e+04 2.184281962071740857e+00 4.160665540069694024e-02 1.525494935107625431e-21
2.608794967478134276e+04 3.008845834547651521e+03 -2.307910384023369261e+04 1.804108215107015800e+00 1.568522936832426537e-02 1.505436503637250540e-21
2.589591158751907278e+04 3.143150044590483958e+03 -2.275276154292858701e+04 3.522262435925258117e+00 -5.536129913004537301e-02 1.480266094697588465e-21
2.541090812133672807e+04 3.721089065325474166e+03 -2.168981905601125254e+04 3.519156937685148367e+00 1.093039884298839942e-01 1.441109442826121845e-21
2.485574763066961168e+04 4.352278692171165858e+03 -2.050346893849844491e+04 4.129072517000877518e+00 -3.812241054243844379e-02 1.394594639615487884e-21
2.403310471101156509e+04 5.324695446894862471e+03 -1.870840926411670080e+04 2.918302631876620978e+00 -4.551805205233608320e-02 1.412703175877400817e-21
2.290966928036001627e+04 6.536254723446467324e+03 -1.637341455691354895e+04 4.948557694388029837e+00 -9.062983761806425731e-02 1.365891293952106382e-21
2.239363443495201136e+04 7.084942631254782100e+03 -1.530869180369722926e+04 5.723036177052288842e+00 -5.668307242051015549e-02 1.250694242902234192e-21
