0.000000000000000000e+00 3.141807979882285872e+04 3.141807979882285872e+04 nan 3.039835990881238104e+01 3.211806627520987936e-25
2.280123130433166586e-94 3.140598466148147054e+04 3.140598466148147054e+04 4.966893897179539152e+01 8.370002654797859876e+00 3.188474424801960866e-25
1.491179760167479701e-43 3.141770742316505493e+04 3.141770742316505493e+04 2.275954113247441413e+01 3.298440923063903796e+00 3.210699435256408006e-25
1.233460004462376828e-25 3.142039363926446458e+04 3.142039363926446458e+04 1.332233066326645066e+01 1.277873692525299587e+00 3.226538981414464824e-25
1.712714591971797795e-17 3.141252890805196148e+04 3.141252890805196148e+04 8.981215007363870129e+00 -3.002473953740700252e-01 3.217612251134940787e-25
3.493900952130160470e-11 3.141757145787342597e+04 3.141757145787338959e+04 6.409999923555364632e+00 8.389989770539444391e-01 3.200342652168112696e-25
2.076776603074266859e+03 2.921018337156502093e+04 2.713340676849075317e+04 4.412657090842349028e+00 -1.971971142893602646e-01 1.013772967357267291e-22
1.580007120422554908e+04 1.439481991121043393e+04 -1.405251293015115152e+03 1.274932673281064943e+01 -7.383051621539538090e-02 9.147117009477601070e-22
2.405983130346516191e+04 5.193233312037162250e+03 -1.886659799142799966e+04 7.806146400861003976e+00 4.154853638532474830e-02 1.361957052507631350e-21
2.613325101195235038e+04 2.902907021929049733e+03 -2.323034399002329883e+04 8.955577376625571517e+00 -5.192988017734984085e-02 1.488209798969671683e-21
2.661134151323675542e+04 2.372088894684702154e+03 -2.423925261855205463e+04 1.106382696381478681e+00 9.682759947756225394e-02 1.556716574729716478e-21
2.667953594348299521e+04 2.274365978740695937e+03 -2.440516996474230109e+04 7.447853189312931832e-01 -1.011106256155402394e-01 1.541388768490422322e-21
2.668303989296582586e+04 2.275889505408868445e+03 -2.440715038755695787e+04 7.717575158701545091e-01 1.184136622861894361e-01 1.507368490337868859e-21
2.673348477951948007e+04 2.251921516589329713e+03 -2.448156326293015081e+04 7.510687861921141462e-01 3.254571519070308117e-02 1.525062832158439249e-21
2.669861114626326525e+04 2.262384349858462883e+03 -2.443622679640480055e+04 6.560783258945455110e-01 2.560167011918507152e-02 1.562813787182699535e-21
2.661859272535033597e+04 2.304743547067058444e+03 -2.431384917828327889e+04 4.804721919809056274e-01 1.022975720162283553e-01 1.494524866176935628e-21
2.660205050163580017e+04 2.372290139086222098e+03 -2.422976036254957944e+04 1.111780860747044741e+00 6.440006674322852620e-02 1.554095220712359992e-21
2.673557903090846958e+04 2.286064371110000593e+03 -2.444951465979846762e+04 1.163667618611322840e+00 7.409384734012586238e-02 1.522330456159279628e-21
2.645249262967702452e+04 2.516855195383281171e+03 -2.393563743429374153e+04 1.113236753216312991e+00 -3.386420524437908780e-02 1.463049002724847903e-21
2.610156301038147285e+04 2.890525846449194432e+03 -2.321103716393227660e+04 4.050138283535416939e+00 -1.486402205589894554e-01 1.513642473876046747e-21
2.614983517181855859e+04 2.865486920354127506e+03 -2.328434825146443109e+04 2.505025012197664935e+00 5.133905629816875454e-02 1.559924707560905183e-21
2.627862487763585159e+04 2.788638900426287364e+03 -2.348998597720956604e+04 1.972246821989213528e+00 -1.134087509199284000e-01 1.554562825474602619e-21
2.602631504994349962e+04 3.030009033343226292e+03 -2.299630601660027241e+04 4.342275352155800405e+00 -5.130642480564409635e-02 1.497973604113991175e-21
2.619250193033586766e+04 2.845185663549602850e+03 -2.334731626678626344e+04 2.099864495225725047e+00 1.784508081558320788e-02 1.545606643737754381e-21
2.593407126402295398e+04 3.119795487102583138e+03 -2.281427577692037084e+04 2.378276659497258638e+00 -2.027320573903524867e-02 1.500211472257545781e-21
2.580995952514110468e+04 3.280917406988497987e+03 -2.252904211815260715e+04 2.706574413789223588e+00 -1.652460928429698162e-01 1.513589826220725452e-21
2.521731132154168154e+04 3.958654813693588494e+03 -2.125865650784809259e+04 2.444249805041018409e+00 4.523453001894867098e-02 1.463004913767786858e-21
2.495823538887134418e+04 4.239188858967181659e+03 -2.071904652990416071e+04 4.774179731454368358e+00 -1.883878624146163167e-02 1.465908289780477664e-21
2.365290449687003638e+04 5.733873422648369342e+03 -1.791903107422166795e+04 3.556411568099846932e+00 -6.471396419592215232e-02 1.378688367689607392e-21
2.379588135645235889e+04 5.611229952041426259e+03 -1.818465140441093172e+04 3.453131778831493914e+00 1.150529776105399006e-02 1.366153651106660084e-21
2.198927837093749622e+04 7.570118912017434923e+03 -1.441915945892006130e+04 3.561572354946086261e+00 -9.116626207336275822e-03 1.254079037928795058e-21
