0.000000000000000000e+00 3.140927438018864268e+04 3.140927438018864268e+04 nan 3.336043419272242971e+01 3.194303088705307710e-25
2.284457857443404278e-94 3.141632332202920588e+04 3.141632332202920588e+04 4.780589178820510909e+01 8.154299379534370118e+00 3.209584842008809159e-25
1.423291697313230336e-43 3.142036813218280076e+04 3.142036813218280076e+04 2.199343904050979859e+01 3.280734090697448924e+00 3.220217818645278000e-25
1.087528687719671935e-25 3.141140244554766105e+04 3.141140244554766105e+04 1.413843272960797748e+01 1.889997427183001122e+00 3.210385009915110726e-25
2.520956496633199476e-17 3.142370638868297101e+04 3.142370638868297101e+04 8.579294932737488111e+00 3.885440579055783883e-01 3.226921418513301806e-25
3.735963119707501292e-12 3.141081315553428431e+04 3.141081315553428067e+04 5.810171078871776196e+00 5.905664406354421692e-01 3.211276202118595028e-25
2.308171916197424707e+03 2.896044119878088168e+04 2.665226928258345652e+04 3.968559096019045995e+00 -2.360557965901944610e-01 2.036111548373601467e-22
1.592270043000505211e+04 1.421295148957653146e+04 -1.709748940428520655e+03 1.208892784078655502e+01 -2.162504657784408701e-02 1.518669843041333127e-21
2.423216128104859672e+04 4.978318943087720072e+03 -1.925384233796087574e+04 7.889455077411574813e+00 2.581829042755866884e-03 2.340560004882189380e-21
2.612381432905159454e+04 2.879023650166667267e+03 -2.324479067888492864e+04 1.271558278450056712e+01 1.483506020989214524e-01 2.532136769479657369e-21
2.662279010672487493e+04 2.366653143805303444e+03 -2.425613696291957240e+04 1.491479982336207266e+00 -8.020246010368203837e-02 2.606334777862201482e-21
2.668878626565424929e+04 2.264369545622440910e+03 -2.442441672003180793e+04 7.687042039738201105e-01 5.442478518217111309e-03 2.747564067854134649e-21
2.662093957737943856e+04 2.333535329772929799e+03 -2.428740424760650785e+04 1.700928785816984146e+00 2.507661050787138649e-02 2.525020051588771783e-21
2.665538127195731795e+04 2.279054004007010008e+03 -2.437632726795030612e+04 1.010300747122528930e+00 2.999247235377273946e-02 2.614598357573300845e-21
2.670655255863689672e+04 2.269007709574046658e+03 -2.443754484906285143e+04 9.097931524354360144e-01 1.910800287575890530e-02 2.589625783926924528e-21
2.657519345936167883e+04 2.325672519042586373e+03 -2.424952094031909292e+04 9.363815463899745062e-01 -3.620829775730397687e-02 2.631411197062047721e-21
2.663020840161895467e+04 2.309831490893007413e+03 -2.432037691072594680e+04 1.362895636304428004e+00 -1.461405934032620167e-02 2.600715053335485515e-21
2.650218229775968575e+04 2.521772497954885694e+03 -2.398040979980480188e+04 1.460345496587502234e+00 7.192788920214850112e-02 2.631437593404070883e-21
2.647501898107880334e+04 2.517558397132786013e+03 -2.395746058394601641e+04 1.926556636968367542e+00 -8.094173565776458315e-03 2.551601168193966410e-21
2.620831641609582948e+04 2.793865146981248472e+03 -2.341445126911457919e+04 3.335063436577852869e+00 -1.539192633412962696e-01 2.556215903203185292e-21
2.624216937916443931e+04 2.744104196880733525e+03 -2.349806518228370624e+04 2.951146781339383462e+00 1.322603388210314701e-01 2.638593703259253444e-21
2.624672185770411670e+04 2.799216672124463003e+03 -2.344750518557965552e+04 2.135626261079106580e+00 3.647835536716223515e-02 2.624146848348151880e-21
2.620925469188014540e+04 2.866719301702667963e+03 -2.334253539017747607e+04 2.641646115504383996e+00 2.096840817791404132e-01 2.547271883950122391e-21
2.594523428922998573e+04 3.153957797541414493e+03 -2.279127649168857170e+04 3.199748728436674572e+00 1.131116756778955262e-01 2.643003846313703940e-21
2.554050452203264285e+04 3.573187089259945424e+03 -2.196731743277269561e+04 4.349256059490660853e+00 2.499130250461974526e-02 2.349599339682549481e-21
2.586287854635020994e+04 3.263056826746223578e+03 -2.259982171960398773e+04 3.161891410408388836e+00 9.177582147703128301e-02 2.659369155322940996e-21
2.555183940653592435e+04 3.570689974047399573e+03 -2.198114943248852433e+04 4.436364284327120266e+00 1.577735452025726126e-01 2.371342079835616509e-21
2.501486805767337501e+04 4.207576317535759699e+03 -2.080729174013761440e+04 3.058219578221557100e+00 2.846804518654896254e-01 2.450071465008499552e-21
2.370120551243860245e+04 5.664864244077885814e+03 -1.803634126836071664e+04 2.814656020254192370e+00 1.648784707532751914e-01 2.268961798470211553e-21
2.304743996020356280e+04 6.452964778667324936e+03 -1.659447518153623969e+04 2.173529421322487831e+00 -2.166865870362514809e-02 2.264888293953811308e-21
2.273905367572784598e+04 6.757796736170766962e+03 -1.598125693955707902e+04 2.831479906804723612e+00 1.607703554311816843e-02 2.227372740860728171e-21
