0.000000000000000000e+00 3.142127555822339127e+04 3.142127555822339127e+04 nan 3.756959134379287235e+01 3.232161939683372028e-25
2.381569512527839277e-94 3.142387730243645638e+04 3.142387730243645638e+04 4.942188294216842337e+01 8.363493362957255428e+00 3.221932971955892781e-25
1.384297218265858271e-43 3.141043918177362139e+04 3.141043918177362139e+04 2.414532459596442493e+01 3.368984622080513081e+00 3.196887600490444498e-25
1.223126792403638341e-25 3.141734464784000011e+04 3.141734464784000011e+04 1.254440973561761119e+01 1.724635026554481199e+00 3.214330725366571323e-25
2.322829594335415126e-17 3.141880620194473886e+04 3.141880620194473886e+04 8.628412931807689645e+00 3.419246695738766828e-01 3.214380918698693329e-25
7.917077855146188058e-13 3.141486533536811839e+04 3.141486533536811839e+04 5.456428276977937308e+00 4.881744329657474180e-01 3.209244762670848416e-25
2.658360641021631182e+03 2.858938658187365945e+04 2.593102594085202873e+04 4.173431545382210395e+00 -1.842950194631905736e-01 2.264165732870880911e-22
1.577551626957827102e+04 1.440338493849523729e+04 -1.372131331083033729e+03 1.068037625462707751e+01 -7.087982771346505728e-02 1.477987167040679626e-21
2.434053820244925737e+04 4.938288277587501398e+03 -1.940224992486175688e+04 1.078968551784595853e+01 7.461564739496179266e-02 2.492769882680625344e-21
2.601919743584563548e+04 2.969931223979461265e+03 -2.304926621186617558e+04 8.725048595658570605e+00 -4.447992775847069841e-02 2.525542908345727238e-21
2.644364055459596057e+04 2.530829171872649567e+03 -2.391281138272331009e+04 5.853910780650799950e+00 -1.331795510525418669e-01 2.666198151307774518e-21
2.663896089318209852e+04 2.331628630627515577e+03 -2.430733226255458430e+04 8.273483878863875374e-01 5.742228185548189229e-02 2.594411598880865547e-21
2.679560762767250344e+04 2.240365817890495236e+03 -2.455524180978200820e+04 1.020187420099409437e+00 1.244755232881558094e-01 2.601662182484940484e-21
2.670332366732008086e+04 2.303115961207559849e+03 -2.440020770611252010e+04 1.280348665286023424e+00 -5.104399030620080518e-02 2.454011103632960072e-21
2.666734270711167846e+04 2.268060300720896066e+03 -2.439928240639078285e+04 8.467301810667918760e-01 -4.111475340857224242e-02 2.687787494363229938e-21
2.667982172581415944e+04 2.287786891888036280e+03 -2.439203483392612179e+04 8.823178091981516147e-01 -9.420026329224139017e-02 2.709043444526231032e-21
2.663942916594383496e+04 2.323307718039988686e+03 -2.431612144790384627e+04 9.839798252928044775e-01 1.758716764202784139e-02 2.529666223677292343e-21
2.660561367915907249e+04 2.352769601611398230e+03 -2.425284407754767381e+04 1.368459419571845137e+00 4.821014349751821110e-02 2.615118508995076855e-21
2.653202367157669141e+04 2.463680516605636512e+03 -2.406834315497105490e+04 1.957681813544911664e+00 -4.558549150412708612e-02 2.596580913657787072e-21
2.654844203242144067e+04 2.408255268149446692e+03 -2.414018676427199534e+04 1.988413023315516170e+00 1.415403959490438568e-01 2.570551597352224175e-21
2.625971487056964543e+04 2.795389499474322292e+03 -2.346432537109532132e+04 3.301816190662079986e+00 8.520079938284652599e-02 2.587550672438538210e-21
2.614123034890954295e+04 2.903719375308685812e+03 -2.323751097360085623e+04 2.158311231735304592e+00 4.225577688841051366e-02 2.588933879894588892e-21
2.610288355238744771e+04 2.940869025651772517e+03 -2.316201452673567474e+04 2.198298919159887621e+00 7.894237870451499550e-02 2.580970589698087285e-21
2.612665134031906928e+04 2.923544934346465197e+03 -2.320310640597260499e+04 2.614227741905147173e+00 -1.960665062031128822e-02 2.605527850212453081e-21
2.602912833511925055e+04 3.058039722331755911e+03 -2.297108861278749464e+04 3.562949588589808148e+00 -2.301965114212528585e-02 2.601586310886920201e-21
2.595598099507811276e+04 3.129654188813719884e+03 -2.282632680626439105e+04 3.113263031521814828e+00 1.031176702350685842e-01 2.440690254127117958e-21
2.568419034107526386e+04 3.447996844918555780e+03 -2.223619349615670944e+04 4.412501885621264996e+00 -4.364138394391495895e-02 2.487285207463127016e-21
2.518184144045212815e+04 4.030714940850532003e+03 -2.115112649960159615e+04 2.154072685511526419e+00 -1.554509351825267005e-01 2.519826023207876808e-21
2.413860923674346122e+04 5.206861124776257384e+03 -1.893174811196720475e+04 2.820512008610231991e+00 -9.954748135842141077e-02 2.315714759398676168e-21
2.295493781949366530e+04 6.461300440977271137e+03 -1.649363737851639598e+04 7.003790095710836994e+00 4.981171808392188122e-02 2.284569229716711503e-21
2.146686450378029622e+04 8.122314912762175481e+03 -1.334454959101811983e+04 3.031806317033218345e+00 -6.641914130052273268e-02 2.114398924689514399e-21
