0.000000000000000000e+00 3.141578471953217377e+04 3.141578471953217377e+04 nan 3.592598874846691359e+01 3.210807995012066905e-25
2.022907806293185180e-94 3.141498444589201972e+04 3.141498444589201972e+04 4.819165902884032704e+01 7.520350491072473886e+00 3.209360192388833740e-25
1.647567251021463640e-43 3.142056467535564298e+04 3.142056467535564298e+04 2.445443947930083084e+01 3.378808552900589124e+00 3.215900468053147116e-25
1.071841621970496882e-25 3.142350502710762885e+04 3.142350502710762885e+04 1.304792222941226321e+01 1.789401130862111389e+00 3.239053742739060120e-25
2.369468024460451802e-17 3.141416059837359353e+04 3.141416059837359353e+04 7.816359788705031342e+00 3.410675420519293510e-01 3.203154080099541922e-25
9.638961801397785981e-13 3.141710355317934227e+04 3.141710355317934227e+04 6.702234130256488065e+00 5.892498176370638552e-01 3.215375711140541134e-25
2.208273007830244751e+03 2.906174760042202251e+04 2.685347459259177776e+04 4.280117986608421354e+00 -2.370701741810710417e-01 1.254932809499474171e-22
1.598733541353729561e+04 1.412466458493488426e+04 -1.862670828602411348e+03 9.534421679503591207e+00 -3.389182177054305811e-03 8.990106538660425730e-22
2.423768235285058836e+04 4.999166129345698209e+03 -1.923851622350489197e+04 6.803220932858941694e+00 1.255905352528726392e-02 1.421264096167738516e-21
2.622424075420809459e+04 2.777002706682295411e+03 -2.344723804752579963e+04 8.151920823728206145e+00 8.626222886800100076e-02 1.432723252047194904e-21
2.656968137450567519e+04 2.392780848249468363e+03 -2.417690052625620592e+04 4.389534302121605336e+00 1.232259269254635248e-01 1.477264149995135650e-21
2.660222909980318582e+04 2.333224901031229820e+03 -2.426900419877195600e+04 1.648005452529920811e+00 2.669137973616163197e-03 1.502119490180759448e-21
2.667005097134730022e+04 2.275307899265251308e+03 -2.439474307208204846e+04 8.498696320071789101e-01 2.177695709956171607e-02 1.531339077039709919e-21
2.662601079381559975e+04 2.277752003952489304e+03 -2.434825878986311000e+04 1.066464779229579385e+00 1.441592284594614692e-01 1.525775374325061661e-21
2.667685564084710495e+04 2.273288687074529207e+03 -2.440356695377257711e+04 9.848765389570269813e-01 -4.738675285924531799e-02 1.502450169710054718e-21
2.666805056960117508e+04 2.342089945008756786e+03 -2.432596062459241875e+04 9.740162574592340361e-01 4.069613270022390261e-02 1.539808280947230794e-21
2.658603406773034294e+04 2.349744099412941978e+03 -2.423628996831740005e+04 1.096657525164999258e+00 3.381889674642195309e-02 1.491368754068052293e-21
2.675262078023467620e+04 2.243906038623700169e+03 -2.450871474161097649e+04 1.289843841050817064e+00 -1.249376845407796227e-01 1.574707706772351101e-21
2.646853350626421161e+04 2.565619790172380362e+03 -2.390291371609183261e+04 1.384756680470115020e+00 1.080510112340899191e-03 1.520984255753238228e-21
2.636137232262867838e+04 2.657460031536401402e+03 -2.370391229109227788e+04 1.608194008485465121e+00 3.830031773004889672e-02 1.515798162412260744e-21
2.635975040392086521e+04 2.719671952881473771e+03 -2.364007845103939326e+04 2.554774526582915595e+00 1.543992178234381563e-01 1.568952661687983898e-21
2.618006113932844892e+04 2.830767063046904241e+03 -2.334929407628154513e+04 2.759838048827598644e+00 -3.163448893415660851e-02 1.470758783223247255e-21
2.609477734974236591e+04 2.934474181409212633e+03 -2.316030316833315374e+04 1.922091221605366940e+00 -1.121722498433341403e-01 1.521257934829027582e-21
2.604551898931674441e+04 3.054255439397643386e+03 -2.299126354991910193e+04 3.099838632597181842e+00 -5.362908250032724644e-02 1.491016568134008627e-21
2.588156009094327601e+04 3.189337817843787434e+03 -2.269222227309948721e+04 5.662357389090928450e+00 -1.921528828487506502e-01 1.527266102143288138e-21
2.568661428172557862e+04 3.396136695808871536e+03 -2.229047758591670572e+04 3.092520597647133940e+00 -5.256037358632279638e-02 1.499173547339296098e-21
2.547412149362722266e+04 3.689412987116215845e+03 -2.178470850651100773e+04 2.526652666435235783e+00 -5.313756730197676664e-02 1.482581420058771453e-21
2.474741053655094584e+04 4.435325610076719386e+03 -2.031208492647422827e+04 2.178353906589677980e+00 1.129775452434009647e-01 1.449554519354063032e-21
2.437265040364128436e+04 4.918794945288334020e+03 -1.945385545835295125e+04 2.571441439041460608e+00 -1.984530015809252493e-02 1.453715287386161353e-21
2.341766003732667377e+04 5.968129926267698465e+03 -1.744953011105897531e+04 4.639375652262148542e+00 -7.020949216190518032e-03 1.380388083794311925e-21
2.233491860457955772e+04 7.157432113216470498e+03 -1.517748649136308813e+04 3.766263119513564295e+00 -6.657879578771697116e-02 1.245576912741033686e-21
