0.000000000000000000e+00 3.141639985021681423e+04 3.141639985021681423e+04 nan 3.305707470646805746e+01 3.203304715452155666e-25
2.072523356146946929e-94 3.142300888068927088e+04 3.142300888068927088e+04 5.087162837740541477e+01 8.372754675178297745e+00 3.224182686581160679e-25
1.827836361924095586e-43 3.141626917079435952e+04 3.141626917079435952e+04 2.327823548658937014e+01 3.472199891797007609e+00 3.205603874141492025e-25
9.414415533910182245e-26 3.140410030181331967e+04 3.140410030181331967e+04 1.419127694908055837e+01 1.697892367859743734e+00 3.165926932465469142e-25
2.072193252717343034e-17 3.141889374871291875e+04 3.141889374871291875e+04 8.481460936978598042e+00 -1.891844786823600535e-02 3.219503460835276462e-25
4.654668351286102530e-12 3.141412450862340484e+04 3.141412450862340120e+04 6.113152190006935882e+00 5.429492528876322943e-01 3.211367542393046246e-25
2.572032510719315724e+03 2.867810758823035940e+04 2.610607507751104276e+04 4.387933754405053399e+00 -1.988426241907728376e-01 1.426089550692793292e-22
1.593131083977568778e+04 1.421881948639925577e+04 -1.712491353376432016e+03 8.825082344529860734e+00 -1.265147574251650198e-01 8.982941439476046529e-22
2.411876059791543594e+04 5.153182434594234110e+03 -1.896557816332120274e+04 1.045917636431937048e+01 -1.020486499461095362e-02 1.348538749920753271e-21
2.605780014119953557e+04 2.906760911065601704e+03 -2.315103923013393432e+04 7.194091303945282512e+00 -2.067914518426904741e-02 1.451449956483670727e-21
2.660836504387528475e+04 2.383250527824659457e+03 -2.422511451605062393e+04 8.861859728816995352e-01 1.735165937615332776e-01 1.531044043216121835e-21
2.671423762583178177e+04 2.276123468793610300e+03 -2.443811415703817329e+04 6.464876273782219629e-01 -1.268989309655917802e-02 1.536443664451456825e-21
2.671804615851477138e+04 2.259312427954167106e+03 -2.445873373056060518e+04 9.854690439566741178e-01 8.509880811333114803e-02 1.510502940605856534e-21
2.669238798078183027e+04 2.258259129782717991e+03 -2.443412885099911364e+04 7.882952545319695803e-01 1.338089075706354047e-01 1.551880612861518369e-21
2.671814231832001678e+04 2.257962011631111636e+03 -2.446018030668890424e+04 1.230037410319150259e+00 7.737062252791455930e-02 1.568769942159552223e-21
2.671118354697434552e+04 2.284261367155683274e+03 -2.442692217981866270e+04 6.747235563054760910e-01 7.188724886657447966e-02 1.521501823234983528e-21
2.661023427674012055e+04 2.367320068285539037e+03 -2.424291420845458197e+04 9.273877289595956475e-01 1.048361182270393654e-01 1.529524189009165569e-21
2.649343424957546813e+04 2.446901065117254348e+03 -2.404653318445821424e+04 1.247715052550987691e+00 -5.154210401960987453e-02 1.493954767622228675e-21
2.653474017129669664e+04 2.446365855193848347e+03 -2.408837431610284693e+04 1.783462968390585601e+00 9.429631358304609023e-02 1.509023284128593321e-21
2.652656091431957248e+04 2.507537086974362865e+03 -2.401902382734520870e+04 1.003072252114545426e+00 1.634457117302897666e-01 1.529925032029401441e-21
2.632987057361512052e+04 2.726633317824808728e+03 -2.360323725579031088e+04 2.858463114258989801e+00 1.189037518937537397e-01 1.528583579162537865e-21
2.621859202062660552e+04 2.798965303375225631e+03 -2.341962671725137989e+04 5.530889402171612623e+00 -2.841088076051612177e-02 1.531166871905835701e-21
2.599939771595067577e+04 3.053170359368372829e+03 -2.294622735658230158e+04 3.615539145876614402e+00 -9.289917809282377190e-03 1.511459451512137491e-21
2.603481793514076708e+04 3.000136679846223160e+03 -2.303468125529454483e+04 3.201180167244208175e+00 1.069194032783970377e-01 1.494090945874170594e-21
2.543407264358715838e+04 3.634240709940493616e+03 -2.179983193364666658e+04 3.238558600590307979e+00 -4.986646268512667096e-02 1.451509079146798653e-21
2.543402554279404649e+04 3.671306595757769173e+03 -2.176271894703627913e+04 4.839578082102337753e+00 8.596161145417990923e-02 1.425257272776506783e-21
2.565038929555065261e+04 3.447950161118832966e+03 -2.220243913443182100e+04 1.855219140449558823e+00 -8.741803534113646787e-03 1.521713744818608209e-21
2.495623113733487116e+04 4.285230565579127870e+03 -2.067100057175574329e+04 2.890256684656694830e+00 -8.801763915742305544e-02 1.487417790897358558e-21
2.463936383824581571e+04 4.612064323875655646e+03 -2.002729951437015916e+04 4.951162058655574683e+00 -4.615350000006242931e-02 1.401201139814423999e-21
2.409587008948848597e+04 5.240709989400466839e+03 -1.885516010008801823e+04 2.212231615535546592e+00 -3.516787351948170298e-02 1.439530355567423762e-21
2.213472471146276075e+04 7.432097652809941792e+03 -1.470262705865281896e+04 3.870494778039175632e+00 -4.814121749103730113e-02 1.231848574146790560e-21
