0.000000000000000000e+00 3.142361027225771250e+04 3.142361027225771250e+04 nan 3.592599044414846077e+01 3.232395744564236649e-25
2.059142914424745213e-94 3.141995571605647638e+04 3.141995571605647638e+04 5.489823825436198490e+01 8.359949696993266954e+00 3.211270042818361530e-25
1.159249802075663332e-43 3.142126303836195439e+04 3.142126303836195439e+04 2.033838057790019960e+01 3.390329747575442809e+00 3.225393406033122934e-25
9.162438372748139507e-26 3.143304303893652468e+04 3.143304303893652468e+04 1.311833127810838384e+01 1.579195443447120484e+00 3.263799879166430539e-25
2.096337022033280410e-17 3.141343567287377664e+04 3.141343567287377664e+04 7.648057014937319487e+00 2.872426718129856837e-01 3.194549102131537712e-25
7.601667860092992708e-12 3.142497530255213496e+04 3.142497530255212769e+04 5.725912300570173308e+00 8.799211734093939086e-01 3.227679477229426988e-25
2.135415038416390871e+03 2.915885531949177312e+04 2.702344028107538179e+04 4.738276421977658082e+00 -3.903922815163116122e-01 1.233479540361275281e-22
1.657431252084757580e+04 1.351690112401492843e+04 -3.057411396832647370e+03 1.991858155309188305e+01 -8.074971711493449111e-02 9.425348469479420932e-22
2.404688585464766220e+04 5.205763095167330903e+03 -1.884112275948033130e+04 1.096864320496174194e+01 8.577106273218782807e-04 1.410072265876286443e-21
2.611055618112675802e+04 2.927587048645362302e+03 -2.318296913248139754e+04 3.572246257999559305e+00 1.019592337741837412e-01 1.502104281467385516e-21
2.645876875317186932e+04 2.512212489640964122e+03 -2.394655626353090338e+04 5.363580217900394409e+00 -7.321786930171382025e-03 1.516457124352798094e-21
2.665664231414442838e+04 2.304361107442067805e+03 -2.435228120670236240e+04 8.190690942929949037e-01 7.361632847438615013e-02 1.542550086063926116e-21
2.672808932823315627e+04 2.258411483776749265e+03 -2.446967784445640791e+04 9.617210690138410234e-01 1.168537428044792541e-02 1.546020957088514646e-21
2.666370495186516564e+04 2.274556823785055258e+03 -2.438914812808010902e+04 1.174694034021225741e+00 1.170510070401262759e-01 1.488023936070010054e-21
2.659986726754905249e+04 2.317463166904608897e+03 -2.428240410064444222e+04 1.008842924852114242e+00 2.305743837104566041e-01 1.492827931944966605e-21
2.659758641210593487e+04 2.323770344680112430e+03 -2.427381606742582153e+04 8.218308991305741662e-01 4.581290039559048760e-02 1.542879280643787947e-21
2.670699582023346738e+04 2.312900816339867106e+03 -2.439409500389359891e+04 2.035777559482653043e+00 -2.194093920247534857e-02 1.536281426174441634e-21
2.655371440807023100e+04 2.406852180450968262e+03 -2.414686222761926183e+04 1.768715825493455851e+00 8.713999254683073292e-03 1.489910699646531815e-21
2.643457239080477302e+04 2.491124221097406462e+03 -2.394344816970736792e+04 3.029576294643436807e+00 -5.952451379053633890e-02 1.510672898189239434e-21
2.630046026135453212e+04 2.672643242815927806e+03 -2.362781701853860432e+04 2.398490727484344998e+00 6.219349762171405560e-02 1.505150947336494843e-21
2.630062637592646570e+04 2.710450427266699535e+03 -2.359017594865976571e+04 2.676961678036173797e+00 1.460893665505296757e-01 1.550454270166933877e-21
2.624004978607170779e+04 2.824941207089643285e+03 -2.341510857898206450e+04 1.435349722607035083e+00 -1.047866765890678037e-01 1.541569743726975852e-21
2.636501127668589834e+04 2.683461237611480101e+03 -2.368155003907442006e+04 2.361720968828642686e+00 5.782855085426541475e-02 1.558145414193898641e-21
2.624878616185879218e+04 2.808470001608677194e+03 -2.344031616025011317e+04 2.366091071262144130e+00 3.234126047098786344e-02 1.518665079023143373e-21
2.568830503433146441e+04 3.449976500585059512e+03 -2.223832853374640399e+04 2.668930359922834672e+00 -3.439150931564299851e-02 1.501982896905884670e-21
2.577405001121338501e+04 3.327763060785396192e+03 -2.244628695042798790e+04 1.705522673272519718e+00 -8.113871596287060284e-02 1.524373900740252224e-21
2.531782275938403473e+04 3.848962481596548969e+03 -2.146886027778748394e+04 3.691268797222596820e+00 9.491107457727939248e-03 1.527058793809203374e-21
2.513532257144793402e+04 4.037225561547010329e+03 -2.109809700990092460e+04 3.845531725321515548e+00 -6.358040820725684161e-02 1.468466106158543662e-21
2.443697547433289947e+04 4.815444042084140165e+03 -1.962153143224876112e+04 2.860308396029418443e+00 5.894686750709732248e-02 1.409646367638188128e-21
2.348343688632217163e+04 5.921666648430927125e+03 -1.756177023789124360e+04 4.517266787522755678e+00 -4.251436587875456752e-02 1.312280037144818838e-21
2.246961601709843671e+04 7.012428347828075857e+03 -1.545718766927036086e+04 6.272922345094787744e+00 -4.399135041347277363e-03 1.301856258191632775e-21
