0.000000000000000000e+00 3.141507624922028481e+04 3.141507624922028481e+04 nan 3.336043403603079582e+01 3.207855667529509667e-25
2.100432880500911328e-94 3.141739697618090941e+04 3.141739697618090941e+04 4.837767327559641473e+01 8.342541896828494785e+00 3.225392139976343223e-25
1.352706501328781342e-43 3.141674632226132962e+04 3.141674632226132962e+04 2.631744713605168329e+01 2.526270915515142601e+00 3.208034529663000751e-25
1.093915464880178917e-25 3.142655736657964371e+04 3.142655736657964371e+04 1.297983651196114430e+01 1.276407687011771097e+00 3.240824020839614654e-25
2.090389702908306910e-17 3.141875048760502614e+04 3.141875048760502614e+04 7.816164206826655025e+00 -3.674255611364947161e-01 3.203161866212389096e-25
7.360303686126018427e-13 3.141785191177975867e+04 3.141785191177975867e+04 6.034591122894337190e+00 6.457018260694097345e-01 3.214914386511605548e-25
2.364324729304364155e+03 2.888948019838869368e+04 2.652515546908432952e+04 4.211671030565162788e+00 -1.266624881670369851e-01 1.998612007094117034e-22
1.676795479842599525e+04 1.330847008132182054e+04 -3.459484717104174706e+03 4.575226498078179382e+00 -3.826394472529208446e-02 1.650849282026581109e-21
2.448505995579235969e+04 4.778175891308395876e+03 -1.970688406448396563e+04 5.453583489853662591e+00 -1.115377114562065702e-01 2.442088977217319365e-21
2.602574190366712355e+04 3.045098027622801510e+03 -2.298064387604432341e+04 6.692802603991761856e+00 -1.271878694633575037e-02 2.474114881244170951e-21
2.654266923516759925e+04 2.399737898517569647e+03 -2.414293133665002824e+04 6.077489316133235064e+00 6.511606242409306855e-02 2.576120218263101546e-21
2.668303031004180593e+04 2.277024848582757841e+03 -2.440600546145904809e+04 6.132887839329491664e-01 6.717629537598567013e-02 2.606742502308799879e-21
2.670433912622452772e+04 2.260477592829312016e+03 -2.444386153339521479e+04 9.223139636971408040e-01 -8.705847442670368308e-02 2.607248341411587101e-21
2.666051764129343792e+04 2.289456666898597632e+03 -2.437106097439484074e+04 8.950946873171345963e-01 -9.646072933814915651e-02 2.601335408582603278e-21
2.667187877603909146e+04 2.283601397943740722e+03 -2.438827737809535029e+04 8.246444055300129472e-01 1.764501215967887171e-01 2.539073955613566166e-21
2.669822805797992260e+04 2.263188793940297273e+03 -2.443503926403962396e+04 7.979904685833384415e-01 6.332397946520494647e-02 2.608183584429759400e-21
2.658998970997087963e+04 2.346102819916433873e+03 -2.424388689005444758e+04 7.418753650799024824e-01 -3.494718519456641026e-02 2.605288927680917048e-21
2.667200575908133396e+04 2.305234138139594506e+03 -2.436677162094174128e+04 8.885226087297143360e-01 7.610708656918492576e-02 2.562560262209970815e-21
2.661423470189200088e+04 2.401934988938081460e+03 -2.421229971295391806e+04 1.814938813165541065e+00 1.692464943381571663e-01 2.584894042196247632e-21
2.652983525041087705e+04 2.436174922595270800e+03 -2.409366032781560716e+04 7.943097637391076660e-01 4.393645830138345060e-02 2.501417269292551185e-21
2.636481819234249633e+04 2.643643719507073001e+03 -2.372117447283542424e+04 2.330275965392163418e+00 -2.195727434547047399e-02 2.636080869882451793e-21
2.627435430715944676e+04 2.792771447331383115e+03 -2.348158285982806410e+04 1.273763608484617782e+00 -1.567088707858927121e-01 2.575222752239010574e-21
2.618558109476020763e+04 2.825517764008152426e+03 -2.336006333075205475e+04 2.912657604757682872e+00 -9.351408847542146130e-02 2.724468809596960592e-21
2.599576434952002819e+04 3.020687820295494475e+03 -2.297507652922453417e+04 3.074528409083896019e+00 9.826812653604641637e-03 2.590815833026960532e-21
2.574378707740129903e+04 3.355298161741996410e+03 -2.238848891565930171e+04 2.188180632008906112e+00 -1.681898989640074824e-02 2.478020536358655196e-21
2.528717913637877427e+04 3.838246259127580743e+03 -2.144893287725119444e+04 1.876533265848967291e+00 -5.796932336877336223e-02 2.477743851325659164e-21
2.547708679008782565e+04 3.646929477436806337e+03 -2.183015731265101931e+04 3.258075705300545355e+00 -1.244045683535343477e-01 2.574420489133420256e-21
2.475223689564127926e+04 4.510822440992086740e+03 -2.024141445464919161e+04 3.490542079321977464e+00 1.261026754668038985e-02 2.431658916889431612e-21
2.480713278679018549e+04 4.448763612235979963e+03 -2.035836917455420553e+04 2.920755346426450405e+00 3.947078281342677043e-04 2.491282387887910012e-21
2.346170187535694276e+04 5.934116861012355912e+03 -1.752758501434458594e+04 2.749629429548031911e+00 -5.094830591003250003e-02 2.208289494417855700e-21
2.230747212616819525e+04 7.247257543012426140e+03 -1.506021458315576820e+04 3.901542569877377797e+00 1.677973435345836428e-01 2.280157866750778069e-21
