0.000000000000000000e+00 3.141923422404301164e+04 3.141923422404301164e+04 nan 3.336043433151951376e+01 3.233842402257875404e-25
2.152110860385608385e-94 3.142336670423099349e+04 3.142336670423099349e+04 4.612426002328525243e+01 7.559468188394322219e+00 3.228536229629154216e-25
1.513864343628957294e-43 3.141508023851292819e+04 3.141508023851292819e+04 2.307628681631315359e+01 3.131944408037764305e+00 3.213629735158131202e-25
1.336236717445067668e-25 3.142356334535061251e+04 3.142356334535061251e+04 1.311237045354276098e+01 1.655903980661905806e+00 3.229039544796011691e-25
1.939658773182300683e-17 3.142938176116185059e+04 3.142938176116185059e+04 7.658713026511956734e+00 1.347833831855520248e-01 3.233669159472612002e-25
8.585511947916759513e-13 3.141129457847610320e+04 3.141129457847610320e+04 6.036544287848542467e+00 7.006226735521369209e-01 3.198704673935440725e-25
2.668579448040816715e+03 2.858635515781258073e+04 2.591777570977176219e+04 4.360268790297659791e+00 -1.690205064676082447e-01 1.575905094303733106e-22
1.724084976373846075e+04 1.277726297437389258e+04 -4.463586789364568176e+03 1.443823354364226397e+01 -4.046181437122231550e-02 9.879877365225483709e-22
2.443308208170197759e+04 4.836834837631092341e+03 -1.959624724407088434e+04 9.080249281112863002e+00 9.582592232500219964e-02 1.427236116733623427e-21
2.622733389393941616e+04 2.824284903257701444e+03 -2.340304899068171653e+04 7.869376601042191943e+00 1.115217277394650736e-01 1.511205558159436764e-21
2.658650795468701472e+04 2.366715055536958971e+03 -2.421979289915005575e+04 8.365576067207257660e-01 -2.214902986575314689e-02 1.556723565862236985e-21
2.665458916356832560e+04 2.304340954956955102e+03 -2.435024820861137050e+04 8.579946135370404292e-01 1.291689942196629914e-01 1.542262096891214099e-21
2.668480022848342924e+04 2.266604049681456672e+03 -2.441819617880197256e+04 9.228012148845295970e-01 1.368714067465016948e-02 1.548993565996978655e-21
2.673782220034670536e+04 2.242655363318637228e+03 -2.449516683702806768e+04 9.930902141036496156e-01 -1.650942670856009667e-02 1.610074257483002311e-21
2.681306375081278748e+04 2.225945573057717866e+03 -2.458711817775507006e+04 8.830952876458821876e-01 -3.611750866372027968e-02 1.558689570841928863e-21
2.663727360998385484e+04 2.296649464950237871e+03 -2.434062414503361651e+04 1.797012105234700341e+00 2.659474702049158257e-02 1.526779620619233905e-21
2.670485139107918076e+04 2.332436803635750039e+03 -2.437241458744343254e+04 2.361913966612293247e+00 5.853905792497687832e-02 1.507492174600845819e-21
2.650680420321918064e+04 2.434598051530460907e+03 -2.407220615168871882e+04 2.960272516676404564e+00 1.973732574737285805e-02 1.539306753742005295e-21
2.641500447345749490e+04 2.564851089324035001e+03 -2.385015338413346035e+04 1.844086139334065066e+00 -4.739338348176084376e-03 1.478804190941866687e-21
2.628359974774707371e+04 2.633275735599534073e+03 -2.365032401214753918e+04 2.453988034868051837e+00 -1.153668536347534496e-02 1.498224558758798759e-21
2.619163589429460262e+04 2.823165091296583796e+03 -2.336847080299801746e+04 3.269213279297280561e+00 -5.790217505438997186e-02 1.520985688264715220e-21
2.618288439569226466e+04 2.881013803021073727e+03 -2.330187059267119184e+04 8.287887952191786312e+00 -4.297465907175029159e-02 1.484592425395276219e-21
2.607772100740756287e+04 2.981656315704661210e+03 -2.309606469170290075e+04 1.923919337216428493e+00 2.615579287772778691e-02 1.518574350440459342e-21
2.605908054946866832e+04 3.017266476873445299e+03 -2.304181407259522166e+04 1.693268782484150359e+00 -4.344202535629981821e-02 1.527256465727723338e-21
2.604713610975012125e+04 2.999906840881819790e+03 -2.304722926886830101e+04 2.744594443566747088e+00 -5.077231762902217893e-02 1.476294396845154164e-21
2.593618915582408590e+04 3.070122355007402348e+03 -2.286606680081668310e+04 3.749567920975985569e+00 1.692951814071017719e-02 1.489973019731683823e-21
2.552832678227143697e+04 3.594262396351656662e+03 -2.193406438591978076e+04 3.749386097974042986e+00 2.843423002950447309e-02 1.496115301662394721e-21
2.491086078265791730e+04 4.306344965069461978e+03 -2.060451581758845714e+04 4.989767246464055894e+00 7.224425575500485752e-02 1.476494146503202265e-21
2.421063793694923879e+04 5.080188543521337124e+03 -1.913044939342790167e+04 2.676916208985655743e+00 -1.483416364858927416e-01 1.391655476814615070e-21
2.362073151191850047e+04 5.735954628655928900e+03 -1.788477688326257339e+04 3.792718241683824321e+00 -7.525032061826082697e-02 1.297466759201486534e-21
2.280734005932342188e+04 6.697863620946634910e+03 -1.610947643837678697e+04 4.943666138625403050e+00 -1.226190761304806753e-01 1.289950698350269640e-21
