0.000000000000000000e+00 3.141791225644377482e+04 3.141791225644377482e+04 nan 3.039835987680448781e+01 3.212402504723932450e-25
2.287565616139632162e-94 3.142495472769858679e+04 3.142495472769858679e+04 5.160816968274581740e+01 7.522623056070925962e+00 3.244171214498146490e-25
1.568339765355172419e-43 3.142115605553502610e+04 3.142115605553502610e+04 2.466708218594267521e+01 3.343718920977996500e+00 3.211336930601729360e-25
1.252060488249699232e-25 3.141986289227159432e+04 3.141986289227159432e+04 1.398969462863485802e+01 1.593511438593162799e+00 3.217003914394892974e-25
2.012416318896623794e-17 3.141846864103192638e+04 3.141846864103192638e+04 9.505184990906833775e+00 1.627030400075323013e-01 3.224078958601211234e-25
3.346802248225030675e-12 3.141806357151077100e+04 3.141806357151076736e+04 6.597689200475524984e+00 7.315817885423276934e-01 3.221877723301648876e-25
2.348888598507849565e+03 2.891701757272764371e+04 2.656812897421979505e+04 4.656013706907032201e+00 -1.003096291224282455e-01 1.270571118176616730e-22
1.589572220809897590e+04 1.423767973219751548e+04 -1.658042475901460421e+03 8.722673642866466182e+00 -1.355482144308776116e-01 8.886448244669693192e-22
2.413970834456374723e+04 5.207249350310155933e+03 -1.893245899425358948e+04 1.217157866491187512e+01 -1.257352582203085517e-02 1.415154232004197279e-21
2.597213024628459971e+04 2.984227713882600710e+03 -2.298790253240200036e+04 7.587615299277556069e+00 5.734467990890306649e-02 1.435239164098899564e-21
2.647970162428497497e+04 2.523257698535169766e+03 -2.395644392574980520e+04 5.321320825854086500e+00 6.028783816968141113e-02 1.550592410865630621e-21
2.672323085539094609e+04 2.258126215432676872e+03 -2.446510463995827013e+04 7.694096080790903125e-01 -1.054226418001832921e-02 1.495745461371642376e-21
2.668986169113523647e+04 2.259567907823841779e+03 -2.443029378331139378e+04 1.090550366161968654e+00 2.488521147490093885e-02 1.559988579055832858e-21
2.670441319633001331e+04 2.267467307545798121e+03 -2.443694588878421564e+04 1.286884117492980373e+00 6.913491994485905512e-02 1.507516464785312958e-21
2.666186900827417412e+04 2.267160794127824374e+03 -2.439470821414635066e+04 8.383184217453014675e-01 -5.655604673389492271e-02 1.501289767008629759e-21
2.664732594233230338e+04 2.294661907997259277e+03 -2.435266403433504456e+04 1.198610761933045277e+00 6.632802142635471632e-02 1.525022955465202210e-21
2.662237170749347206e+04 2.324849746839344334e+03 -2.429752196065412863e+04 1.322417657599321172e+00 -9.566094818302929570e-02 1.480133896438878539e-21
2.665811500750730920e+04 2.307897394253341190e+03 -2.435021761325396801e+04 7.883629536256915316e-01 -1.552627466508583465e-01 1.502477432766144731e-21
2.656174159948005035e+04 2.444897856686730847e+03 -2.411684374279332042e+04 2.204317778354133228e+00 5.214044990882682473e-02 1.548075876263051413e-21
2.626701464964286424e+04 2.768806493967863389e+03 -2.349820815567500176e+04 1.551044802238243037e+00 -2.332874750323516919e-02 1.550997679856719240e-21
2.616054284935488977e+04 2.816350287277327880e+03 -2.334419256207756189e+04 3.698893897175699053e+00 2.161124387021107554e-02 1.495212692611191261e-21
2.637594023782829754e+04 2.644285124031895521e+03 -2.373165511379640157e+04 1.575475682415246936e+00 -4.356721561202445137e-02 1.557083859551519913e-21
2.627260495766795793e+04 2.777001019421372348e+03 -2.349560393824658604e+04 1.752149781617622137e+00 -4.931133004441964202e-02 1.568550380322183862e-21
2.604924396068226997e+04 2.979992004794093646e+03 -2.306925195588817587e+04 2.601412332986390741e+00 4.109585756706977261e-02 1.498426048322450965e-21
2.569743879601679873e+04 3.406785566044417919e+03 -2.229065322997238036e+04 3.406612958029521021e+00 -8.395679384046644822e-02 1.529164397654109062e-21
2.560852103961650937e+04 3.503206527528175684e+03 -2.210531451208833460e+04 4.069740354502045854e+00 2.751216742313783437e-02 1.448036021669255312e-21
2.587820953096641097e+04 3.214431237841832626e+03 -2.266377829312457834e+04 5.878905569829744771e+00 -5.851895049911464558e-02 1.555583143348307112e-21
2.510763221700041686e+04 4.090334331790028955e+03 -2.101729788521038790e+04 3.096234544152750789e+00 1.064419926446967396e-01 1.454148311730369408e-21
2.413640617054586619e+04 5.166448902449459638e+03 -1.896995726809640473e+04 2.642395702300724292e+00 5.201338197723193169e-02 1.368617360181723761e-21
2.307445023168173793e+04 6.403534736594028800e+03 -1.667091549508770913e+04 4.787302207537258880e+00 -4.535609997943319122e-02 1.356627911490226678e-21
2.241040919904992916e+04 7.073146777217300041e+03 -1.533726242183262912e+04 3.876976662747480873e+00 -4.332656072277510373e-02 1.225702669242220383e-21
