0.000000000000000000e+00 3.141870517555737752e+04 3.141870517555737752e+04 nan 3.787295268141498639e+01 3.211825605571396750e-25
2.322167603102865061e-94 3.141342077393450745e+04 3.141342077393450745e+04 5.127255182263817801e+01 8.385558424251676968e+00 3.201637176629260897e-25
1.398813460726767358e-43 3.140915572981968944e+04 3.140915572981968944e+04 2.629993309734899398e+01 3.339331796104376693e+00 3.192178163228872797e-25
1.172666901262029102e-25 3.142033356682761951e+04 3.142033356682761951e+04 1.331960364891672022e+01 1.487982115419583140e+00 3.222882788831005153e-25
1.977226907315539704e-17 3.141948920959966199e+04 3.141948920959966199e+04 7.841144461607534311e+00 2.090775800681859142e-01 3.228296133358094769e-25
6.578908100313975221e-12 3.141807850059285192e+04 3.141807850059284465e+04 5.356582371254756225e+00 6.863291497959801424e-01 3.207961656605695690e-25
2.159653241940618955e+03 2.912435586581904863e+04 2.696470262387843104e+04 4.022515812289235271e+00 -1.940914340420025752e-01 2.282205999286790646e-22
1.699473560044439364e+04 1.306171653293729833e+04 -3.933019067507095315e+03 3.853536382184605369e+00 7.526409743529344221e-02 1.645858649326031289e-21
2.419394812551045470e+04 5.100193783574789450e+03 -1.909375434193566616e+04 1.045655608929996561e+01 8.668103097342166885e-02 2.244356671176406666e-21
2.615985956277496734e+04 2.863427310143066734e+03 -2.329643225263190106e+04 7.286533126080915856e+00 2.398910491060700974e-03 2.544917348786436354e-21
2.660815536111324036e+04 2.392572630973069408e+03 -2.421558273014016959e+04 1.365184467768767673e+00 6.017812880230615641e-02 2.737580076417292087e-21
2.674048559699268299e+04 2.263149831016892676e+03 -2.447733576597578940e+04 6.718263525652968804e-01 7.858135305158359118e-04 2.566284507221841243e-21
2.671391527172883798e+04 2.249434689385552701e+03 -2.446448058234328346e+04 7.410514130169403302e-01 3.469685984564773590e-02 2.768136284148069641e-21
2.668904720261795956e+04 2.263047386113469656e+03 -2.442599981650448899e+04 7.573681389816551146e-01 -8.287315981585162417e-02 2.621908307865538938e-21
2.670633741257530346e+04 2.264654617882348703e+03 -2.444168279469295521e+04 8.578790293718955295e-01 -1.685077215417084828e-01 2.567579241444353042e-21
2.667332102113794099e+04 2.297322899470718312e+03 -2.437599812166722404e+04 9.870960414603660027e-01 1.226527720787106562e-01 2.683079052550680866e-21
2.664606958880881575e+04 2.363244324949235761e+03 -2.428282526385958045e+04 1.702278410445245749e+00 1.810799600449586669e-02 2.651391516697721006e-21
2.659295273608847856e+04 2.374209849841879986e+03 -2.421874288624659675e+04 2.537636342144587331e+00 7.020872838217862011e-02 2.628431947755364980e-21
2.659191362377506812e+04 2.403726742561142146e+03 -2.418818688121392552e+04 2.067562661154179526e+00 1.409286302662556556e-01 2.538783935407558649e-21
2.629202873219741014e+04 2.748564678634309985e+03 -2.354346405356310061e+04 2.429741862458274948e+00 -4.903768721724268559e-02 2.667258041258967636e-21
2.633893919146412009e+04 2.691675464266202198e+03 -2.364726372719791834e+04 3.100509259993923461e+00 6.457999482147473713e-02 2.696446068609683232e-21
2.614343404818842100e+04 2.919749795345959228e+03 -2.322368425284246041e+04 2.371485832204864863e+00 -8.769556716698119481e-02 2.600103263283309932e-21
2.630872680611083342e+04 2.734933197759129598e+03 -2.357379360835170519e+04 1.875159863564704210e+00 3.997903247450492609e-02 2.693644500414975593e-21
2.601170743891290840e+04 3.067834190398631563e+03 -2.294387324851427547e+04 1.970199918347756762e+00 1.314019993735605074e-01 2.625953659254325885e-21
2.603326267352384457e+04 3.002942466933768628e+03 -2.303032020659007685e+04 2.439870946937227281e+00 -1.962729152748087305e-02 2.411421088882793061e-21
2.590694272564371568e+04 3.157183123918660840e+03 -2.274975960172505438e+04 3.485183431692650213e+00 5.328721683784942709e-02 2.496453048701529474e-21
2.550758464011130491e+04 3.658293087002043649e+03 -2.184929155310926217e+04 3.834116433930777390e+00 9.951748806830157390e-02 2.405001635764647390e-21
2.506259868182067294e+04 4.160901710745944001e+03 -2.090169697107472894e+04 3.392636565746288024e+00 1.167492277660073102e-01 2.538815451436421525e-21
2.402850063357231193e+04 5.285172327922477052e+03 -1.874332830564983306e+04 1.168972165477236480e+01 -1.006443269561295706e-01 2.529848827115206447e-21
2.357714618765628984e+04 5.821273472111282899e+03 -1.775587271554500694e+04 3.214877035600973709e+00 -1.293217180028037420e-02 2.372923959884280288e-21
2.308649349506254657e+04 6.351273925239883283e+03 -1.673521956982266420e+04 5.218454516191957993e+00 -2.278576236821897028e-02 2.136364412902904337e-21
