0.000000000000000000e+00 3.141656443986640807e+04 3.141656443986640807e+04 nan 3.196133767669261871e+01 3.205735711626192134e-25
1.683740907954337216e-94 3.142263665932740332e+04 3.142263665932740332e+04 5.516467906957694822e+01 8.354831633444257832e+00 3.217464825465804974e-25
1.661408320618271031e-43 3.141572681688206285e+04 3.141572681688206285e+04 2.323093302133890958e+01 3.480654159588699503e+00 3.218940941521035688e-25
1.004178871824229576e-25 3.141225055365805747e+04 3.141225055365805747e+04 1.405411536237626713e+01 1.252398034408627181e+00 3.206114334922435757e-25
2.302544205455544650e-17 3.142547665064186731e+04 3.142547665064186731e+04 8.039576046391381681e+00 4.037209689845641658e-01 3.245932344160743785e-25
7.219179695004371503e-13 3.141301118040096117e+04 3.141301118040096117e+04 5.877204035708871288e+00 5.005900391347565259e-01 3.205766127093169037e-25
2.381644928209457248e+03 2.888597171014885680e+04 2.650432678193939864e+04 4.861937429588476967e+00 -1.279611345222845253e-01 2.126408378555014794e-22
1.693330687428639067e+04 1.311036259935464295e+04 -3.822944274931747714e+03 1.581299179986882564e+01 5.111899744671396378e-02 1.580522501629510181e-21
2.428764915219239992e+04 4.931420139028486119e+03 -1.935622901316391290e+04 6.837355707492680956e+00 4.693464190794039911e-03 2.430190303974906168e-21
2.625752430765817189e+04 2.772476755262246570e+03 -2.348504755239592487e+04 2.608563092233497027e+00 8.686106908670801442e-04 2.643385031308790732e-21
2.661574347241635041e+04 2.384921740243992645e+03 -2.423082173217235686e+04 7.688147134329597066e-01 -5.917827637440153943e-02 2.751267384528645937e-21
2.671384665296125968e+04 2.266224015271525332e+03 -2.444762263768973571e+04 1.211266230712142900e+00 8.711362000232987512e-02 2.708043652890280536e-21
2.668755252153410402e+04 2.288156807307967483e+03 -2.439939571422613517e+04 5.954027187942526611e-01 -1.566683954809956411e-02 2.677374524735465896e-21
2.666884081684392004e+04 2.265072025388966722e+03 -2.440376879145495332e+04 7.449032175437885206e-01 -6.412582367763415558e-02 2.590833046248512482e-21
2.661081558920766838e+04 2.298916287937624020e+03 -2.431189930127004482e+04 7.587971702626724602e-01 -3.979533221233903968e-03 2.517043474586200785e-21
2.665447742939399541e+04 2.288773093943249478e+03 -2.436570433545074775e+04 6.760772517888590238e-01 1.714576094872807543e-01 2.586698673732964940e-21
2.665179666637950868e+04 2.350292182586084436e+03 -2.430150448379342561e+04 2.387391130630431402e+00 -6.115069059583725514e-02 2.677216437302941263e-21
2.649758317605962293e+04 2.461362998853310728e+03 -2.403622017720631266e+04 7.684962456438224621e-01 -1.035292885523022011e-01 2.520508335406253236e-21
2.654782931247013403e+04 2.458536941440657301e+03 -2.408929237102947809e+04 1.293588946962454855e+00 -1.034202943103132606e-02 2.598458835047222967e-21
2.628051561817647962e+04 2.756865958180597318e+03 -2.352364965999588094e+04 3.480357905585417466e+00 -2.577972853283909752e-02 2.600908373329632388e-21
2.639364758192274894e+04 2.604208201841511254e+03 -2.378943938008123951e+04 1.938133289057263342e+00 4.655825677732224749e-02 2.583719016841769446e-21
2.617194772599345742e+04 2.890202964279147182e+03 -2.328174476171431161e+04 4.487248727392036507e+00 -3.730169307229020542e-02 2.593906341255924827e-21
2.594825984912822605e+04 3.076438689637012885e+03 -2.287182115949121362e+04 3.354298984763737668e+00 -8.045548545048746003e-02 2.555322034910324902e-21
2.615102415804679185e+04 2.901693522720169312e+03 -2.324933063532662345e+04 2.224725041256963465e+00 9.226354251776429372e-02 2.524127367380568797e-21
2.602499261587553701e+04 3.078701619125452908e+03 -2.294629099675008547e+04 2.652826417370518275e+00 -2.635680745026966476e-02 2.556804766461454459e-21
2.579051630523686254e+04 3.300017321737720522e+03 -2.249049898349914292e+04 1.894506136410422981e+00 5.634703214818711364e-02 2.493575379811158434e-21
2.569837787284916703e+04 3.386126561449079418e+03 -2.231225131140008671e+04 2.223951703986449147e+00 -4.372423095110130470e-02 2.506962199268680823e-21
2.467141004611300741e+04 4.526344252792945554e+03 -2.014506579332006368e+04 2.444758469685652802e+00 3.042434977099705076e-02 2.447760414031015046e-21
2.447397768032558815e+04 4.830932521331593307e+03 -1.964304515899399485e+04 2.550010377059273026e+00 1.086235278811415426e-02 2.469364327956130839e-21
2.366686970858588029e+04 5.691335514725184112e+03 -1.797553419386069436e+04 4.282850079053848624e+00 -1.054636844511387395e-01 2.304750583506043434e-21
2.191102088946126969e+04 7.671812173730446375e+03 -1.423920871573082331e+04 4.925117351956958878e+00 4.673693699823077558e-02 2.098228833895262177e-21
