0.000000000000000000e+00 3.141707249177255289e+04 3.141707249177255289e+04 nan 3.305707276860544397e+01 3.208036853871869734e-25
2.642956010184783748e-94 3.142389370124837660e+04 3.142389370124837660e+04 4.848015888462614953e+01 8.746186217677180963e+00 3.242636021231516784e-25
1.516169738606494415e-43 3.141304669206937251e+04 3.141304669206937251e+04 2.324866781945313221e+01 3.264314824735149667e+00 3.196336142768628871e-25
1.237443694043700707e-25 3.141143202993656087e+04 3.141143202993656087e+04 1.399628167637495046e+01 1.420598041890272833e+00 3.200162855859148547e-25
2.288698117040294735e-17 3.141236699474612033e+04 3.141236699474612033e+04 8.567842507895088389e+00 3.419132100259903440e-01 3.201071839282368882e-25
8.121346891097440335e-13 3.141538491806554885e+04 3.141538491806554885e+04 6.994374942887777280e+00 5.310795831928775135e-01 3.223182331985488790e-25
2.055591495781968206e+03 2.922535952590870147e+04 2.716976803012673190e+04 3.876617218889943928e+00 -1.654646797504852607e-01 1.723775169812638084e-22
1.630562393875017369e+04 1.379067199124318358e+04 -2.514951947506990109e+03 8.537815753832267873e+00 -4.499172445226726907e-02 1.553240746328088120e-21
2.419641723388716491e+04 5.038638534838559281e+03 -1.915777869904860563e+04 1.174663923953685618e+01 -8.042269312297260428e-03 2.397750387960312001e-21
2.628406559418273901e+04 2.777366422934516777e+03 -2.350669917124822314e+04 6.938268651262201381e+00 -2.571302096245905999e-02 2.587568432076192441e-21
2.663776154195295021e+04 2.329069968140836409e+03 -2.430869157381211335e+04 5.921853542719527574e+00 1.014203547042352160e-01 2.566798150108013930e-21
2.662722206516686128e+04 2.316528300254575697e+03 -2.431069376491228468e+04 7.800387977437379661e-01 1.342283744379582089e-01 2.579317543884263225e-21
2.669528657260436739e+04 2.269276024824654087e+03 -2.442601054777971149e+04 1.319719671084507162e+00 1.428264742172317692e-01 2.560669450599980331e-21
2.676477761029707835e+04 2.242233990086232097e+03 -2.452254362021084671e+04 6.458560795356769191e-01 -3.350838299568285189e-02 2.605618765876389379e-21
2.670133997627978897e+04 2.266180568980953467e+03 -2.443515940729883732e+04 7.289141549467351711e-01 1.522586730169969427e-01 2.647782903213335626e-21
2.671876390934653318e+04 2.285623102642724461e+03 -2.443314080670381009e+04 6.164060647603835097e-01 7.670584642608442583e-02 2.543390837561227907e-21
2.672187263377530326e+04 2.261294665368870483e+03 -2.446057796840643277e+04 8.948857782970266461e-01 -1.043844894726865362e-02 2.534016560631339381e-21
2.671648164905007798e+04 2.316798127894987374e+03 -2.439968352115508969e+04 2.069776271157198533e+00 1.256388279694852506e-01 2.754977089526557672e-21
2.657028981355887663e+04 2.437071310255740627e+03 -2.413321850330313464e+04 2.057338805226298639e+00 -7.111491117813191487e-02 2.636109321259698154e-21
2.630555047065102553e+04 2.723248313900443463e+03 -2.358230215675058207e+04 2.746277610665237123e+00 -3.472667115189530945e-02 2.529925828973003280e-21
2.617181778148278318e+04 2.894487960249012758e+03 -2.327732982123376860e+04 1.337082129935444286e+00 1.166934206651029232e-01 2.671183068937182225e-21
2.621149869758544446e+04 2.866611874575165075e+03 -2.334488682301027802e+04 5.778005729959217796e+00 1.503611783940021207e-01 2.673762844303533197e-21
2.613042765145225712e+04 2.919710748620265349e+03 -2.321071690283199132e+04 2.124151060803592284e+00 -2.104878663631784552e-02 2.570015308616242461e-21
2.598883959979935753e+04 3.056652200839165744e+03 -2.293218739896019179e+04 3.777909536226523368e+00 -1.119394115496685216e-01 2.550314796021673419e-21
2.613535072212056548e+04 2.865800811921325476e+03 -2.326954991019923909e+04 1.447698315064197772e+00 -2.260747274607700572e-02 2.564539524818073983e-21
2.559638922163460666e+04 3.444819708746840206e+03 -2.215156951288776690e+04 3.187440303321816604e+00 5.473456258634446653e-02 2.419598898423422024e-21
2.550988426314197568e+04 3.605134543487964493e+03 -2.190474971965400982e+04 2.652042461616777480e+00 -5.944465156540423151e-02 2.446545399629131105e-21
2.483909989052970559e+04 4.353718592554067072e+03 -2.048538129797564034e+04 8.037808789495464623e+00 7.203089464982077861e-02 2.560700603109834781e-21
2.395214039860752382e+04 5.370118989655984478e+03 -1.858202140895153934e+04 2.795934758082424754e+00 -2.718025945280852854e-02 2.265395093906557718e-21
2.316164213086135715e+04 6.275409810763579117e+03 -1.688623232009777712e+04 3.557297448779801474e+00 -1.640238715886347121e-01 2.332395905529304950e-21
2.217812432828110468e+04 7.375744742428839345e+03 -1.480237958585226443e+04 6.771147772673081100e+00 -1.635030090801513347e-02 2.300669207287105190e-21
