0.000000000000000000e+00 3.141725292457580872e+04 3.141725292457580872e+04 nan 3.629840351342476623e+01 3.198280902674107989e-25
1.876898781853698941e-94 3.141164235870203265e+04 3.141164235870203265e+04 4.710442077679062578e+01 8.363493362957255428e+00 3.197387267089233756e-25
1.574814403242548301e-43 3.142381061620525725e+04 3.142381061620525725e+04 2.471662806557657532e+01 3.239151542089893976e+00 3.227901815044793839e-25
1.209501424850948337e-25 3.141417413957252211e+04 3.141417413957252211e+04 1.359794635349772385e+01 1.631179780780221522e+00 3.210882765185211739e-25
2.167089832181932092e-17 3.141897963832542519e+04 3.141897963832542519e+04 7.663921489405738363e+00 2.078375728385353505e-01 3.212214375257420712e-25
7.819712535799587937e-13 3.141077382292419134e+04 3.141077382292419134e+04 6.079045335204253497e+00 5.297338041374057838e-01 3.199134288693467817e-25
2.403552324014503483e+03 2.884875328953702046e+04 2.644520096552251562e+04 4.453154410705965738e+00 -3.113622956369656580e-01 1.328628785253866984e-22
1.679722247852808505e+04 1.325678470537462272e+04 -3.540437773153462331e+03 6.865629296251772651e+00 -1.277121917589823241e-01 9.077752564939047888e-22
2.435688481608190341e+04 4.871645430595333892e+03 -1.948523938548656952e+04 1.238523866238887905e+01 -1.891974048936463648e-02 1.402361115130998276e-21
2.612622077941253883e+04 2.866843748853502348e+03 -2.325937703055903694e+04 9.463988450802958141e+00 -5.129932329547399333e-02 1.508936067089857771e-21
2.656487927880886491e+04 2.423388477216229148e+03 -2.414149080159263394e+04 1.069441902718138548e+00 -3.076200973248616969e-03 1.499798356330316353e-21
2.671267747753575532e+04 2.261142107322365973e+03 -2.445153537021339071e+04 7.524074975638660456e-01 2.021588648995120696e-01 1.574084619051258770e-21
2.664608409041818595e+04 2.323949918163839357e+03 -2.432213417225434750e+04 8.683063625106274275e-01 2.138713389063905401e-01 1.517856310206647799e-21
2.669711518552171765e+04 2.261458135718629819e+03 -2.443565704980308874e+04 6.997410431933022146e-01 3.422275121071797349e-02 1.525169820250822734e-21
2.670655976653193648e+04 2.284742878243047471e+03 -2.442181688828888946e+04 1.227612721580572996e+00 1.215589539178559830e-01 1.479987409528406856e-21
2.665317105459360755e+04 2.312493141067427587e+03 -2.434067791352617860e+04 1.574366974134067121e+00 -1.239497143433347659e-02 1.543548535125132167e-21
2.667922463203852385e+04 2.281619316719258222e+03 -2.439760531531926608e+04 1.040470734346181203e+00 9.419251156013867810e-02 1.587975290881932364e-21
2.658703766971300138e+04 2.356599121900893806e+03 -2.423043854781210757e+04 9.389357367889644701e-01 7.455089811265822562e-03 1.506463868717852348e-21
2.649221083463127070e+04 2.541908963553882131e+03 -2.395030187107739039e+04 1.798427609491078050e+00 4.498922250406983681e-02 1.520991471041282050e-21
2.635051591714322785e+04 2.668863395640024919e+03 -2.368165252150320157e+04 1.326195247222010432e+00 4.310682787218048789e-02 1.535168247809784562e-21
2.602635661108996283e+04 3.022583900218221515e+03 -2.300377271087174086e+04 3.655779096999479894e+00 4.231649680791457063e-02 1.516434389044697014e-21
2.625327946861370583e+04 2.771583471906907107e+03 -2.348169599670679963e+04 1.558307398867028404e+00 3.604888428501079600e-02 1.495667087409614340e-21
2.609927486643958036e+04 2.896086927471980744e+03 -2.320318793896759962e+04 1.509948785146962180e+00 -2.992539527135699984e-02 1.503921157336373781e-21
2.602559075621814554e+04 3.055286341837408145e+03 -2.297030441438073831e+04 2.057386880766201021e+00 1.038435289571206996e-02 1.474780718802488963e-21
2.591054300509095992e+04 3.166725245113969777e+03 -2.274381775997699151e+04 2.471429507914488344e+00 -1.706071151688241111e-02 1.496510368666189774e-21
2.559152259369690000e+04 3.559135883761026889e+03 -2.203238670993587220e+04 2.039982876260924005e+00 -1.192400343825249925e-01 1.465634178375385646e-21
2.562305562719964655e+04 3.475629869002732903e+03 -2.214742575819691410e+04 4.339960975132481025e+00 6.216017288979108768e-03 1.491322919055903362e-21
2.512208255880779689e+04 4.046534635026321666e+03 -2.107554792378147613e+04 3.313897143332782846e+00 5.427510687933465722e-02 1.494829775465793310e-21
2.396075753056965550e+04 5.346636617739140092e+03 -1.861412091283051632e+04 2.799808547680067150e+00 -1.811304066067540713e-02 1.421739111464489509e-21
2.333242903941206896e+04 6.057732544238138871e+03 -1.727469649517392827e+04 3.928561256300152849e+00 -5.352779041551370548e-02 1.302836836717181605e-21
2.210063561932094308e+04 7.433662082278169692e+03 -1.466697353704277339e+04 7.431339706559437097e+00 6.667512656644193625e-02 1.248793603227730566e-21
