0.000000000000000000e+00 3.141342086924491741e+04 3.141342086924491741e+04 nan 3.559581103319734297e+01 3.207070767652706510e-25
2.397634961966516368e-94 3.141772118572360341e+04 3.141772118572360341e+04 5.292953186317769365e+01 8.338469732667755707e+00 3.206095282565559022e-25
1.404741538882353875e-43 3.141215651727307704e+04 3.141215651727307704e+04 2.396261530029788389e+01 3.378808552900588680e+00 3.195508865924860896e-25
1.004815653097080386e-25 3.141189814359753655e+04 3.141189814359753655e+04 1.335528942960503507e+01 1.745337123842509941e+00 3.202028763746162890e-25
2.446768176076367315e-17 3.142168305406567379e+04 3.142168305406567379e+04 7.747552362184603858e+00 1.884497714453740869e-01 3.223410851615389378e-25
7.064549620319380741e-13 3.142278818505237723e+04 3.142278818505237723e+04 5.740327532662806043e+00 5.113118715936889602e-01 3.223317564197034567e-25
2.154365949010967142e+03 2.914461223298014738e+04 2.699024628396917979e+04 4.071286285709771136e+00 -1.710561740388302221e-01 1.967961831145810991e-22
1.625600948468476054e+04 1.387511005583161932e+04 -2.380899428853141217e+03 1.738541041446016422e+01 -1.351790568248067981e-01 1.566086952719602849e-21
2.375905429942533374e+04 5.581364288380790640e+03 -1.817769001104454219e+04 8.630420005875286904e+00 -7.800424139364871279e-02 2.403215120386528051e-21
2.602046785368083874e+04 2.977790557166151757e+03 -2.304267729651468835e+04 1.469369480984633825e+00 -1.695052298093520718e-02 2.343983730630918561e-21
2.666146641959437693e+04 2.336464979095168474e+03 -2.432500144049920709e+04 8.450995968817900383e-01 1.288126552104955358e-01 2.612620699374339496e-21
2.662868227627896704e+04 2.296504906171506718e+03 -2.433217737010745986e+04 9.179033248161236891e-01 8.877114972981360597e-02 2.467411563709149459e-21
2.670688718723288912e+04 2.281021243619921734e+03 -2.442586594361296738e+04 7.793438045483936927e-01 6.694861528548634588e-02 2.602047536565378753e-21
2.671034361395621454e+04 2.278587259331502082e+03 -2.443175635462471109e+04 9.157014310950115643e-01 5.776048337414588230e-02 2.548317446815880286e-21
2.672454318696144765e+04 2.261879677210906721e+03 -2.446266350975054229e+04 7.081582608704293236e-01 -1.392966622488727704e-03 2.565571535643676899e-21
2.661814571315604553e+04 2.336440945262497280e+03 -2.428170476789354871e+04 1.223588330467265450e+00 -4.392677569201244858e-02 2.671521245005868666e-21
2.668392962721629010e+04 2.339692966211298426e+03 -2.434423666100499031e+04 1.248543467531400664e+00 1.103450505468346193e-01 2.595989240754778370e-21
2.658038768937970963e+04 2.354282289955251599e+03 -2.422610539942445757e+04 1.005139817275225500e+00 -5.724191299584852587e-03 2.602581986189082324e-21
2.652683669580076094e+04 2.425422120195497428e+03 -2.410141457560526396e+04 1.250862787727661241e+00 3.153912154195624012e-02 2.525882792555033798e-21
2.645936500238299050e+04 2.523597345765879254e+03 -2.393576765661711033e+04 1.126691394548947622e+00 -1.789726454349226392e-01 2.632359151014773819e-21
2.638074346055125352e+04 2.657285090251833935e+03 -2.372345837029942049e+04 1.599133517607627342e+00 -3.920420182041851193e-02 2.532036114499469418e-21
2.623025807667822301e+04 2.809378866716548146e+03 -2.342087920996167668e+04 1.443903393415604031e+00 -5.076636749357100499e-03 2.605027231389550501e-21
2.630835475049314846e+04 2.781957539241434006e+03 -2.352639721125171491e+04 1.673842383177235105e+00 6.166916881584524890e-02 2.623341901106683208e-21
2.614525340728470474e+04 2.883531324949314694e+03 -2.326172208233538913e+04 2.314426427683292431e+00 -1.487562753492585321e-01 2.611504176067713590e-21
2.594499567839978045e+04 3.136890209022903036e+03 -2.280810546937687832e+04 2.632780138244927404e+00 -5.254508163470881371e-02 2.448578650557999458e-21
2.564186727493261424e+04 3.475564657887622616e+03 -2.216630261704499208e+04 2.698412870002361519e+00 -9.305134080201375724e-02 2.596892303329341939e-21
2.556618877704360784e+04 3.585620541318726282e+03 -2.198056823572488065e+04 2.949583123639199389e+00 1.464743966992473057e-01 2.481557542294653970e-21
2.526238954384818862e+04 3.873358091897059694e+03 -2.138903145195113029e+04 2.361904651696904445e+00 -3.032990903756628900e-02 2.567004114665240499e-21
2.433833504559958601e+04 4.979719385599851194e+03 -1.935861565999973391e+04 2.471323607560131475e+00 -6.206357249856608860e-02 2.462175306362526257e-21
2.356262689633129048e+04 5.794012270975431420e+03 -1.776861462535585815e+04 2.823525979263514341e+00 -1.081726017455497159e-02 2.287230264382423093e-21
2.279325934060928557e+04 6.676381041647628081e+03 -1.611687829896165749e+04 3.536052861922579726e+00 1.652315602083387694e-02 2.289111863781643617e-21
