0.000000000000000000e+00 3.142606343597974046e+04 3.142606343597974046e+04 nan 3.596822479985328869e+01 3.246101173299299980e-25
2.097535400792137377e-94 3.141324287100742367e+04 3.141324287100742367e+04 4.938758691508124343e+01 7.522623056068897363e+00 3.217346961142369322e-25
1.396697041560877955e-43 3.141780031129737836e+04 3.141780031129737836e+04 2.536158054271417583e+01 3.364566576483122962e+00 3.220095419233576733e-25
1.000062089907475627e-25 3.141757055522556038e+04 3.141757055522556038e+04 1.239628347192952873e+01 1.259337155966041344e+00 3.221131286234729330e-25
2.482311096618672307e-17 3.141382019292398400e+04 3.141382019292398400e+04 7.887157073296635623e+00 3.558031160897454082e-01 3.206366444740285835e-25
3.371820383403106790e-12 3.141635119833688441e+04 3.141635119833688077e+04 5.386118085328146066e+00 5.707221227780238104e-01 3.213267553731091219e-25
2.197259906638364555e+03 2.909469377597456332e+04 2.689743386933620059e+04 4.529369698992870674e+00 -2.694386932664827872e-01 1.193083668379310845e-22
1.641079462577121012e+04 1.371085608828442855e+04 -2.699938537486781570e+03 1.448755819099804398e+01 -4.593952135389012259e-02 9.301802324729821996e-22
2.457845418239079299e+04 4.656862324489056846e+03 -1.992159185790173797e+04 1.252486557599858230e+01 2.370438368949765937e-02 1.448964758514304622e-21
2.611145009993761050e+04 2.949965239461278543e+03 -2.316148486047633196e+04 8.918638773518404506e+00 7.364147989605880629e-02 1.450142015632480727e-21
2.658666761832630073e+04 2.356046920528613555e+03 -2.423062069779768717e+04 7.366330261130271673e-01 5.485195289202252772e-02 1.496601884941558070e-21
2.666944151711611630e+04 2.313056919124588148e+03 -2.435638459799152770e+04 1.024550892196218532e+00 -2.887147172647875140e-02 1.582454011908896959e-21
2.666806031952167541e+04 2.275275041745027920e+03 -2.439278527777664567e+04 9.322378919970443212e-01 1.090536899582846518e-02 1.519790532720067363e-21
2.666870831048752734e+04 2.285128569362627331e+03 -2.438357974112490047e+04 7.583420203313916419e-01 1.307255467748366928e-01 1.505280357245214772e-21
2.667993014303755263e+04 2.291677931929757051e+03 -2.438825221110779603e+04 1.280877940078976485e+00 4.258145145145137561e-02 1.542513177029160391e-21
2.667715084593158826e+04 2.285516631844470339e+03 -2.439163421408711656e+04 7.758041439640761538e-01 2.203459565980188384e-01 1.515060680829399454e-21
2.666334184566037220e+04 2.327014515816256790e+03 -2.433632732984411632e+04 2.961675204779764758e+00 -3.980786787543133531e-02 1.536364773602426010e-21
2.651799367069818982e+04 2.465314277619115728e+03 -2.405267939307907363e+04 3.644055130355996042e+00 1.239289180393934701e-02 1.552262325928080654e-21
2.643663054993233163e+04 2.580725164778927137e+03 -2.385590538515340450e+04 2.186614345070405196e+00 1.216329875044337844e-01 1.507631513897665911e-21
2.634507316511468525e+04 2.675916677357198296e+03 -2.366915648775748559e+04 1.765023295063017139e+00 -7.888002625080187125e-03 1.547604657644761153e-21
2.624000222066705101e+04 2.807000688027998876e+03 -2.343300153263905304e+04 3.294273811369118565e+00 -1.760316459453671600e-02 1.583589033350326278e-21
2.623656629136420815e+04 2.835522180297309205e+03 -2.340104411106689804e+04 1.507342776422787800e+00 -3.145399174164623807e-02 1.521996071311722279e-21
2.593233217712548139e+04 3.131242982350846887e+03 -2.280108919477463496e+04 3.328898498350209678e+00 -9.809909092910852960e-03 1.504525358182574552e-21
2.633714736564371196e+04 2.672773070110609751e+03 -2.366437429553310358e+04 2.390745724263274585e+00 -4.274604554796498229e-02 1.542327491167396321e-21
2.579490492623308819e+04 3.293083385849590286e+03 -2.250182154038349836e+04 1.989919554347608921e+00 -6.348675467233480529e-02 1.509545976969247967e-21
2.579742484621545009e+04 3.286076183063369626e+03 -2.251134866315207910e+04 2.164722193423794572e+00 -5.643644182715591533e-03 1.486386516422357347e-21
2.536228208699746028e+04 3.752702917162860103e+03 -2.160957916983460018e+04 7.418406140767604739e+00 1.451219744461261507e-01 1.478488891791922311e-21
2.499000303067958885e+04 4.178743265353419702e+03 -2.081125976532616914e+04 2.491826565339785748e+00 -3.893947056255949585e-02 1.419202506307346977e-21
2.440959617203283415e+04 4.918609704818059072e+03 -1.949098646721477417e+04 5.530448259455776672e+00 6.357046592712613242e-02 1.425350367741499359e-21
2.319191066251238954e+04 6.255407076200948723e+03 -1.693650358631143899e+04 5.447423331299089178e+00 1.669417497231364192e-02 1.362958861209911138e-21
2.272084764763032945e+04 6.823714599560309580e+03 -1.589713304807001987e+04 4.775409458843953736e+00 -4.147797251890270043e-02 1.309572708504840319e-21
