0.000000000000000000e+00 3.141962697038341139e+04 3.141962697038341139e+04 nan 3.612361171187949793e+01 3.219318962056280006e-25
1.534362545924779629e-94 3.140859910472530100e+04 3.140859910472530100e+04 5.488291920562067361e+01 6.824738562335423531e+00 3.193719874199079754e-25
1.231250468614413277e-43 3.141698820600395266e+04 3.141698820600395266e+04 2.310154712423684842e+01 3.262614546104908531e+00 3.217310697625477633e-25
1.212104228502932337e-25 3.142393950354486878e+04 3.142393950354486878e+04 1.363880005270864437e+01 1.277970896037224025e+00 3.227982608422453488e-25
2.629889682702775839e-17 3.141798921149674061e+04 3.141798921149674061e+04 8.404301493730232053e+00 3.421116554883725236e-01 3.209789600675874935e-25
8.184647113125670061e-13 3.141944118086825256e+04 3.141944118086825256e+04 6.079302446940562099e+00 5.313300882745251030e-01 3.218498745767900989e-25
2.215231010521148164e+03 2.906788780238798790e+04 2.685265679186684065e+04 4.316289316482811778e+00 -2.183001339218547665e-01 2.017412153395163684e-22
1.598862467071385436e+04 1.419389425244396989e+04 -1.794730418269884467e+03 1.155254781605914616e+01 -1.078297267916110275e-01 1.519238398852115785e-21
2.408363689766710741e+04 5.200115403216799677e+03 -1.888352149445030955e+04 1.233778238088006951e+01 1.114682480395684933e-01 2.239666323942819420e-21
2.577143790560563502e+04 3.225836717846651482e+03 -2.254560118775898445e+04 9.597251573509486988e+00 -1.099132148329795000e-01 2.388067289777594609e-21
2.655799564989486680e+04 2.366443261286406141e+03 -2.419155238860845930e+04 2.103946851412243912e+00 8.113141267583866278e-02 2.635262075368925681e-21
2.661536772928290520e+04 2.323726031401577529e+03 -2.429164169788132858e+04 1.142496246093212209e+00 1.470832689449860509e-01 2.631961840703096894e-21
2.674569776826888483e+04 2.260262925929011089e+03 -2.448543484233987328e+04 6.030662806408743082e-01 3.977602789234641056e-02 2.646600261868590080e-21
2.666623989494999114e+04 2.290872456886069813e+03 -2.437536743806392042e+04 1.370752902925032046e+00 1.250931799537802723e-02 2.580214163940619869e-21
2.665560564323882136e+04 2.291234312254370252e+03 -2.436437133098444974e+04 9.023652828789151537e-01 2.050099611957091339e-01 2.519024283745833502e-21
2.667558108338300735e+04 2.314438438056103223e+03 -2.436114264532690504e+04 1.430242029759407174e+00 -3.543143972890940713e-02 2.595586538678435618e-21
2.668052324569017946e+04 2.282779913310931988e+03 -2.439774333237924657e+04 7.466942842136079506e-01 1.728116520339689419e-02 2.574997844348198384e-21
2.662177800279907387e+04 2.365626580859111982e+03 -2.425615142193996144e+04 1.342128511912315858e+00 5.832891623526511443e-02 2.712697922751586978e-21
2.624841311832541760e+04 2.793378915442877314e+03 -2.345503420288253983e+04 2.838661324826566190e+00 -5.786362936563236442e-02 2.600035868116519828e-21
2.633215465405463328e+04 2.699936532469786926e+03 -2.363221812158484681e+04 4.537892888018499882e+00 1.090863869928509339e-01 2.562683148479789443e-21
2.633180590460921667e+04 2.687447255972680523e+03 -2.364435864863653478e+04 1.596025717042147463e+00 2.280617675334819724e-02 2.636101956610197434e-21
2.612981193152997730e+04 2.882039429363764157e+03 -2.324777250216621178e+04 1.584631886253179411e+00 -6.775706699440131597e-02 2.607586145604447824e-21
2.634211650903878399e+04 2.675643671457002711e+03 -2.366647283758177946e+04 1.732409509967619554e+00 7.053762164490511022e-02 2.618339143528201154e-21
2.595033403454019572e+04 3.112982424755130978e+03 -2.283735160978506610e+04 3.399354296743332782e+00 -2.010879542658654696e-03 2.542542433713708449e-21
2.596885457141339430e+04 3.082215225934727187e+03 -2.288663934547866666e+04 3.317980125143689119e+00 -3.464003162424959120e-02 2.479299231608763386e-21
2.581684459668538329e+04 3.271274307978890192e+03 -2.254557028870649447e+04 2.770128041828268550e+00 -3.862599123332515622e-02 2.442153901729068036e-21
2.525779539763338471e+04 3.856443631286337222e+03 -2.140135176634704840e+04 2.324316296538656790e+00 -2.098486324418036286e-02 2.474492802897508054e-21
2.496206268326456848e+04 4.289785783387218544e+03 -2.067227689987734993e+04 2.960511732178234379e+00 1.424281321758714691e-01 2.458902504972348926e-21
2.433801855964308925e+04 4.955027000951771697e+03 -1.938299155869131937e+04 3.215886046503813489e+00 -2.698855800980094408e-02 2.448168271048388403e-21
2.357369989454609095e+04 5.781004770947974976e+03 -1.779269512359811779e+04 3.558532764794636538e+00 6.030974666659753153e-02 2.378112947873272786e-21
2.251363739582453491e+04 6.939284162180434578e+03 -1.557435323364410033e+04 4.652494431074249981e+00 -6.895614532888372228e-02 2.188440106425085580e-21
