0.000000000000000000e+00 3.141517621274068370e+04 3.141517621274068370e+04 nan 3.767071184094406533e+01 3.202575309239732145e-25
2.617876705531322156e-94 3.142330559217282644e+04 3.142330559217282644e+04 5.126704182645249119e+01 8.378445571896412147e+00 3.230660011746142931e-25
1.688702003736826112e-43 3.141954355318236412e+04 3.141954355318236412e+04 2.340307908180025720e+01 3.649541015258006116e+00 3.228379968488062554e-25
1.104474762154171977e-25 3.141704207845947167e+04 3.141704207845947167e+04 1.330270849344683803e+01 1.317904936585625686e+00 3.224492451511719134e-25
2.129856470321992887e-17 3.142365826401918093e+04 3.142365826401918093e+04 9.271210756713998080e+00 -5.427882561763738845e-02 3.221310399953271656e-25
9.684728130975584451e-13 3.141977139114618694e+04 3.141977139114618694e+04 5.953164137456265159e+00 4.873942248996801507e-01 3.238201629676254857e-25
2.105230596565612814e+03 2.917092251319863863e+04 2.706569191663302627e+04 4.285874070476043407e+00 -3.111815505133819770e-01 1.147674718355778120e-22
1.615698062514426965e+04 1.398885392084592240e+04 -2.168126704298347249e+03 1.230014937212127357e+01 -1.737070636092840903e-01 8.961379904148836912e-22
2.416704391291783031e+04 5.082876926266048031e+03 -1.908416698665178410e+04 1.316831109213258877e+01 2.849478175205500882e-02 1.350874655148404425e-21
2.622301394563293798e+04 2.869739136493070873e+03 -2.335327480913986801e+04 1.006846145208515786e+01 8.727586171861216602e-02 1.504430234484932609e-21
2.649731890625964661e+04 2.480769705529793100e+03 -2.401654920072985260e+04 4.647737638551003414e+00 1.596467915823523709e-01 1.529482806654206202e-21
2.670372725101791730e+04 2.267647509427241857e+03 -2.443607974159067453e+04 9.292962850071221359e-01 -7.924581830564465801e-02 1.610508801153090617e-21
2.663398469624833524e+04 2.304885429724116875e+03 -2.432909926652421927e+04 7.761376832666327941e-01 3.384557641871393380e-02 1.487950312415861307e-21
2.666889222472482288e+04 2.298888437914301903e+03 -2.437000378681052098e+04 1.119039241270207485e+00 5.427501401058386528e-03 1.496497163089542342e-21
2.670374297862251842e+04 2.266200813183968876e+03 -2.443754216543855000e+04 6.874647338083764714e-01 2.788533281793265095e-02 1.514377400344555744e-21
2.665770556712320467e+04 2.306551823373457864e+03 -2.435115374374974635e+04 1.044305865330602101e+00 1.909136692529781951e-02 1.552884970143287336e-21
2.677391597969060604e+04 2.249713221701801103e+03 -2.452420275798880539e+04 1.337043818670486495e+00 -1.348692406241770447e-01 1.595729157926526634e-21
2.671027898434820236e+04 2.306358493700452073e+03 -2.440392049064774983e+04 1.824534422227249708e+00 -2.117714535509248111e-02 1.562575377103243702e-21
2.630922195156242378e+04 2.683102181097311131e+03 -2.362611977046511311e+04 1.629699711674786444e+00 8.490678661421169338e-02 1.545409898840384407e-21
2.646982407341706494e+04 2.556274118757822635e+03 -2.391354995465924367e+04 1.830394812824924999e+00 -3.079720839619467729e-02 1.544758888933071808e-21
2.616621282569972755e+04 2.818443115594262053e+03 -2.334776971010546549e+04 3.619567875398213008e+00 7.305305250012592011e-02 1.531212336134020133e-21
2.628170432291154793e+04 2.706426484894171153e+03 -2.357527783801737678e+04 3.944806440886632348e+00 -5.073816691888549148e-03 1.531897418407888069e-21
2.630702451013218160e+04 2.661816827018516051e+03 -2.364520768311366555e+04 1.815564988142700953e+00 -7.084569081356408005e-02 1.526103492786145310e-21
2.595261287037686270e+04 3.108758855616115852e+03 -2.284385401476074549e+04 3.353092901638246914e+00 -3.246598044848164610e-02 1.540673054304991534e-21
2.575915530233672325e+04 3.258983081306790154e+03 -2.250017222102993401e+04 3.427145238470984623e+00 -8.325860757302962545e-06 1.544424229042791984e-21
2.580642920608899294e+04 3.281220034527801545e+03 -2.252520917156118958e+04 3.932475869452659811e+00 1.826181502841457693e-01 1.508740975395518780e-21
2.546133527637366569e+04 3.655808200165758080e+03 -2.180552707620790898e+04 4.113409098149607424e+00 -9.250867564773612717e-03 1.492242470012517829e-21
2.492846809302411930e+04 4.317385720361839049e+03 -2.061108237266228025e+04 2.994674049611557809e+00 3.998783476919424290e-02 1.437090431553528866e-21
2.413157932456765047e+04 5.171014409173944841e+03 -1.896056491539370472e+04 3.848580921462676496e+00 -8.241766413446745265e-02 1.370074059973299481e-21
2.321495493932646423e+04 6.167467581419185080e+03 -1.704748735790728097e+04 3.339559148596103366e+00 -6.815611161810466133e-03 1.292648774684042416e-21
2.283793407324923464e+04 6.653324734438319865e+03 -1.618460933881091478e+04 5.118917821785313294e+00 5.899920018436225627e-02 1.304765109150868550e-21
