0.000000000000000000e+00 3.140995639736525118e+04 3.140995639736525118e+04 nan 3.351091413396351726e+01 3.193594816913875072e-25
2.118941973577732183e-94 3.141063989088424205e+04 3.141063989088424205e+04 4.988801211218063258e+01 8.703400694492124501e+00 3.195464235612469305e-25
1.636719261520191395e-43 3.141069186761588935e+04 3.141069186761588935e+04 2.274460034571366762e+01 3.396532485670723744e+00 3.199228409901513061e-25
9.871294136694828295e-26 3.141190092183697197e+04 3.141190092183697197e+04 1.222483842833340439e+01 1.724234746603143131e+00 3.196337398983299735e-25
2.371273197253273684e-17 3.141830471438249151e+04 3.141830471438249151e+04 8.473148201129836465e+00 4.996329985948914643e-01 3.213861377606470662e-25
3.454458894797284338e-12 3.141932252218116992e+04 3.141932252218116628e+04 5.872801488001694104e+00 6.670503164055033851e-01 3.214004461076749515e-25
2.638977198080969174e+03 2.861940403186340700e+04 2.598042683378243964e+04 3.987461874162292030e+00 -3.006919029895311901e-01 1.483306630250946448e-22
1.611611144772869375e+04 1.398015552096365536e+04 -2.135955926765038384e+03 9.047074503973869142e+00 7.247826371247534372e-02 9.113917186455267771e-22
2.450330740323581631e+04 4.753841120188266359e+03 -1.974946628304754995e+04 1.271674348278889077e+01 3.277591445719300195e-02 1.453311760765306128e-21
2.606331120359201668e+04 2.935376805967765904e+03 -2.312793439762425260e+04 9.794311015144218757e+00 4.416209312290853700e-02 1.496827370836438739e-21
2.652972649648572769e+04 2.444667794002483788e+03 -2.408505870248324209e+04 1.034741868547218280e+00 3.863178119717352449e-02 1.495674053171921755e-21
2.665475271288872682e+04 2.314598306753129236e+03 -2.434015440613559622e+04 7.685852900089233941e+00 -2.788328859566053738e-02 1.551690359087955680e-21
2.661231827808539310e+04 2.301690879719057648e+03 -2.431062739836633409e+04 8.461870684832509815e-01 -4.516251768366736502e-02 1.514594862452290927e-21
2.671813855967236304e+04 2.260600636616364227e+03 -2.445753792305599927e+04 6.263739156709436928e-01 -1.092360342602165524e-01 1.533248063127577491e-21
2.660505077213789991e+04 2.292801138445807737e+03 -2.431224963369209217e+04 9.182662414748975488e-01 2.515723385824849001e-01 1.543145318419788469e-21
2.670990201158571290e+04 2.266935754426074254e+03 -2.444296625715963819e+04 7.437249986997068740e-01 6.898730524831468702e-02 1.536385016121817961e-21
2.662968803088613640e+04 2.305360303032799493e+03 -2.432432772785333509e+04 1.209751547000199379e+00 -5.193009359673821275e-03 1.513436568067281501e-21
2.659844990543542008e+04 2.417405046801558910e+03 -2.418104485863386071e+04 1.285327071702646373e+00 3.656068098966860219e-02 1.522669087436878813e-21
2.643140687208256713e+04 2.525916575842212296e+03 -2.390549029624035393e+04 1.669512402302711251e+00 -7.437457875464853485e-02 1.473848827218872569e-21
2.631169253018154996e+04 2.650370696423968184e+03 -2.366132183375758177e+04 1.625046048087653405e+00 2.057414060461612224e-02 1.518282519867335062e-21
2.639504686998567195e+04 2.653097113157761214e+03 -2.374194975682791119e+04 2.173805582069090025e+00 8.462333178026908154e-02 1.501983981360934008e-21
2.613380614985717693e+04 2.910654278328480359e+03 -2.322315187152869476e+04 2.009065089525672754e+00 1.672271428737696214e-02 1.516700198786663525e-21
2.612034944438337334e+04 2.946326221660189731e+03 -2.317402322272318270e+04 1.326508971201120879e+00 4.385521014085422276e-02 1.510479132832215479e-21
2.600754795841550003e+04 3.026275905797114774e+03 -2.298127205261838390e+04 1.898889581430226015e+00 -7.898041170333298944e-02 1.473141934148039263e-21
2.590943832282915173e+04 3.201047344438457912e+03 -2.270839097839069291e+04 3.145119187473127909e+00 1.129539889512942569e-01 1.524342278799536982e-21
2.590587429184070425e+04 3.147045783145207224e+03 -2.275882850869549657e+04 2.885338130569304216e+00 8.343705916990880322e-02 1.476657814850864311e-21
2.545186278038810633e+04 3.678461176046931996e+03 -2.177340160434117570e+04 4.222915319500979869e+00 -6.024090771072520417e-02 1.499330223188151337e-21
2.498147764874709901e+04 4.201602595899326843e+03 -2.077987505284777217e+04 2.434998860193606784e+00 6.447250633165495237e-02 1.477723639988864370e-21
2.429498001468562870e+04 5.028001859453383986e+03 -1.926697815523224563e+04 2.659823058750912406e+00 -8.914167827819345635e-02 1.457834169989333786e-21
2.338384743599208741e+04 6.004907566956773735e+03 -1.737893986903531186e+04 3.843842986563557940e+00 -1.291628060155351233e-02 1.363676083786755105e-21
2.249216576947275098e+04 7.017351150987904475e+03 -1.547481461848484651e+04 7.049309465487142212e+00 -1.242812555866632494e-02 1.293509502125318697e-21
