0.000000000000000000e+00 3.141223418331457287e+04 3.141223418331457287e+04 nan 3.802343287898702329e+01 3.201969427596476621e-25
2.179402058617270057e-94 3.141030317398449188e+04 3.141030317398449188e+04 5.306943191710914220e+01 8.393535152139767419e+00 3.207453397676177948e-25
1.979238418197508962e-43 3.143003455122203377e+04 3.143003455122203377e+04 2.131467798568085570e+01 3.751576766108880800e+00 3.248422822568160962e-25
1.112043471040009123e-25 3.142389138772028673e+04 3.142389138772028673e+04 1.267169257208092681e+01 1.586224914760161475e+00 3.224347713923006139e-25
2.279161130918623925e-17 3.142023494530720563e+04 3.142023494530720563e+04 7.947681350038888759e+00 3.008151980109026735e-01 3.219331420294690718e-25
3.314043802637702123e-12 3.141630021020817003e+04 3.141630021020816639e+04 6.517922048831941595e+00 6.129913507766352465e-01 3.223004761711323360e-25
2.475194320269029504e+03 2.878578738250822789e+04 2.631059306223919702e+04 4.129149877867406282e+00 -1.963295743466638432e-01 1.427539091734645874e-22
1.571510959390404969e+04 1.445025054743318833e+04 -1.264859046470861358e+03 1.010797741436640074e+01 -1.031795874415517705e-01 9.213840093197183724e-22
2.373394651370862630e+04 5.591735388190496451e+03 -1.814221112551812985e+04 1.366793655815196651e+01 4.474130955597493964e-02 1.399499683660154543e-21
2.613716723309195004e+04 2.873620047226173028e+03 -2.326354718586577656e+04 1.513783924816169746e+00 6.200013918265087631e-02 1.504667145020297571e-21
2.653321261334764858e+04 2.424695971649041894e+03 -2.410851664169860669e+04 2.690388924137546045e+00 8.435000289506940085e-02 1.472295766503896446e-21
2.670663419505604907e+04 2.258613251553769715e+03 -2.444802094350228072e+04 9.504977930131285335e-01 7.337136197873841970e-02 1.488848264193093048e-21
2.670862133515184178e+04 2.250383089558823940e+03 -2.445823824559301647e+04 1.187324638443516100e+00 7.213697726862150494e-02 1.495355074685145769e-21
2.677265042513447042e+04 2.267479206688120939e+03 -2.450517121844635039e+04 6.186653865571060118e-01 2.138428428139465820e-01 1.494859190035761355e-21
2.672604945152769869e+04 2.264854137754693966e+03 -2.446119531377300518e+04 6.868623598668288643e-01 1.142814734298842616e-01 1.504274813551334601e-21
2.675240042117205667e+04 2.256181908289552666e+03 -2.449621851288250400e+04 8.785259931718228943e-01 8.163289367789360040e-02 1.489560064747697901e-21
2.664897623290729098e+04 2.378180877938230878e+03 -2.427079535496906101e+04 8.313699628069007863e-01 -1.022757799966789727e-01 1.562074424376958928e-21
2.658199080839009912e+04 2.434555048626027201e+03 -2.414743575976407010e+04 1.270481568268114314e+00 -2.293874913401026602e-02 1.533020590744080969e-21
2.656515045102091608e+04 2.472566509590939859e+03 -2.409258394142997713e+04 1.546689911612062263e+00 1.386078156114699256e-01 1.541511031277945491e-21
2.642327341792019433e+04 2.575546216866714076e+03 -2.384772720105347980e+04 1.549010449707034942e+00 1.427375684761359731e-01 1.490056757906188471e-21
2.623226244143623262e+04 2.782977364360617685e+03 -2.344928507707561585e+04 1.435294547922628894e+00 2.636308117927692596e-01 1.504464368353462784e-21
2.621242824867786476e+04 2.840648611984469426e+03 -2.337177963669339442e+04 3.780576927121627850e+00 7.599767836021344147e-02 1.501275504995303139e-21
2.613966947523863200e+04 2.904113572906825539e+03 -2.323555590233180556e+04 2.373911759554085510e+00 2.571273321901139039e-02 1.516943976629261291e-21
2.622051890589406685e+04 2.822380197527278597e+03 -2.339813870836678689e+04 2.754245923958287268e+00 6.666818139072810956e-02 1.543446495885698748e-21
2.579044431067238111e+04 3.259525566282368345e+03 -2.253091874439001185e+04 1.754073216864034279e+00 6.439419471944211881e-02 1.496464720780481183e-21
2.554058242536772013e+04 3.622359341742231209e+03 -2.191822308362548938e+04 5.929755480871513384e+00 -2.699010340239711980e-01 1.510862897766387684e-21
2.547566432663012165e+04 3.637078354351540838e+03 -2.183858597227858263e+04 4.727285859754150721e+00 -9.422707656289225353e-02 1.467038887849780346e-21
2.508583391913520245e+04 4.110955232852333211e+03 -2.097487868628287106e+04 7.473200510759006043e+00 4.211806375864302066e-02 1.461162616829761789e-21
2.404384459055593470e+04 5.253849299399713345e+03 -1.878999529115622136e+04 2.717203038966797379e+00 3.482775041341384242e-02 1.373636002696856041e-21
2.393742545693082138e+04 5.430800507201682194e+03 -1.850662494972913919e+04 2.551628103906844913e+00 -1.445513787383706462e-03 1.374345330839323043e-21
2.206229246124607380e+04 7.476511694723601977e+03 -1.458578076652247182e+04 3.540906873344346284e+00 2.155677790475974201e-02 1.239349383907774224e-21
