0.000000000000000000e+00 3.141438235243051531e+04 3.141438235243051531e+04 nan 3.063379156171715678e+01 3.221407036168561821e-25
2.350701033136615726e-94 3.141723372818879216e+04 3.141723372818879216e+04 5.098818296531461414e+01 7.792943110606774582e+00 3.218380245188074092e-25
1.659174394214064451e-43 3.141376279092529876e+04 3.141376279092529876e+04 2.433627394559546175e+01 3.382415605473767517e+00 3.192223954582529212e-25
9.717492260953562568e-26 3.141985657238317435e+04 3.141985657238317435e+04 1.315088586060650222e+01 1.672359612973655096e+00 3.208463377464609636e-25
2.621385213913444616e-17 3.141767046801746619e+04 3.141767046801746619e+04 7.810449573271699641e+00 3.941162178062694310e-01 3.210267756476932311e-25
4.587961074133559394e-12 3.141697727888537338e+04 3.141697727888536974e+04 5.593931803510440837e+00 4.887870018790203552e-01 3.224492002078734324e-25
2.587692870448016492e+03 2.867899247410216776e+04 2.609129960365415172e+04 4.435900502608306262e+00 -1.753887102913206097e-01 2.485553337652239342e-22
1.597447602448602811e+04 1.420562012116843835e+04 -1.768855903317589764e+03 1.355085282451427986e+01 -8.775465022764321332e-02 1.520966248593100237e-21
2.390028214255144485e+04 5.400514299197730907e+03 -1.849976784335371485e+04 1.250696606207108630e+01 -7.770000476091075414e-02 2.351638425805710759e-21
2.612677810031698391e+04 2.899471377418873089e+03 -2.322730672289810900e+04 1.613067538739025863e+01 3.802601059048799775e-02 2.613427088229692376e-21
2.668378434435866802e+04 2.286072292760644359e+03 -2.439771205159802412e+04 7.750454667497018724e-01 1.802251676885633855e-02 2.690912329045666617e-21
2.664940753888497784e+04 2.309518728661118985e+03 -2.433988881022385976e+04 1.021690143550424201e+00 3.402683749235729110e-02 2.500219500715314853e-21
2.669529559485882783e+04 2.263086006461756369e+03 -2.443220958839707237e+04 1.097530290174946854e+00 -3.925875227777011339e-02 2.681262390288103728e-21
2.669451797409749270e+04 2.262847697799885736e+03 -2.443167027629760560e+04 1.211951861497458482e+00 7.222589667027051741e-02 2.669819927750754648e-21
2.675560607796295517e+04 2.244853393732638324e+03 -2.451075268423031594e+04 7.249062269744498410e-01 -6.351410048868209868e-02 2.658240741910581824e-21
2.664055662492644115e+04 2.302621514307641974e+03 -2.433793511061880054e+04 1.442146793632053337e+00 1.641948054759485298e-01 2.549178015216634234e-21
2.672081526649428270e+04 2.252843327274960757e+03 -2.446797193921932194e+04 1.040825676684964618e+00 -4.178269417556370463e-02 2.654523068297642353e-21
2.660083438705637309e+04 2.384608122989684944e+03 -2.421622626406668860e+04 2.177023784395450967e+00 -8.337802651138205567e-02 2.613722980830185829e-21
2.646663210715816604e+04 2.561846559235463701e+03 -2.390478554792270370e+04 2.299466948102018904e+00 1.005608960722187833e-01 2.689593450558046973e-21
2.643053407726179285e+04 2.631740924752422416e+03 -2.379879315250936997e+04 9.491796350953647377e-01 6.497291695501997144e-02 2.586094846946489120e-21
2.593260588007974729e+04 3.119302796510865846e+03 -2.281330308356888054e+04 2.807029943890040347e+00 1.235373980533540778e-01 2.551862095963873327e-21
2.620215457852102918e+04 2.860557663629306262e+03 -2.334159691489172110e+04 2.129579925728827039e+00 -9.609394506851819118e-02 2.650879397405575019e-21
2.605245572455842193e+04 2.994613915130156784e+03 -2.305784180942826424e+04 4.406252477160792047e+00 4.501968210835566309e-03 2.521491843830468323e-21
2.620783846042718142e+04 2.826502735744951224e+03 -2.338133572468223065e+04 2.406405900076087345e+00 1.227953720964714002e-01 2.593602504564566988e-21
2.594343208191134545e+04 3.090786097492043609e+03 -2.285264598441930139e+04 3.081657320480084561e+00 9.667516724045899235e-02 2.663056198326794885e-21
2.603375700319634052e+04 3.034961423857013870e+03 -2.299879557933932665e+04 2.162601831976249667e+00 -8.206485326097544275e-02 2.592937122334094382e-21
2.558028165744528451e+04 3.590485273979698832e+03 -2.198979638346558568e+04 2.136281640903993306e+00 8.926851468009128210e-02 2.619321692991758970e-21
2.473966814534717923e+04 4.481536365888016917e+03 -2.025813177945916323e+04 3.050467699503684127e+00 -1.576153969443068459e-01 2.537501213477210146e-21
2.420391596789501273e+04 5.058758680840063789e+03 -1.914515728705494985e+04 1.910544115872522042e+00 7.706975185526371286e-02 2.400584686668419119e-21
2.323352849535313362e+04 6.197553030865426990e+03 -1.703597546448770663e+04 3.864338024066350297e+00 4.234849358898273852e-02 2.214563752822888942e-21
2.237958243665101327e+04 7.115729278549517403e+03 -1.526385315810149586e+04 3.422618203965148265e+00 -5.563461738751331737e-02 2.212323513326289188e-21
