0.000000000000000000e+00 3.141812888411247695e+04 3.141812888411247695e+04 nan 3.756959432081282557e+01 3.207263989366972916e-25
1.873641525128947047e-94 3.141544883741185913e+04 3.141544883741185913e+04 4.846781662222304021e+01 7.549051310371335255e+00 3.214474844131287411e-25
1.730207832602808398e-43 3.142102765394272501e+04 3.142102765394272501e+04 2.766262726590148802e+01 3.298440923063902463e+00 3.214688969336543669e-25
1.257366528469669844e-25 3.141238804287327002e+04 3.141238804287327002e+04 1.290965140327707239e+01 1.578991903014231646e+00 3.204897620891818901e-25
2.204747225027621768e-17 3.140829123641929982e+04 3.140829123641929982e+04 8.493956764465680820e+00 3.081668821232192435e-01 3.197848435761630553e-25
5.574389996524167719e-12 3.140662572036439815e+04 3.140662572036439087e+04 6.093064320916954379e+00 7.128164714661915369e-01 3.181074263057543033e-25
2.568304640079763885e+03 2.868468781193382893e+04 2.611638317185406413e+04 4.496509926923173417e+00 -7.120336035062879579e-04 1.445284715580667247e-22
1.623425970612781748e+04 1.390437746509243516e+04 -2.329882241035382322e+03 1.589744261471158815e+01 -1.232122946374973327e-01 9.406968379535196822e-22
2.445896284301956985e+04 4.781665332061512345e+03 -1.967729751095805841e+04 1.035667826313876105e+01 3.785745320337192271e-02 1.419737017715516990e-21
2.605797279236425311e+04 2.962863673821361772e+03 -2.309510911854289225e+04 7.369680390919095991e+00 -3.858565884408998725e-02 1.446881617798505404e-21
2.658870092107002347e+04 2.363732225361472047e+03 -2.422496869570855051e+04 7.495544015590514420e+00 2.087953747779077926e-02 1.559965564440764556e-21
2.667947107901633353e+04 2.316633658100990942e+03 -2.436283742091534077e+04 5.026686809822300539e+00 -4.309771820967928102e-02 1.541139296719441877e-21
2.666767703667366368e+04 2.275954221116528061e+03 -2.439172281555713562e+04 7.282621222747804879e-01 3.719156106791861750e-03 1.529771470267679015e-21
2.676017711327853613e+04 2.249819313790289470e+03 -2.451035779948824711e+04 5.543621906210214334e-01 3.569549942084460081e-02 1.595582716671398836e-21
2.671743133725098232e+04 2.264947479626171571e+03 -2.445248385762481121e+04 1.190901857716378798e+00 -4.457046503537467896e-03 1.548816106025296589e-21
2.665827294324631657e+04 2.297560932826645512e+03 -2.436071201041967288e+04 1.030049031031708084e+00 -4.299039560427572043e-02 1.527022505328221023e-21
2.656033548625002732e+04 2.388741701815351007e+03 -2.417159378443467722e+04 8.116304166841322720e-01 7.730221795302159860e-02 1.474653037004788012e-21
2.662952839372518793e+04 2.319870779734313601e+03 -2.430965761399087569e+04 1.090616541762249758e+00 1.659251351555704745e-01 1.506865429134381048e-21
2.654198127902974375e+04 2.437168802544133541e+03 -2.410481247648561111e+04 1.806788539684388795e+00 8.185287377634398176e-02 1.529003532198934283e-21
2.648371170947161227e+04 2.509728300912058785e+03 -2.397398340855955394e+04 1.881835310005330442e+00 1.104411438279032098e-01 1.567334650411414488e-21
2.629367979236130122e+04 2.704744608223303658e+03 -2.358893518413799757e+04 1.476875830028403058e+00 -9.932563346598467097e-03 1.546211718961393925e-21
2.628629124844814942e+04 2.788825717071638792e+03 -2.349746553137651063e+04 3.268578833459199640e+00 -4.766784969442009606e-02 1.543264329463097925e-21
2.605614962072330673e+04 3.007373147229350252e+03 -2.304877647349395556e+04 4.203229648006362673e+00 -1.190285226279708120e-01 1.481797910667783746e-21
2.605107697017463215e+04 2.914691120325956945e+03 -2.313638584984867339e+04 1.837389283087388137e+00 2.711556851786081287e-03 1.534058651655589577e-21
2.601778348365428610e+04 3.012105933520801500e+03 -2.300567755013348506e+04 1.834990224134222858e+00 -1.021007258517096922e-01 1.503643977528319906e-21
2.570865314922420657e+04 3.390110457786201550e+03 -2.231854269143800411e+04 2.658130141572621508e+00 -2.633170970777294270e-02 1.490006457121852547e-21
2.568183724125430672e+04 3.477155603644346684e+03 -2.220468163760995958e+04 3.942500065426291389e+00 6.444089932335761613e-03 1.462130925233266305e-21
2.498613184173675836e+04 4.162125375295671802e+03 -2.082400646644108565e+04 2.126020095589597148e+00 -4.342603729124244749e-02 1.401585205027762017e-21
2.408483933255423108e+04 5.218035986268387205e+03 -1.886680334628584387e+04 2.903557539435276169e+00 -3.438949614278342254e-02 1.360148915491771054e-21
2.390115271384053631e+04 5.447752397116789325e+03 -1.845340031672374607e+04 2.763642342874780056e+00 -1.173055315524728498e-01 1.382549817898718875e-21
2.246929905366407911e+04 7.019229917972026669e+03 -1.545006913569205244e+04 3.301508279792036760e+00 -6.590031487886442718e-02 1.271595473932620399e-21
