0.000000000000000000e+00 3.141143239280754278e+04 3.141143239280754278e+04 nan 3.351091413396351726e+01 3.196783543890792632e-25
2.250512070503246886e-94 3.141963488216853875e+04 3.141963488216853875e+04 5.806658878652729783e+01 8.362778209049748668e+00 3.218363027464331945e-25
1.634653467833101752e-43 3.141476540504754303e+04 3.141476540504754303e+04 2.361625766753266831e+01 3.206789738171490711e+00 3.209673235019681494e-25
1.125548206510389499e-25 3.142552819760520651e+04 3.142552819760520651e+04 1.290256608332200727e+01 1.854728704585872245e+00 3.228515869837409693e-25
2.007041643541717752e-17 3.141724192058323024e+04 3.141724192058323024e+04 7.989002415295431980e+00 1.648341880544736127e-01 3.214444343977502889e-25
7.718434338418577547e-12 3.141843738420230875e+04 3.141843738420230147e+04 5.647616082595298792e+00 9.004848240361065237e-01 3.214257384547782974e-25
2.636339995249521962e+03 2.862204400387741043e+04 2.598570400862788665e+04 4.033082636828432044e+00 -1.857591457636439680e-01 1.412588449172426890e-22
1.589695468323940804e+04 1.427082213409172073e+04 -1.626132549147687314e+03 1.035602525992515943e+01 -1.847612608543110213e-02 9.165267503697378159e-22
2.394847629848984434e+04 5.326334182212887754e+03 -1.862214211627695477e+04 1.345483852113754786e+01 -5.526116672282386372e-02 1.380854240032316344e-21
2.594083333609854162e+04 3.074812149455755389e+03 -2.286602118664278532e+04 8.762237980325387809e+00 5.085643843398145875e-02 1.464845878309543292e-21
2.659055738634336376e+04 2.361978312619090048e+03 -2.422857907372427508e+04 5.285917460020747249e+00 2.935110653303832015e-02 1.521471879534091382e-21
2.673429023620772205e+04 2.245142145384602372e+03 -2.448914809082312058e+04 1.650274130551966811e+00 2.314161695225077919e-01 1.546071096473711612e-21
2.673077455286216355e+04 2.270893147433073409e+03 -2.445988140542908877e+04 1.130074552860269588e+00 -6.170373548285435633e-02 1.559719423543550719e-21
2.670181056562661615e+04 2.263640627995519935e+03 -2.443816993763109713e+04 1.091655116966842032e+00 2.711312957626791156e-02 1.539234598012949864e-21
2.667151422187136268e+04 2.272111147681481270e+03 -2.439940307418988232e+04 8.554694817335767310e-01 1.186292702703822290e-02 1.471744765568972742e-21
2.660481762962160064e+04 2.309829957381251916e+03 -2.429498767224034964e+04 8.201667361971319847e-01 -1.102874686428382267e-01 1.470752201227054168e-21
2.656820219556218217e+04 2.394410474110869472e+03 -2.417379172145131452e+04 6.644895074692014347e-01 8.283624221955011857e-02 1.509106040878104749e-21
2.650744635240382559e+04 2.435170998120087916e+03 -2.407227535428373812e+04 2.640154564158192496e+00 2.686469910187981244e-02 1.472610153426436761e-21
2.656767059620804139e+04 2.456267718696329666e+03 -2.411140287751171127e+04 1.298200063968644846e+00 -4.295558682922020685e-03 1.555483645964467289e-21
2.656372041726503085e+04 2.458969732636952358e+03 -2.410475068462807758e+04 2.911684622580514414e+00 3.132882545041775629e-02 1.490441373818196372e-21
2.630924865751249672e+04 2.684400230288459170e+03 -2.362484842722403846e+04 2.093484887039731124e+00 -1.925437590762799425e-02 1.519064694689322850e-21
2.629509590067156751e+04 2.718047982283655529e+03 -2.357704791838791061e+04 2.513300434167174302e+00 3.220679134547218408e-02 1.563426216459312119e-21
2.605415810017627882e+04 3.067484642790320322e+03 -2.298667345738595759e+04 1.945797975584089512e+00 -1.084985602022651117e-02 1.462165063072339921e-21
2.613859031292020882e+04 2.922143267620844654e+03 -2.321644704529936280e+04 2.238037202124691039e+00 6.366645440518296784e-02 1.471439819019621822e-21
2.602731568328152207e+04 3.013199400645230980e+03 -2.301411628263629245e+04 3.647906533254002159e+00 1.309498104953931985e-01 1.491977691408520574e-21
2.569296294641290297e+04 3.447197994041641323e+03 -2.224576495237126073e+04 4.258431959306484771e+00 4.465579911434234411e-02 1.463025208337819082e-21
2.535976189754050574e+04 3.787820694449935218e+03 -2.157194120309056962e+04 1.892595229204288687e+00 6.559308019953784263e-02 1.485088009241798920e-21
2.515267181612577770e+04 4.021622420638382209e+03 -2.113104939548739640e+04 1.696051743844340765e+00 -5.020756249018965001e-02 1.494526900850308688e-21
2.412186740705937700e+04 5.140276837904795684e+03 -1.898159056915458132e+04 3.125262662398636593e+00 -7.928422289429666592e-02 1.370236489857462248e-21
2.313906117698333037e+04 6.211253814133854576e+03 -1.692780736284947488e+04 4.379611102368588860e+00 1.250303165413864104e-01 1.281656462506575291e-21
2.243413096780671549e+04 7.076127338294296351e+03 -1.535800362951241914e+04 1.000789681880917747e+01 -2.596599444999632689e-01 1.311899013362990930e-21
