0.000000000000000000e+00 3.141708236620737443e+04 3.141708236620737443e+04 nan 3.054883956250574428e+01 3.214814109935400868e-25
1.758377645468502602e-94 3.141764165311789111e+04 3.141764165311789111e+04 5.773092680510743691e+01 6.115050264407954295e+00 3.210069708830900445e-25
1.388719604069336681e-43 3.141591602260450964e+04 3.141591602260450964e+04 2.284754819447318752e+01 3.391813813254407339e+00 3.210976888831191859e-25
1.344975981808364773e-25 3.142620625304211353e+04 3.142620625304211353e+04 1.292669460369565115e+01 1.652638792718865046e+00 3.218325646014882772e-25
2.376165686052224586e-17 3.141672567933632308e+04 3.141672567933632308e+04 8.048902721426861362e+00 2.810312391974902346e-01 3.209005684186051970e-25
3.649992416933903017e-12 3.141796047957769770e+04 3.141796047957769406e+04 6.182064760417254945e+00 6.015200785277198259e-01 3.220640977233616231e-25
2.524768960807113672e+03 2.873150548932527090e+04 2.620673652851815859e+04 4.086579488276941952e+00 -1.695307133873934502e-01 2.775923046188364445e-22
1.642899967205181383e+04 1.369991561134756921e+04 -2.729084060704244621e+03 1.176820928072245387e+01 1.035628577807407025e-02 1.565840165672672429e-21
2.446445449642219683e+04 4.765749479699515177e+03 -1.969870501672268074e+04 1.386481762527529149e+01 4.740932730734979256e-02 2.386543108865885670e-21
2.613180370082467562e+04 2.876807182117906905e+03 -2.325499651870676826e+04 8.089142860707077887e+00 -4.093947518826975690e-02 2.514681686387476310e-21
2.661082993149681715e+04 2.388168983727552131e+03 -2.422266094776926548e+04 1.381855790210729351e+00 2.694416480230265795e-02 2.583459468796169280e-21
2.668123711827106672e+04 2.288540902344005190e+03 -2.439269621592706244e+04 5.872138960550242759e-01 -7.606928612556389246e-02 2.565655686960365762e-21
2.672287114612180085e+04 2.259556656381213088e+03 -2.446331448974058731e+04 8.255757430279416775e-01 4.142031976219554684e-02 2.776324787551696205e-21
2.667183988476934610e+04 2.270099213488985697e+03 -2.440174067128036040e+04 1.109230660598089946e+00 7.703825970165047166e-02 2.653024272027886486e-21
2.668501545148407240e+04 2.251269247437314334e+03 -2.443374620404675807e+04 1.205492810423040018e+00 -6.551808966499197973e-02 2.575443624707605123e-21
2.668659925731628391e+04 2.268085044634959559e+03 -2.441851421268132253e+04 1.666393893357088984e+00 3.365461414841576515e-02 2.650292875179556803e-21
2.656079303141944911e+04 2.379459093217093596e+03 -2.418133393820235506e+04 3.360196520917199781e+00 -3.683762132877980294e-02 2.567936900420564469e-21
2.662103897807775502e+04 2.327922317731179191e+03 -2.429311666034657537e+04 7.197261950793260032e-01 9.670742019386187327e-02 2.539016145920214331e-21
2.649894336146365822e+04 2.531471869850044186e+03 -2.396747149161361449e+04 1.875814602753711924e+00 1.378439224391001250e-01 2.526948913732222204e-21
2.616589336909224585e+04 2.848993751996022183e+03 -2.331689961709622366e+04 2.579779704994597633e+00 -1.161012829566941407e-01 2.470753968692367175e-21
2.605424608415786861e+04 3.006621430644705015e+03 -2.304762465351316496e+04 2.736358969404947050e+00 4.289046127845231454e-02 2.548396011004776514e-21
2.628009731958420161e+04 2.759698963922677649e+03 -2.352039835566152396e+04 2.747208945083066567e+00 6.264239083997958334e-03 2.698354688447739226e-21
2.609731237210826293e+04 2.996596795455434858e+03 -2.310071557665282671e+04 2.760633504499351520e+00 1.291075174384418711e-01 2.672971832158725322e-21
2.593526663184148492e+04 3.105367673587751142e+03 -2.282989895825373242e+04 2.979797131043522285e+00 -4.236365953518444506e-03 2.606688530168718570e-21
2.588816587577951577e+04 3.191213790136217995e+03 -2.269695208564329732e+04 3.947194761581825251e+00 1.653438391694588838e-01 2.658716329794476568e-21
2.588394111927676568e+04 3.172839512588725938e+03 -2.271110160668804019e+04 1.774308671106143542e+00 -2.882633304418645570e-02 2.527995825830397102e-21
2.573989146217204689e+04 3.335382772783441396e+03 -2.240450868938860367e+04 4.390564287868769178e+00 8.878498080178449936e-02 2.552338480465991475e-21
2.459930393782152896e+04 4.589835335449572995e+03 -2.000946860237195506e+04 5.636903710809107793e+00 -1.299787129558104271e-01 2.458955691004350347e-21
2.417389143112336023e+04 5.169553803896763384e+03 -1.900433762722659594e+04 5.357457933739532052e+00 -8.256682469138888758e-02 2.317358101409551522e-21
2.381434904269559047e+04 5.559571003796081641e+03 -1.825477803889950883e+04 2.711254082330157189e+00 7.252427980522295481e-02 2.227938616182079897e-21
2.227153558988251461e+04 7.261970561202831959e+03 -1.500956502867968265e+04 4.220858319366597833e+00 -6.000353985630657756e-03 2.277598593623972847e-21
