0.000000000000000000e+00 3.142010008845289849e+04 3.142010008845289849e+04 nan 3.629840416166006634e+01 3.213572874972165239e-25
2.068765572127856339e-94 3.142517498264906681e+04 3.142517498264906681e+04 5.673354445326101114e+01 7.556999845484077660e+00 3.236598299011445867e-25
1.498635427754810040e-43 3.141466628709164797e+04 3.141466628709164797e+04 2.433064799790966504e+01 3.647182246633301261e+00 3.207057744500678004e-25
9.763960871228191413e-26 3.142376318547895062e+04 3.142376318547895062e+04 1.287176150815833786e+01 1.724234746977129973e+00 3.225607322930589241e-25
2.028275378819722770e-17 3.141668851914555125e+04 3.141668851914555125e+04 8.837726469778028004e+00 1.455468940540608769e-01 3.215105890105640816e-25
1.198871271864399877e-11 3.141419775793267036e+04 3.141419775793265944e+04 6.116300980106480267e+00 8.022757680776392286e-01 3.199391194045094695e-25
1.979697443278295623e+03 2.932683715427593052e+04 2.734713971099763512e+04 4.092659756622903267e+00 -2.803231472346301989e-01 2.214591912735428925e-22
1.619428051581678665e+04 1.394645494211910773e+04 -2.247825573697678919e+03 1.874503289993806376e+01 -9.157820467462063352e-02 1.572346320397207264e-21
2.439726093628033777e+04 4.819701713481142178e+03 -1.957755922279919469e+04 8.818639226887462712e+00 4.508208639670899937e-02 2.404130652290357976e-21
2.619605109091048871e+04 2.762418690439720649e+03 -2.343363240047076761e+04 4.115784031454116310e+00 3.153382065359437714e-02 2.577802655022185851e-21
2.656614433646639372e+04 2.405648608385165971e+03 -2.416049572808122684e+04 8.359461388323770059e-01 6.831577331835000932e-02 2.485985545566822782e-21
2.674782882140098081e+04 2.249219065253613735e+03 -2.449860975614736526e+04 1.067818260627894089e+00 1.312911762601041456e-02 2.624570391784066013e-21
2.669455506152575981e+04 2.288625912460004201e+03 -2.440592914906575606e+04 3.760447351025266283e+00 8.682901299897605174e-02 2.560167277324164818e-21
2.668161309465723389e+04 2.268466654918106997e+03 -2.441314643973912825e+04 7.929156632562820439e-01 1.226968470859193111e-02 2.566978955852732753e-21
2.665850664854810384e+04 2.287072564376607716e+03 -2.437143408417149476e+04 8.954463674858178512e-01 -1.064880937343173350e-01 2.712994776617669971e-21
2.669729061817224647e+04 2.262556290033474852e+03 -2.443473432813877298e+04 7.084129376845401671e-01 1.195317511639137215e-01 2.592139990431994834e-21
2.666819244418166272e+04 2.312673088912958519e+03 -2.435551935526870511e+04 1.395037416024631938e+00 1.489102212682952564e-01 2.669848541988123716e-21
2.655238553569743453e+04 2.390591296801924727e+03 -2.416179423889550890e+04 7.569610267104801560e-01 6.683166731764549062e-02 2.655751718032085099e-21
2.655513871501830363e+04 2.439722014372135618e+03 -2.411541670064616847e+04 1.663721442447657628e+00 1.439719188517557258e-01 2.571707703740517294e-21
2.660664272865192834e+04 2.438223713132583725e+03 -2.416841901551934279e+04 1.717232291384768184e+00 4.467632363585508082e-02 2.647908524563465931e-21
2.641082084476355521e+04 2.648536386060038694e+03 -2.376228445870351788e+04 2.967126414462643691e+00 -7.530831262572464102e-02 2.763815911352614509e-21
2.617366702206599803e+04 2.806570181481738473e+03 -2.336709684058425773e+04 2.581687321884453379e+00 2.769969253209042526e-02 2.560700974569380898e-21
2.627951919876127067e+04 2.771296357892937522e+03 -2.350822284086833315e+04 2.348935761488973650e+00 1.647919571716810125e-02 2.610483956109010634e-21
2.601288997530993947e+04 3.042404937253370463e+03 -2.297048503805656946e+04 5.170645985713220760e+00 5.944417835012681846e-03 2.694688001028266122e-21
2.595410936908096846e+04 3.142729899818499234e+03 -2.281137946926246877e+04 3.967287992364081362e+00 -8.132520580750685069e-02 2.591319867285529075e-21
2.577812720385306966e+04 3.299235571659441575e+03 -2.247889163219362672e+04 1.594754654773693936e+00 6.341800845977668688e-02 2.531331837474510880e-21
2.543226737647201298e+04 3.738351449464591042e+03 -2.169391592700742331e+04 3.215675768372813881e+00 1.512021350405351738e-01 2.576488972033097234e-21
2.484225992180456888e+04 4.409407985029862175e+03 -2.043285193677470670e+04 2.507444894712667960e+00 1.489587663904601567e-01 2.473837606420754098e-21
2.401318464107178806e+04 5.286318696020638527e+03 -1.872686594505114772e+04 3.315497566248686301e+00 -2.102402659789474881e-02 2.402219353970349081e-21
2.299522761263979555e+04 6.398947516618056397e+03 -1.659628009602173915e+04 2.198171758898729511e+00 1.481911669433599692e-02 2.139803641072540499e-21
2.168049679872462730e+04 7.941804731061672101e+03 -1.373869206766295611e+04 6.390887076964557600e+00 1.040603208840271549e-01 2.071665376593101669e-21
