0.000000000000000000e+00 3.142009561263127398e+04 3.142009561263127398e+04 nan 5.256503989016487566e+01 3.231344435310185606e-25
2.298513551792408256e-94 3.141836039347887709e+04 3.141836039347887709e+04 6.131538813244466724e+01 8.712402732439286979e+00 3.214953552157993850e-25
1.493643163991783609e-43 3.141571754412627342e+04 3.141571754412627342e+04 2.358109689256421859e+01 3.296472677381194760e+00 3.209639803598069147e-25
1.072280884258929023e-25 3.140907544045940449e+04 3.140907544045940449e+04 1.372945668716091383e+01 1.791449329724323691e+00 3.194916759939464012e-25
2.244179868310895602e-17 3.141652480906615892e+04 3.141652480906615892e+04 7.822794902048047838e+00 2.990877107834881699e-01 3.223875593140196497e-25
3.090444985438880340e-12 3.141789048798812655e+04 3.141789048798812291e+04 5.420424511203246531e+00 5.484999372570095177e-01 3.217795032098370824e-25
2.183958440405967394e+03 2.909446268013731606e+04 2.691050423973134821e+04 4.250348795239921706e+00 -5.260469922558811545e-02 1.165553897197504806e-22
1.668549505135236905e+04 1.340205174947193336e+04 -3.283443301880435683e+03 1.147917426860119861e+01 -8.130855203034288714e-02 9.539575015227365979e-22
2.433829134769284065e+04 4.922851821421187196e+03 -1.941543952627165345e+04 1.231300859218736754e+01 -1.480042888320025340e-01 1.370341758559004208e-21
2.615270178353110168e+04 2.892976142411781439e+03 -2.325972564111931933e+04 6.658092571252367087e+00 1.376980441774692532e-01 1.539970324069206689e-21
2.659687142401238816e+04 2.385427961916711865e+03 -2.421144346209567448e+04 2.886840443041172488e+00 -8.896088631396731339e-02 1.558707450265041838e-21
2.671936444724669491e+04 2.274029760966219783e+03 -2.444533468628047558e+04 5.977863627982832329e-01 -4.201776543702962635e-02 1.570188115324025864e-21
2.669355229162749310e+04 2.267590186641104538e+03 -2.442596210498638902e+04 9.294390352956858337e-01 1.719964715071400085e-01 1.541001852068065596e-21
2.670586264783904699e+04 2.258245376859167663e+03 -2.444761727097987750e+04 9.733942928126171346e-01 3.929682854121345145e-04 1.548085642365879833e-21
2.668277335489761754e+04 2.280202599948777788e+03 -2.440257075494883975e+04 7.646725376289165155e-01 6.813236412241009676e-02 1.511615967289563544e-21
2.671469100362317840e+04 2.251465528200503286e+03 -2.446322547542267421e+04 8.955039966953725061e-01 -5.925922090180907147e-03 1.553954810504069660e-21
2.666657597904357681e+04 2.287554907141771309e+03 -2.437902107190180686e+04 1.105885273931984214e+00 9.130963908498501702e-02 1.510299416401578094e-21
2.639956875589738775e+04 2.527842578957588103e+03 -2.387172617693979919e+04 8.093805081436871163e+00 -4.256297638150392110e-02 1.478251539211619902e-21
2.656166430939235215e+04 2.433982790064645997e+03 -2.412768151932770706e+04 2.235738986440459097e+00 4.300828294848351580e-02 1.610050415910636439e-21
2.632459384547693480e+04 2.694991487489354768e+03 -2.362960235798758004e+04 3.747932148223307447e+00 7.997828440428901564e-02 1.545918008954953335e-21
2.607065944227715590e+04 3.017304401255562880e+03 -2.305335504102159393e+04 3.340659925816366282e+00 1.483264705946875373e-01 1.524771153636961031e-21
2.633488139132110518e+04 2.693405071080750076e+03 -2.364147632024035556e+04 1.965917408965409008e+00 -1.018293491547983404e-01 1.552336594262738476e-21
2.588451184940515668e+04 3.145403032991257078e+03 -2.273910881641390006e+04 3.496099352203232424e+00 8.484331329906179275e-02 1.525838688178032049e-21
2.608021265143197161e+04 2.990169853832163881e+03 -2.309004279759980636e+04 1.930955348890374346e+00 -1.088370170423519356e-01 1.499951824258340274e-21
2.557305551662415019e+04 3.517818495050679758e+03 -2.205523702157346997e+04 2.769861709790886639e+00 1.971656846837352983e-01 1.482935703789208658e-21
2.595582314603174382e+04 3.082320623053622967e+03 -2.287350252297812040e+04 1.854415578102981854e+00 -5.744332475303326468e-02 1.528843314273368028e-21
2.564171786823511138e+04 3.443566214720985045e+03 -2.219815165351412725e+04 3.817065122929829357e+00 -4.627556881551525558e-02 1.481837099333748827e-21
2.517676352394231071e+04 4.005258301186167500e+03 -2.117150522275614276e+04 3.258777493225261335e+00 6.479968097148817996e-02 1.493453081632479062e-21
2.424762134151182909e+04 5.027888577336870185e+03 -1.921973276417495799e+04 1.228438691881389211e+01 -9.687734408140165343e-02 1.393056182569060766e-21
2.353014892824153139e+04 5.875593704496020109e+03 -1.765455522374551219e+04 2.679010810953785349e+00 1.210060736078145960e-02 1.345357837296389683e-21
2.203537412983924878e+04 7.510445665542104507e+03 -1.452492846429714336e+04 6.947216702770698582e+00 1.754581750463474199e-02 1.242861180835751794e-21
