0.000000000000000000e+00 3.141662730625594850e+04 3.141662730625594850e+04 nan 3.346075401206353916e+01 3.214916883527197245e-25
2.400220123430520650e-94 3.141054609885505852e+04 3.141054609885505852e+04 5.285723675223300688e+01 8.698629525248094296e+00 3.209879779718791497e-25
1.260642750751205158e-43 3.141439703951018237e+04 3.141439703951018237e+04 2.677963366259253064e+01 3.302576081794092122e+00 3.208485704690978183e-25
9.036087911831622814e-26 3.142726204439913636e+04 3.142726204439913636e+04 1.183766228949699695e+01 1.219723985149093970e+00 3.246740127086683335e-25
2.129012590371110489e-17 3.141172958664878024e+04 3.141172958664878024e+04 7.767799648526853673e+00 3.619671220033347514e-01 3.204491070071756356e-25
1.377443775294043880e-11 3.141567842389992802e+04 3.141567842389991347e+04 5.585957227143940607e+00 4.927300455132179735e-01 3.209766486129372306e-25
2.452757441978165843e+03 2.879910919440428916e+04 2.634635175242612240e+04 4.303145173976747451e+00 -1.339651372530834550e-01 2.600722612706777621e-22
1.624371025607221418e+04 1.385387265614709941e+04 -2.389837599925114773e+03 1.221284777570154567e+01 -3.916599648313814908e-02 1.453318673032804734e-21
2.401964971144585070e+04 5.295306127678733901e+03 -1.872434358376711680e+04 1.429315774516752846e+01 -4.860612198249680826e-02 2.380892199191667582e-21
2.610118168095517467e+04 2.882798589966813324e+03 -2.321838309098836180e+04 1.841282196137255767e+01 -7.098977820142494954e-02 2.597104198058563077e-21
2.659864107784341468e+04 2.410059691885121083e+03 -2.418858138595829223e+04 7.627065553089309446e-01 -8.487519510846419646e-02 2.637397817019163887e-21
2.672184389228554573e+04 2.263141011637266274e+03 -2.445870288064827764e+04 7.882311560435879549e-01 9.322729709741579829e-03 2.613447841465435586e-21
2.662652469213083168e+04 2.309221497002061369e+03 -2.431730319512877031e+04 6.166423608231117015e+00 5.700600533481553489e-02 2.557707630257791240e-21
2.668067414041923621e+04 2.284366465702110872e+03 -2.439630767471712534e+04 7.938283977666898972e-01 8.021320190513160642e-02 2.579528291146248992e-21
2.665966921290812388e+04 2.281436956933750025e+03 -2.437823225597437340e+04 6.395442722232153043e-01 6.783801183865563467e-02 2.629029201986756041e-21
2.669919427069910671e+04 2.262085967893543511e+03 -2.443710830280556183e+04 6.818949701549580356e-01 1.063050352038340390e-01 2.608950254547782853e-21
2.668774274269123998e+04 2.298569532386738047e+03 -2.438917321030450330e+04 2.091565892137634108e+00 -4.566075508601070282e-02 2.563411128473851784e-21
2.654874984143268011e+04 2.478770081269870388e+03 -2.406997976016280882e+04 1.240414065186536963e+00 1.286341164963350769e-01 2.693092564377032173e-21
2.649902617402694159e+04 2.488040436138042423e+03 -2.401098573788889917e+04 1.566754475786840572e+00 3.871016012120612193e-02 2.564104496703750346e-21
2.645040705804289973e+04 2.571556294319329481e+03 -2.387885076372357071e+04 2.084017379026909200e+00 -4.458541602367882550e-02 2.610528461984764904e-21
2.625690402331516452e+04 2.755736936489683558e+03 -2.350116708682548051e+04 4.167508585099127139e+00 1.418323170700788449e-01 2.616056308920803221e-21
2.630194335771918486e+04 2.736666193269362793e+03 -2.356527716444982070e+04 1.838675931686355680e+00 5.798029984456989222e-02 2.650580451290692483e-21
2.589889279900178735e+04 3.226155213529018965e+03 -2.267273758547276884e+04 1.816629900471524950e+00 3.322574281992088656e-04 2.634503536267782155e-21
2.592586526392353335e+04 3.113837849714331696e+03 -2.281202741420920211e+04 2.315068699152945886e+00 8.034692947194131685e-03 2.539635095071537823e-21
2.584403003237062512e+04 3.217326760332945923e+03 -2.262670327203768102e+04 5.550276869910639732e+00 4.329829703732630125e-02 2.546499076957125744e-21
2.560230831775342085e+04 3.563944178049313450e+03 -2.203836413970410649e+04 1.741022968101811452e+00 -7.573265947219583183e-02 2.495620071241366831e-21
2.575718024340747797e+04 3.357352319477968649e+03 -2.239982792392950796e+04 2.180115108524156131e+00 1.666404594831935593e-01 2.579591146734032609e-21
2.500639187925617080e+04 4.209599988893995032e+03 -2.079679189036217576e+04 3.237590650714863738e+00 -3.802952600923938109e-02 2.446608976640330449e-21
2.396528467405422998e+04 5.389612099449664129e+03 -1.857567257460456676e+04 2.969485107864404227e+00 -7.039693730447223186e-02 2.416881540608517515e-21
2.307278624157862942e+04 6.349226404480522433e+03 -1.672355983709810607e+04 3.321330211929412357e+00 1.104670653381839424e-01 2.237088837644198099e-21
2.244656168489748597e+04 7.043164240303268343e+03 -1.540339744459421854e+04 4.321218637310299648e+00 6.166731462744552000e-02 2.187368870155703765e-21
