0.000000000000000000e+00 3.141586062802216838e+04 3.141586062802216838e+04 nan 3.141347013073620431e+01 3.213788343329645188e-25
2.500290893437970492e-94 3.142093390873012686e+04 3.142093390873012686e+04 4.749135728863561923e+01 8.691403671916248186e+00 3.237344905975654661e-25
1.655026804197056991e-43 3.142973440671613571e+04 3.142973440671613571e+04 2.399715377690779761e+01 3.466278631401896959e+00 3.240213481566141988e-25
1.112078331106607982e-25 3.141291141978015730e+04 3.141291141978015730e+04 1.244821703892879583e+01 1.698738159506291590e+00 3.211279575335104008e-25
2.037681208877492534e-17 3.142560763483932533e+04 3.142560763483932533e+04 8.035441811599325135e+00 -1.039315789687053071e-01 3.241284862447671268e-25
4.302665123178219009e-12 3.142090540477995091e+04 3.142090540477994728e+04 6.279208120666047499e+00 6.194099106110301234e-01 3.230230850711594419e-25
2.243029494135270397e+03 2.903579239328710901e+04 2.679276289915183952e+04 4.065607586669025331e+00 -2.945091941294528115e-01 2.016973236496262774e-22
1.647615841901204840e+04 1.364948113993766856e+04 -2.826677279074379840e+03 1.325591953636094900e+01 -9.641368640443881421e-02 1.578985482318120099e-21
2.405885629272025835e+04 5.212935937211738747e+03 -1.884592035550851870e+04 1.419215239687829389e+01 2.737501217660226124e-02 2.330433475453596111e-21
2.603922012630299287e+04 2.939352912885359729e+03 -2.309986721341763405e+04 8.033424588249948428e+00 -1.603101580818653560e-01 2.569688416430086002e-21
2.651461762353652739e+04 2.459948022110739657e+03 -2.405466960142578682e+04 4.146331883882042213e+00 -1.902729273747749972e-01 2.523611028257444764e-21
2.671862821590229214e+04 2.286971082596664928e+03 -2.443165713330562721e+04 7.003352852362300096e-01 1.057944760715891913e-01 2.677310396169103084e-21
2.672826657826589508e+04 2.271804309386195200e+03 -2.445646226887969897e+04 1.043952157761968813e+00 8.200807556924395725e-02 2.593425474921858819e-21
2.665757348708855716e+04 2.271619954741734091e+03 -2.438595353234682261e+04 7.623305043087885702e-01 2.055343004201743151e-01 2.610153571982519847e-21
2.668822610706358682e+04 2.276545604366712723e+03 -2.441168050269687228e+04 8.868786526597342013e-01 9.250134185529772235e-02 2.626237647723419626e-21
2.672246829769830583e+04 2.268146339031156913e+03 -2.445432195866714756e+04 5.928902342112376544e-01 -4.321120645790362674e-02 2.559204569537924313e-21
2.670030491416499353e+04 2.280073449748416351e+03 -2.442023146441657809e+04 6.066621956720771314e-01 -5.481128789907898508e-02 2.645547444859460937e-21
2.662431031057838118e+04 2.360255554352103900e+03 -2.426405475622627637e+04 1.763941288421894571e+00 3.322363561525668030e-02 2.629844835540168973e-21
2.647943055038238163e+04 2.506878849558942875e+03 -2.397255170082343830e+04 4.711144644944507576e+00 6.806204528539201715e-02 2.676032592700153777e-21
2.643498514683940084e+04 2.587075959188631714e+03 -2.384790918765077004e+04 1.531935521896333752e+00 8.800696476254081524e-02 2.568078692427932028e-21
2.625618303124589511e+04 2.772035625277957024e+03 -2.348414740596793854e+04 2.230300980320420123e+00 1.263651863298189404e-01 2.725665061985059778e-21
2.609605725134113527e+04 2.966787971619528889e+03 -2.312926927972160775e+04 4.320134558439921335e+00 -1.275545625347450536e-02 2.405107039910098574e-21
2.594067638500842804e+04 3.116064157319841797e+03 -2.282461222768858715e+04 1.975895699064408761e+00 1.079621743606369172e-01 2.441097121006911326e-21
2.591908242124049502e+04 3.205964650454626280e+03 -2.271311777078586965e+04 4.170812245201790169e+00 2.356647918537927485e-03 2.521204104416134705e-21
2.606796415446574247e+04 2.989396430139239328e+03 -2.307856772432650178e+04 3.123749338164041323e+00 -3.756370078066662010e-02 2.689844461350076656e-21
2.587658806159438609e+04 3.200876154145053533e+03 -2.267571190744933119e+04 1.867307956571227168e+00 1.385400642445603903e-01 2.674736044209338386e-21
2.540343134226787515e+04 3.682337108468355837e+03 -2.172109423379951841e+04 4.382893871441172706e+00 1.969100337886690866e-02 2.487045083113058673e-21
2.513971913856578976e+04 4.075020183324003483e+03 -2.106469895524178719e+04 4.423233258934070378e+00 -1.301024289540363317e-02 2.466652244964805680e-21
2.447179349494997223e+04 4.793196906805576873e+03 -1.967859658814439535e+04 5.629406556687672314e+00 5.562109838501864273e-02 2.573025038415628092e-21
2.309385646790385363e+04 6.318636472948384835e+03 -1.677521999495547061e+04 2.922198363062259663e+00 7.716548789959005485e-03 2.214279505638168092e-21
2.239069199668146757e+04 7.146754001719407825e+03 -1.524393799496205975e+04 3.686128515803668293e+00 -1.743081891514951243e-02 2.166191584953059043e-21
