0.000000000000000000e+00 3.141905331666072743e+04 3.141905331666072743e+04 nan 3.336043675176105694e+01 3.207028494656074041e-25
2.147800402983537454e-94 3.141727559643823042e+04 3.141727559643823042e+04 5.243346329722894694e+01 8.380899117653049402e+00 3.217516288429782200e-25
1.618772257820689026e-43 3.141409581192857149e+04 3.141409581192857149e+04 2.337120474306869156e+01 3.379454798698398488e+00 3.211417970571747942e-25
1.234349701449552353e-25 3.142028301889206705e+04 3.142028301889206705e+04 1.323562795643271528e+01 1.763494612510084325e+00 3.222743232606410574e-25
2.157271773419219601e-17 3.141131247857146082e+04 3.141131247857146082e+04 8.423974132696352868e+00 -4.272290733892192272e-01 3.207015450439663853e-25
8.723855903470404154e-13 3.141200849851255043e+04 3.141200849851255043e+04 5.923055615853354716e+00 5.351239997285826000e-01 3.194829664325001737e-25
1.927555837919756186e+03 2.937626547769845638e+04 2.744870963977869906e+04 4.184368632874860161e+00 -2.481359277554674447e-01 1.725411313991206102e-22
1.613216685211534423e+04 1.399136391447846108e+04 -2.140802937636883144e+03 1.332569273880774752e+01 -1.129672940293608985e-01 1.562970074363204320e-21
2.393551499200558828e+04 5.374264730089710611e+03 -1.856125026191587676e+04 1.261308220688204962e+01 9.260794629189873090e-03 2.385924109121567813e-21
2.629780529833279070e+04 2.742615445467871723e+03 -2.355518985286491807e+04 1.517188376167937891e+00 9.333075459601510027e-02 2.631693552167433066e-21
2.650267823651525032e+04 2.437719125464891476e+03 -2.406495911105036066e+04 1.052143260060750229e+01 8.425078059277663067e-02 2.531507080060237830e-21
2.669418870664537826e+04 2.265846335188303328e+03 -2.442834237145707448e+04 9.936637035821324071e-01 -2.470390851306975000e-02 2.712538084947804836e-21
2.668371496597813530e+04 2.300282232309799838e+03 -2.438343273366833455e+04 1.008224101834076292e+00 9.217236235416141621e-02 2.508887912785531615e-21
2.669816496102704332e+04 2.275196716553173701e+03 -2.442296824447386825e+04 6.385093666153878189e-01 1.493922352638592521e-01 2.551730457714778841e-21
2.667581491140527214e+04 2.265286840192175532e+03 -2.441052807121309525e+04 7.041401625115790708e-01 3.883993896680670854e-02 2.726379286447224295e-21
2.671414378084511918e+04 2.247459616111859759e+03 -2.446668416473325851e+04 1.056974160975252097e+00 -1.090701147408202308e-02 2.633582116801135831e-21
2.662559754354255710e+04 2.324760516608610942e+03 -2.430083702693394662e+04 7.674862464170552068e-01 7.346698356888685388e-02 2.615738749899021752e-21
2.655560062478193504e+04 2.388473112272816707e+03 -2.416712751250911970e+04 3.293215067188357548e+00 1.060214413262034472e-01 2.629816508713577222e-21
2.646101267308512979e+04 2.567114274984473013e+03 -2.389389839810065678e+04 1.749926890667433677e+00 6.104750769075171363e-02 2.624031993415130515e-21
2.637683073251942551e+04 2.634678748428754261e+03 -2.374215198409066943e+04 2.460886545291549155e+00 -2.581224631218717244e-02 2.567509945835386720e-21
2.630198408754632328e+04 2.730408688307979446e+03 -2.357157539923834338e+04 1.506810974135628811e+00 -9.036542003111559807e-02 2.596696963807451509e-21
2.626935931127849108e+04 2.822647842937446057e+03 -2.344671146834104366e+04 3.324547363017519519e+00 -2.774817724046382827e-02 2.746819103805676757e-21
2.615877807764555473e+04 2.827669934951777577e+03 -2.333110814269377806e+04 1.561463933089147771e+00 2.932135215825355194e-03 2.547148610785360133e-21
2.584189494765758718e+04 3.228217555737188377e+03 -2.261367739192039880e+04 3.110952770942400747e+00 7.847524754999431196e-02 2.558023972295823397e-21
2.606127300921374990e+04 3.048825890596609952e+03 -2.301244711861713949e+04 4.477256514691034361e+00 -2.867284096591241841e-03 2.654620987276745439e-21
2.559274199280500761e+04 3.498535941835600624e+03 -2.209420605096940562e+04 2.208229191326119167e+00 3.743943899874967954e-03 2.587824940685658391e-21
2.551403494128439706e+04 3.642995554964119492e+03 -2.187103938632027712e+04 2.066015498237187220e+00 1.126806015505900094e-01 2.469042143208431395e-21
2.466232037681079237e+04 4.530601087452933825e+03 -2.013171928935785763e+04 5.641765710222959029e+00 1.867326613001905888e-01 2.562582281648779893e-21
2.422696478405857124e+04 5.087547438496864743e+03 -1.913941734556170559e+04 1.387429155293912686e+01 2.522245318530352918e-03 2.377149940978628560e-21
2.298751258918457825e+04 6.435442679760087231e+03 -1.655206990942449193e+04 4.156364270627725510e+00 -1.224044421848668601e-01 2.137633266235909152e-21
2.230226216902339365e+04 7.234924263096653704e+03 -1.506733790592673904e+04 4.373971051365372453e+00 -2.132412586007402522e-02 2.202352940548171888e-21
