0.000000000000000000e+00 3.141405859939751826e+04 3.141405859939751826e+04 nan 3.351091397074990397e+01 3.195486545722647363e-25
2.202842890452894171e-94 3.141674616927633542e+04 3.141674616927633542e+04 4.928909935765131678e+01 8.338235357884993704e+00 3.213573778182094797e-25
1.982099717755224923e-43 3.142011403385126687e+04 3.142011403385126687e+04 2.302974027714055794e+01 3.767732684759797390e+00 3.221650941623990738e-25
1.021117863164906396e-25 3.142179001458332641e+04 3.142179001458332641e+04 1.308625952773048517e+01 1.286684988803706631e+00 3.228602597452674872e-25
2.463256628686294249e-17 3.141699696034667068e+04 3.141699696034667068e+04 8.700435758904948358e+00 3.359691382429948470e-01 3.218122540428726304e-25
1.378409979449030149e-11 3.141545381259236819e+04 3.141545381259235364e+04 6.076210236105012541e+00 6.409969036052282076e-01 3.195753838657396429e-25
2.172476413071848583e+03 2.910520772930106978e+04 2.693273131622921937e+04 4.734923949314720382e+00 -1.681150831740453599e-01 1.272774722713037685e-22
1.640042005115018765e+04 1.371121904259927214e+04 -2.689201008550915503e+03 1.096525923938986047e+01 1.922518141610402020e-02 9.165825909452542982e-22
2.409850873547300944e+04 5.144493575931805935e+03 -1.895401515954120259e+04 8.568631952138595409e+00 1.369560845551607564e-01 1.359286034528275426e-21
2.594257080006666001e+04 3.114725991137835990e+03 -2.282784480892882493e+04 1.350960731148112437e+01 7.494247671622887574e-02 1.515783948019650586e-21
2.654757094741843684e+04 2.464352224998497604e+03 -2.408321872241994060e+04 5.287733565314466588e+00 -3.536064010098188826e-02 1.503208961536983673e-21
2.663484591660621300e+04 2.305635105460795330e+03 -2.432921081114541812e+04 1.661230092752299825e+01 -1.062709471606452551e-02 1.515357867188907691e-21
2.670074333673867659e+04 2.267584519149375410e+03 -2.443315881758930118e+04 9.486096836694981604e-01 2.424645894562427462e-01 1.517311826057643981e-21
2.668993068624078660e+04 2.257102738956306894e+03 -2.443282794728448062e+04 7.820916367851685758e-01 2.072395012624038066e-02 1.499479360689098975e-21
2.674927275960514089e+04 2.253194876489875696e+03 -2.449607788311526383e+04 8.053914176036407468e-01 -1.288120447172426929e-02 1.600296112621600653e-21
2.671297704054533824e+04 2.256549351659198237e+03 -2.445642768888613864e+04 1.150277202513743546e+00 7.731646209924880608e-02 1.579999508991056727e-21
2.660805548841290511e+04 2.331453551652882197e+03 -2.427660193676002382e+04 1.017005869513128102e+00 1.112132690095807980e-01 1.478367195580527645e-21
2.650334682788378632e+04 2.455286672836896287e+03 -2.404806015504688912e+04 1.656594506630080899e+00 7.597117735831622476e-02 1.519755734511109662e-21
2.655391629823603216e+04 2.422288388559470150e+03 -2.413162790967656110e+04 1.284022483319957164e+00 1.331401179262546308e-01 1.504963569244967419e-21
2.628511034826100513e+04 2.747166302828668449e+03 -2.353794404543233759e+04 3.436509907731978064e+00 4.985396038631196430e-02 1.545968973890545514e-21
2.620500032056350756e+04 2.817854422966949642e+03 -2.338714589759655792e+04 2.203414010073947882e+00 8.050942938430706575e-02 1.505156379364354733e-21
2.620733331721085051e+04 2.885208557508570721e+03 -2.332212475970228115e+04 3.256919435510948091e+00 5.092939428996934997e-02 1.567175515964596474e-21
2.606695850732361941e+04 3.001600384071841745e+03 -2.306535812325177903e+04 2.911827105404655835e+00 -4.495207748788163787e-02 1.531237513786533942e-21
2.580156108824671173e+04 3.293216799381203600e+03 -2.250834428886550813e+04 1.828855271183918108e+00 -2.049025903209706137e-02 1.484930358472315422e-21
2.610400497375309351e+04 2.950685812029375029e+03 -2.315331916172371712e+04 2.009472734257834237e+00 3.164139266618169657e-03 1.531005699580342742e-21
2.571073983026488349e+04 3.414046888867494090e+03 -2.229669294139738849e+04 2.593440978694477206e+00 1.246664333856569752e-02 1.524989219355551006e-21
2.528995324729564891e+04 3.828768432916730490e+03 -2.146118481437891751e+04 3.164361016876065857e+00 -6.579576157218502974e-02 1.463565256464868090e-21
2.450580996950383633e+04 4.729512625213626052e+03 -1.977629734429021119e+04 2.870900508643953852e+00 -5.022681007528210367e-02 1.437454075203219354e-21
2.427674526072811932e+04 5.053540847856854271e+03 -1.922320441287126596e+04 2.841026091133610709e+00 -3.875567244497266084e-02 1.381373678959354428e-21
2.306941733975402167e+04 6.384571683889055748e+03 -1.668484565586496683e+04 4.369160251877457490e+00 1.005341089361425772e-01 1.301444635179486231e-21
2.248563173341711081e+04 7.062873085247243580e+03 -1.542275864816986723e+04 2.930627636715974038e+00 -1.748268683664571180e-02 1.282397204808469730e-21
