0.000000000000000000e+00 3.141156304526206804e+04 3.141156304526206804e+04 nan 3.575119581255180634e+01 3.201756568178932631e-25
1.957423358309386729e-94 3.141805586780990052e+04 3.141805586780990052e+04 5.512916931122598641e+01 7.590434942833224063e+00 3.211820623334824288e-25
1.235707737460428358e-43 3.140788664810871342e+04 3.140788664810871342e+04 2.292791455642138132e+01 3.359327407259632192e+00 3.183575120978231487e-25
1.075126505189864350e-25 3.142138222787485211e+04 3.142138222787485211e+04 1.216543873663518305e+01 1.398065036078221191e+00 3.221474854695547876e-25
2.295751044376797324e-17 3.141164606838099280e+04 3.141164606838099280e+04 8.954484120881721410e+00 2.673131333754632522e-01 3.200433529766590613e-25
8.713399874053692998e-13 3.141145051898825113e+04 3.141145051898825113e+04 6.540912480263286533e+00 6.446954685018392306e-01 3.193773692739426550e-25
2.750142332556503789e+03 2.851253221032988949e+04 2.576238987777338480e+04 4.066695688700399991e+00 -1.698817206754220932e-01 2.581216859600707112e-22
1.560574096079307492e+04 1.460759023937651364e+04 -9.981507214165612822e+02 1.355075337855041617e+01 -4.997435694638208137e-02 1.502495332325542891e-21
2.417575728108292606e+04 5.067898628537488548e+03 -1.910785865254543751e+04 1.288832340349879502e+01 -1.122934015911647848e-01 2.327192638246108832e-21
2.610969747924523472e+04 2.954106354449737864e+03 -2.315559112479549731e+04 9.814389763115693555e+00 -6.874375303087883193e-02 2.541900042396257468e-21
2.648693195014326921e+04 2.473115294437295688e+03 -2.401381665570597397e+04 2.951654387636773347e+00 9.412427952626052641e-02 2.597522159849711581e-21
2.660869851257415576e+04 2.340449597772302241e+03 -2.426824891480185397e+04 7.447588488355817438e-01 2.801482331737272999e-02 2.579727156279035266e-21
2.672755953380094434e+04 2.243255236000282821e+03 -2.448430429780066333e+04 8.909840547554197521e-01 1.085262937744929240e-01 2.743854864492104505e-21
2.659341406140941035e+04 2.295655781259279593e+03 -2.429775828015013030e+04 1.051527712375629697e+00 1.923181476558017897e-02 2.540170574009916031e-21
2.666154869968280764e+04 2.308466435527768226e+03 -2.435308226415504032e+04 9.464615285106746656e-01 1.241259756113694511e-02 2.609436443419290470e-21
2.666536849637413616e+04 2.296165469009644312e+03 -2.436920302736449230e+04 7.727443081347139531e-01 1.215559346159004739e-01 2.669516173887008663e-21
2.654672924281115411e+04 2.415627746003783159e+03 -2.413110149680737231e+04 2.338069703386523646e+00 6.841302741636183515e-03 2.577065955392630010e-21
2.658908265238451349e+04 2.383404972871539030e+03 -2.420567767951297355e+04 1.446433703103611634e+00 5.507450944568067358e-02 2.699573769670648336e-21
2.645635866850098319e+04 2.565425891114748083e+03 -2.389093277738623510e+04 1.551824022858084851e+00 8.171858296594151916e-02 2.646567642158409061e-21
2.643520159526170028e+04 2.581107515672304999e+03 -2.385409407958939482e+04 1.638634936465441783e+00 9.269949726990063185e-03 2.664591770432378777e-21
2.627678623625848923e+04 2.695727331188727021e+03 -2.358105890506976357e+04 2.383716276828772518e+00 2.696223381849677594e-02 2.482756728174839062e-21
2.596078338426007031e+04 3.096705756447463500e+03 -2.286407762781260681e+04 2.125128399070660645e+00 -8.149789908055631027e-02 2.624982772116983480e-21
2.593071499549290456e+04 3.143878348043014284e+03 -2.278683664744989073e+04 1.442648266219853648e+00 1.028702486961877299e-01 2.853074218464065873e-21
2.611987207778898301e+04 2.986631056983411327e+03 -2.313324102080557350e+04 1.362086297634101273e+00 -9.658378198568313977e-02 2.700950764256456149e-21
2.581332702761166365e+04 3.287807094567553577e+03 -2.252551993304411008e+04 4.904106098229665811e+00 -5.805084627876297247e-03 2.547188581540148988e-21
2.563220568179614565e+04 3.436452984870117234e+03 -2.219575269692602888e+04 2.949168286087500146e+00 6.942138270551369283e-02 2.707067395547813701e-21
2.572920616128629626e+04 3.429842261428927941e+03 -2.229936389985736969e+04 2.601266818888855692e+00 -1.684629532574760105e-03 2.599325939184317895e-21
2.513189056477531631e+04 4.053597807684545387e+03 -2.107829275709077046e+04 2.837064620398968895e+00 -7.090714020063729021e-03 2.629602941951273688e-21
2.417145334427946364e+04 5.151032777151231130e+03 -1.902042056712823251e+04 3.736174098281453748e+00 -1.344341867675276636e-01 2.327649488196032894e-21
2.380177385720788880e+04 5.536299071572820139e+03 -1.826547478563506957e+04 3.043935003076044143e+00 -3.816266208352800393e-02 2.313602875144453589e-21
2.200416004635369973e+04 7.565584571792735005e+03 -1.443857547456096472e+04 4.167721789728465076e+00 7.008440414294576926e-02 2.006796781250497852e-21
