0.000000000000000000e+00 3.141031863163881280e+04 3.141031863163881280e+04 nan 5.272042511055271774e+01 3.186198998707591646e-25
2.188309498203196044e-94 3.142324562208840143e+04 3.142324562208840143e+04 5.009252552057154162e+01 8.736225362472040956e+00 3.226703682523224605e-25
1.428928669437383194e-43 3.140948297754645318e+04 3.140948297754645318e+04 2.489181358298047186e+01 2.603899624250830325e+00 3.198999535237332875e-25
9.728121245261995471e-26 3.141149617429891805e+04 3.141149617429891805e+04 1.236190252325032191e+01 1.771479402111060253e+00 3.198010142742287619e-25
2.068207156492756615e-17 3.141046113112775856e+04 3.141046113112775856e+04 8.938807141500646480e+00 4.003643986377621311e-01 3.185419831567232935e-25
3.904287503799435926e-12 3.141878321845974642e+04 3.141878321845974278e+04 6.294892119415977483e+00 4.917371544039878528e-01 3.218027407421576752e-25
2.748150893506592183e+03 2.849798457545130077e+04 2.574983368194470677e+04 4.181451039195742680e+00 -2.689999306343640040e-01 1.564511240763291689e-22
1.595011130543274885e+04 1.417081483412459238e+04 -1.779296471308156470e+03 1.091302520719153790e+01 -1.995374819444312997e-01 8.918720678599309499e-22
2.433150507314361312e+04 4.915514839397380456e+03 -1.941599023374623357e+04 1.348846113343301489e+01 -7.929022882501661484e-02 1.424141506402834960e-21
2.610352050685147333e+04 2.912843275099323819e+03 -2.319067723175214996e+04 9.481042960807378961e+00 -1.118504894366086910e-01 1.472041868034391062e-21
2.650109626507072608e+04 2.453618630754551759e+03 -2.404747763431617568e+04 3.205762226126636083e+00 4.000648453648800867e-02 1.496646766482615871e-21
2.665111591577975923e+04 2.284758744081425448e+03 -2.436635717169833515e+04 7.229029425884085924e-01 7.624068787686844040e-02 1.504820018183950739e-21
2.659615642643676256e+04 2.310580286931407500e+03 -2.428557613950535597e+04 9.857096218386681707e-01 1.714026770851139470e-01 1.486402680923864150e-21
2.664653586171970528e+04 2.285445650178620781e+03 -2.436109021154108632e+04 7.381544153075439985e-01 2.755144969760895193e-02 1.492143112574493803e-21
2.669025184922925473e+04 2.256787731109675406e+03 -2.443346411811958023e+04 1.101436859308425609e+00 2.774325980893327034e-02 1.588976399615810230e-21
2.672680326658144259e+04 2.268508675206446242e+03 -2.445829459137499725e+04 7.491261503919269815e-01 5.473857834073500572e-02 1.572425375835244588e-21
2.672069740669329622e+04 2.291396732061113653e+03 -2.442930067463218438e+04 1.749654404592432266e+00 8.371775436417243366e-02 1.560575433747666683e-21
2.667662726526558981e+04 2.324165870485459891e+03 -2.435246139478012992e+04 1.650798706986583708e+00 -1.096019084558677720e-01 1.533551986217527494e-21
2.637960371548175681e+04 2.636491704741396006e+03 -2.374311201074036217e+04 2.905117799914105348e+00 7.323550494007388667e-03 1.543736452514817072e-21
2.637789318589109826e+04 2.631334308793083437e+03 -2.374655887709801391e+04 1.720787898128792293e+00 -6.972185261534358247e-02 1.488723957527768730e-21
2.638130568953932379e+04 2.670209827195969865e+03 -2.371109586234335438e+04 2.900059882585807713e+00 -3.400388299894697899e-03 1.535271417221863504e-21
2.611234204186230272e+04 2.915602413083236570e+03 -2.319673962877906524e+04 2.043314796557604840e+00 -1.911609148278323178e-02 1.465601224451748464e-21
2.628786480918637244e+04 2.758333253719963977e+03 -2.352953155546640846e+04 3.502794952105013238e+00 2.465143046716256059e-02 1.522549952645719085e-21
2.601084733231686550e+04 3.048375721873925158e+03 -2.296247161044293898e+04 2.711057405080283811e+00 3.728567741600114643e-02 1.527976175233653010e-21
2.583548227834756835e+04 3.265468332027408451e+03 -2.257001394632015945e+04 2.258102795144600883e+00 2.405093628908280476e-02 1.465324866508722609e-21
2.585426684013840350e+04 3.163377125283809164e+03 -2.269088971485459479e+04 3.321754271786603763e+00 -4.545774895194935189e-02 1.480973296855392593e-21
2.537982401208992451e+04 3.803835850936847692e+03 -2.157598816115307636e+04 1.930826457541764185e+00 1.136793802077146615e-01 1.442650683088037376e-21
2.488318128648641505e+04 4.293390168513412391e+03 -2.058979111797300357e+04 3.288130376730848070e+00 -4.311918004708558544e-02 1.428610179488651188e-21
2.375432153897557146e+04 5.575094053271014673e+03 -1.817922748570455587e+04 3.482797019032945141e+00 -4.755298857084470227e-02 1.402917735697476113e-21
2.380878415032477278e+04 5.523547339559804641e+03 -1.828523681076496723e+04 3.536247997195884007e+00 8.578552863243609980e-03 1.362362113708432768e-21
2.216801602004653250e+04 7.358154880433672588e+03 -1.480986113961285992e+04 3.639899865136191348e+00 1.325095586353769277e-02 1.238147473309314889e-21
