0.000000000000000000e+00 3.141404179969301913e+04 3.141404179969301913e+04 nan 3.592598973225719305e+01 3.209098802054246065e-25
2.106386959912731595e-94 3.141371627638176869e+04 3.141371627638176869e+04 5.825912669532480237e+01 8.727784957734035842e+00 3.207315651721557037e-25
1.518373742881467387e-43 3.141494558764603789e+04 3.141494558764603789e+04 2.164248616721713248e+01 3.484672575083498369e+00 3.219178427287833795e-25
9.938196529395130096e-26 3.141880512085122973e+04 3.141880512085122973e+04 1.367291177007755287e+01 1.259337155966043564e+00 3.230623464996161258e-25
2.158707851954158242e-17 3.141770835596475081e+04 3.141770835596475081e+04 8.052195139198571994e+00 3.646408743564271138e-01 3.210601092427787128e-25
8.888594751195198345e-13 3.141909940478963472e+04 3.141909940478963472e+04 5.625840709532226924e+00 6.156733527576309095e-01 3.207574250955718872e-25
1.605772356311244494e+03 2.970961118602169154e+04 2.810383882971044659e+04 4.802544400046251383e+00 -3.518568386537741510e-01 8.357300810201363867e-23
1.639889538541049478e+04 1.371877022092866537e+04 -2.680125164481829415e+03 1.563069155285479006e+01 -1.470279239023950524e-01 9.422728302395302011e-22
2.454938383159205114e+04 4.647171256822012765e+03 -1.990221257477003746e+04 1.525120788473632594e+01 1.623456521720686441e-01 1.376091193177948325e-21
2.592206874763896849e+04 3.119053031926850053e+03 -2.280301571571211753e+04 1.265329188904529190e+01 3.330259597678338762e-02 1.422444178573719203e-21
2.648558227546851776e+04 2.489837971847290191e+03 -2.399574430362122803e+04 3.454454721682799434e+00 1.118649680849459621e-01 1.490230719319486462e-21
2.670528492999316222e+04 2.280756517911148876e+03 -2.442452841208201426e+04 5.842628416244114442e-01 3.895099283226546166e-02 1.515997445456213508e-21
2.666799802500774967e+04 2.295835158900500119e+03 -2.437216286610725001e+04 9.017514132965530615e-01 4.517663852637440747e-02 1.546758433661995852e-21
2.671977231590279189e+04 2.279631205650370703e+03 -2.444014111025242164e+04 9.197234884745141281e-01 5.957164416634336268e-02 1.528624955249880596e-21
2.673490543161649839e+04 2.258489572063218930e+03 -2.447641585955327901e+04 8.407844689128549653e-01 1.466638033534065910e-01 1.558794057691178707e-21
2.666411789620412674e+04 2.275062868459934180e+03 -2.438905502774419438e+04 8.257597381256186475e-01 -5.830008458416516964e-02 1.554141141975372478e-21
2.661592399371869760e+04 2.331842405594103184e+03 -2.428408158812459442e+04 1.265401930820434062e+00 -3.818690180112694482e-02 1.533618904111412752e-21
2.663498115668655373e+04 2.350696889575055593e+03 -2.428428426711149950e+04 1.114246018015953021e+00 7.309722177757166373e-02 1.591284159166956949e-21
2.638039730456387406e+04 2.655169178285716043e+03 -2.372522812627815802e+04 2.980620473125483727e+00 7.777908614751026517e-02 1.496057867219964535e-21
2.638047968028744071e+04 2.617245607716675750e+03 -2.376323407257076542e+04 1.261337788356131417e+00 1.634574665084015666e-01 1.518898347944268453e-21
2.651185005159393040e+04 2.503113684572555940e+03 -2.400873636702137446e+04 2.125591584664543010e+00 -4.318091286668018086e-02 1.524787869159733804e-21
2.589175588280035663e+04 3.203144314608324748e+03 -2.268861156819203097e+04 3.522845104349331624e+00 -4.874112982254569237e-02 1.496944422668273182e-21
2.605994156126360031e+04 2.999009080628579341e+03 -2.306093248063501960e+04 2.568496697228439096e+00 -1.290105776708194707e-01 1.511242927279838429e-21
2.586367332674531644e+04 3.198481003880909611e+03 -2.266519232286440820e+04 4.033301530602689589e+00 3.541276902909581970e-02 1.481562529189542313e-21
2.602352032267673349e+04 3.053253489666684345e+03 -2.297026683301004960e+04 2.188947473568077395e+00 9.606945829133139991e-02 1.483490417403683688e-21
2.558722714005943271e+04 3.485227498527791340e+03 -2.210199964153164183e+04 3.509575643270780532e+00 6.184735026714994165e-03 1.517647619118066193e-21
2.559883490585089385e+04 3.563114517853524376e+03 -2.203572038799736765e+04 3.418294814210353749e+00 -6.425986536820683936e-02 1.503027280376960109e-21
2.469662774877849370e+04 4.543523085282718966e+03 -2.015310466349577473e+04 4.918195383602392390e+00 -1.139660689499122359e-02 1.447061296063936247e-21
2.464073605956949905e+04 4.610514560139393325e+03 -2.003022149943010663e+04 5.675276642034436492e+00 -5.338637555739625395e-02 1.432645833471077921e-21
2.292613419953461562e+04 6.552159202866272608e+03 -1.637397499666834301e+04 2.282547952691073689e+00 -2.267258564527862841e-01 1.291022904812346643e-21
2.195972521941103332e+04 7.604097258959905957e+03 -1.435562796045112736e+04 3.299395087672645221e+00 -9.007332587046644468e-02 1.242812068735581799e-21
