0.000000000000000000e+00 3.141116300510865040e+04 3.141116300510865040e+04 nan 3.756959134379287235e+01 3.200173471090692860e-25
2.272785395969905557e-94 3.141060984482592175e+04 3.141060984482592175e+04 5.080652314406441405e+01 8.367158521049276487e+00 3.198868188468255513e-25
1.449563097188921152e-43 3.140994471768503354e+04 3.140994471768503354e+04 2.402377227592615938e+01 3.491427110141353207e+00 3.185196759885012331e-25
1.166893233551676355e-25 3.141732715018809176e+04 3.141732715018809176e+04 1.356644042973723430e+01 1.526944543706996393e+00 3.205523992565619121e-25
2.297463704368684872e-17 3.141561165738384443e+04 3.141561165738384443e+04 7.488617859721334646e+00 2.823026785320367771e-01 3.216531511891956515e-25
4.151881830099934123e-12 3.141945356205511052e+04 3.141945356205510689e+04 5.606467647383333031e+00 6.511190286400263538e-01 3.217092489806672253e-25
2.073601123141219432e+03 2.920806518423484522e+04 2.713446406109362579e+04 4.302780231614746320e+00 -2.042159753704141656e-01 2.011561907655745839e-22
1.658356927335914588e+04 1.353805966961950253e+04 -3.045509603739643353e+03 5.506118586576513430e+00 -1.152309244497440321e-01 1.640870857376295832e-21
2.414581157136398178e+04 5.129045546668443421e+03 -1.901676602469553836e+04 9.216072423891953136e+00 1.714824794674137676e-01 2.332068305337006967e-21
2.604171872584733137e+04 2.973016521126378848e+03 -2.306870220472095389e+04 6.524722654367296037e+00 -1.593117715748318744e-02 2.544965972774054696e-21
2.648026413871528348e+04 2.431098137416128793e+03 -2.404916600129915605e+04 6.641083842281569893e+00 -8.003628105807236714e-02 2.522469368038059004e-21
2.668576391732610500e+04 2.280133391507983561e+03 -2.440563052581812008e+04 7.619452972171772975e-01 -6.847419083821176811e-02 2.512366076296130814e-21
2.672281462578352512e+04 2.266027422780379766e+03 -2.445678720300314671e+04 1.224640688380200571e+00 -1.653645056151392956e-01 2.591245676860508898e-21
2.668381519530131845e+04 2.289400586319948161e+03 -2.439441460898136938e+04 8.645186319392234031e-01 2.428103223401014213e-02 2.558716004960901906e-21
2.667743727343561477e+04 2.292197246701149197e+03 -2.438524002673446375e+04 1.134239433310986866e+00 1.772107592137815713e-01 2.524658855300038419e-21
2.665657981271151220e+04 2.288568529933046648e+03 -2.436801128277846510e+04 9.432140316780547318e-01 5.112172964787316948e-02 2.652116164438089438e-21
2.653559875579903746e+04 2.407845330813110650e+03 -2.412775342498592727e+04 2.073826770280207565e+00 1.346335293714927828e-01 2.482011966429324949e-21
2.661653996019825354e+04 2.372869422004052467e+03 -2.424367053819420107e+04 1.332652099464574524e+00 1.451913265029758648e-01 2.499294698966572262e-21
2.639280749117155574e+04 2.594840589903221371e+03 -2.379796690126833346e+04 1.555560610142927791e+00 3.562066863280049026e-03 2.472642501800555406e-21
2.651203062696812049e+04 2.501200354569751653e+03 -2.401083027239836883e+04 1.338069927455653563e+00 8.627401330765678555e-02 2.712657116180118424e-21
2.607203760643019632e+04 2.926669276095284658e+03 -2.314536833033490984e+04 3.392505447231461968e+00 -8.536740191158574340e-03 2.401831066869803755e-21
2.619820384050944995e+04 2.845804448785940622e+03 -2.335239939172350932e+04 3.328941025946565713e+00 -6.284058587143259711e-02 2.517968832132602501e-21
2.602535007319705619e+04 3.041925550935136926e+03 -2.298342452226192108e+04 3.690254407192330444e+00 1.603922356410521222e-01 2.473478315310932500e-21
2.635245464232156519e+04 2.664911105517354827e+03 -2.368754353680420900e+04 2.238102620382193209e+00 -1.400150339498636327e-02 2.542538405143971745e-21
2.606930458662223828e+04 3.027927989271005117e+03 -2.304137659735123452e+04 2.239039623113389776e+00 2.216240041326586474e-02 2.598044950796937797e-21
2.571413206071098466e+04 3.368979044436194727e+03 -2.234515301627479130e+04 2.493966922372784278e+00 1.590993011351196362e-01 2.598782129569382983e-21
2.524646332347120187e+04 3.871597356722830227e+03 -2.137486596674837347e+04 1.962526629440913828e+00 6.248326027197889654e-02 2.493013568744954908e-21
2.495459294441245947e+04 4.240016672452516104e+03 -2.071457627195994428e+04 3.639651393392547618e+00 3.106715726606404035e-02 2.353153033011792558e-21
2.399424138074466464e+04 5.356421220766068473e+03 -1.863782015997859708e+04 6.181751195574886282e+00 -1.118771038480159685e-02 2.325384143619305186e-21
2.330069575784763583e+04 6.146227309284215153e+03 -1.715446844856342068e+04 3.909210127649307864e+00 2.891059042799972237e-02 2.172925375258347521e-21
2.180067367665279744e+04 7.775357095531748200e+03 -1.402531658112104924e+04 4.803356143602379724e+00 -5.875382822723818066e-02 2.160081827167532675e-21
