0.000000000000000000e+00 3.141876169105530425e+04 3.141876169105530425e+04 nan 3.351091375519241922e+01 3.226247646811481261e-25
1.863720590807524298e-94 3.141719599153266608e+04 3.141719599153266608e+04 5.026968194294186532e+01 6.864742075810032595e+00 3.223435511014619502e-25
1.584013421256404884e-43 3.141352957861070900e+04 3.141352957861070900e+04 2.147080410233704484e+01 3.355391907220866443e+00 3.207411992574829724e-25
1.115707874988211539e-25 3.140935247596026602e+04 3.140935247596026602e+04 1.288058995080771219e+01 1.496378955925700582e+00 3.192201851334649018e-25
2.320998200928722715e-17 3.142246263745341275e+04 3.142246263745341275e+04 7.857666754376473328e+00 1.262357551454445781e-01 3.224302366827211471e-25
9.606289610881522211e-12 3.141327983636324279e+04 3.141327983636323188e+04 5.975290741192520905e+00 6.782232112526397350e-01 3.197374154762346424e-25
2.094632668132523122e+03 2.920154594609716878e+04 2.710691327796464611e+04 4.041353228594267044e+00 -3.147962867837501011e-01 1.105010221625315208e-22
1.642519883261503855e+04 1.368045988886061059e+04 -2.744738943754427964e+03 1.126909849037822653e+01 -4.575905292137762842e-02 9.367341788301323163e-22
2.437665383299737005e+04 4.876382718844726696e+03 -1.950027111415264517e+04 1.013144975568606654e+01 -5.243064011979075255e-03 1.372500950633371943e-21
2.621902318460344759e+04 2.856238205639529042e+03 -2.336278497896391855e+04 6.634422543445375631e+00 -5.861899786261695611e-02 1.525652827005560381e-21
2.656054740679615134e+04 2.373976894254393756e+03 -2.418657051254175894e+04 4.549945920389020237e+00 4.402593733677623300e-02 1.487607306960189258e-21
2.668423314972373555e+04 2.294667718091843653e+03 -2.438956543163189053e+04 5.365616294844110179e+00 -2.985676451936244633e-02 1.520744382711841956e-21
2.662547992642699319e+04 2.317645568563395955e+03 -2.430783435786359769e+04 1.147400180898072941e+00 -9.872031458234785395e-02 1.519701719734953181e-21
2.668767597801969896e+04 2.239007805094057403e+03 -2.444866817292564156e+04 9.152601378735711890e-01 2.993893364012613703e-02 1.598174638741593468e-21
2.666394900512597815e+04 2.277940654491784244e+03 -2.438600835063419436e+04 1.001595465238355409e+00 3.922023911551147241e-02 1.507357876504390149e-21
2.664349658448664923e+04 2.313773780172048191e+03 -2.432972280431460240e+04 1.316980144622584614e+00 -1.884139504960597247e-02 1.514903171003628655e-21
2.664177419053009726e+04 2.294829016839637461e+03 -2.434694517369045934e+04 8.499605800379020915e-01 5.068146148560082748e-02 1.533191625824213330e-21
2.657723171318721506e+04 2.381505809022381527e+03 -2.419572590416483217e+04 7.848004742145411328e-01 2.479301379466689048e-02 1.528197067564215998e-21
2.636330997298893271e+04 2.603565463110429391e+03 -2.375974450987850287e+04 2.975089803735017302e+00 -2.471797012676195740e-02 1.507252753901994736e-21
2.660763365534324475e+04 2.393932269220161743e+03 -2.421370138612308438e+04 1.392171544677919703e+00 1.489831110773826850e-01 1.576414055108173588e-21
2.630994260172889335e+04 2.657745517012449000e+03 -2.365219708471644481e+04 3.660231714725066254e+00 1.055894237115216211e-01 1.567752869527132279e-21
2.623534273440155084e+04 2.802694915633779601e+03 -2.343264781876777124e+04 2.388200541549030387e+00 2.401498768989744625e-02 1.528134136425174193e-21
2.605374900659068953e+04 2.949850697297119495e+03 -2.310389830929357049e+04 2.078329204885791981e+00 2.114020107017752434e-02 1.550812660254705046e-21
2.613402983631766256e+04 2.970226830722651812e+03 -2.316380300559501120e+04 2.835190784674127773e+00 -8.729566774252581554e-03 1.534007659301458693e-21
2.601053007274867923e+04 3.080645228186213444e+03 -2.292988484456246442e+04 2.005227078468905688e+00 -5.478143448493349998e-02 1.523189048599162808e-21
2.573024937884418250e+04 3.337957730560023265e+03 -2.239229164828416106e+04 2.483541544157261693e+00 9.772298023669832856e-02 1.533129283426576485e-21
2.543899941193664563e+04 3.692575704931812197e+03 -2.174642370700483298e+04 2.976750213585084293e+00 -2.946068717599823264e-02 1.501087784173818594e-21
2.492474702313032685e+04 4.224337355209457201e+03 -2.070040966792087056e+04 2.698108276347773948e+00 1.040027090963959039e-01 1.388884211826687969e-21
2.419687569842668381e+04 5.097733501762607375e+03 -1.909914219666407735e+04 5.681291406732850824e+00 9.931848382041230661e-02 1.360460728350568467e-21
2.331014695172132633e+04 6.121663864822477990e+03 -1.718848308689885016e+04 3.114902119040185990e+00 1.086716992016766720e-02 1.337927456682401015e-21
2.217926821333865519e+04 7.424468270104924159e+03 -1.475479994323373103e+04 3.378570814894634733e+00 -4.479756851346219232e-02 1.227833124755847879e-21
