0.000000000000000000e+00 3.141632523023238900e+04 3.141632523023238900e+04 nan 3.153619772751941142e+01 3.201217763990829843e-25
2.066148807675510735e-94 3.141714919608596392e+04 3.141714919608596392e+04 4.924308757730674557e+01 7.100099189684237366e+00 3.203120194866729729e-25
1.467825353864689302e-43 3.142058634140302820e+04 3.142058634140302820e+04 2.060189291950803181e+01 3.419394247011689369e+00 3.231696928500409705e-25
1.120487601525414883e-25 3.141820076497926129e+04 3.141820076497926129e+04 1.249604752885750081e+01 1.777099522333004389e+00 3.212842272967388369e-25
2.119668537387063916e-17 3.142281148621007742e+04 3.142281148621007742e+04 7.992978215226087535e+00 1.212785897082393066e-01 3.228564583380062037e-25
3.315215800613500719e-12 3.141830304888486717e+04 3.141830304888486353e+04 5.677310806314011415e+00 3.137537496398448145e-01 3.221072421735710478e-25
2.369742726952840712e+03 2.891193052749292474e+04 2.654218780054008312e+04 4.315038409502522931e+00 -2.018031980726391617e-01 1.384126837347350633e-22
1.634711418651981512e+04 1.380790579650702966e+04 -2.539208390012785458e+03 1.971456323294188806e+01 2.066712686904785545e-02 9.479265524218974583e-22
2.424342196495112512e+04 5.010091484475532525e+03 -1.923333048047559350e+04 1.473121212014176251e+01 2.647668095818825340e-02 1.428163870611045932e-21
2.612911014964669812e+04 2.882105618122797296e+03 -2.324700453152390037e+04 8.251859669861355329e+00 -1.717007336982470309e-02 1.465739339961753459e-21
2.657271421542159442e+04 2.387997510815316673e+03 -2.418471670460627865e+04 6.729778674234822011e-01 -2.581893651273980093e-03 1.556303139079106375e-21
2.664753529639620319e+04 2.306767417022952031e+03 -2.434076787937325207e+04 1.207430018559435103e+00 -7.435087133761521770e-03 1.557601665253555865e-21
2.664891347347897681e+04 2.289438048054891624e+03 -2.435947542542408337e+04 8.813620598278909535e-01 7.959212022460823710e-02 1.486940385594377953e-21
2.668159204433228660e+04 2.263845622862835626e+03 -2.441774642146945189e+04 7.887741573160848008e-01 -1.302108426940460362e-01 1.556902761476363060e-21
2.660949665250110411e+04 2.295423135971211195e+03 -2.431407351652989382e+04 1.095158287950197762e+00 5.376196866969024102e-02 1.465868115514598268e-21
2.674715568395596711e+04 2.226882245842869452e+03 -2.452027343811309765e+04 1.212754604357137778e+00 1.609821100143168371e-01 1.597216374708975728e-21
2.675290568386661835e+04 2.262297669210556251e+03 -2.449060801465606346e+04 7.602626874905125121e-01 7.671317434720952011e-02 1.501218422841363141e-21
2.669302914544124724e+04 2.290745093441166773e+03 -2.440228405200007910e+04 1.297146090004923202e+00 6.571630510173720463e-02 1.517417839588069428e-21
2.636276865191766046e+04 2.643257121243281290e+03 -2.371951153067437917e+04 2.649725956393062187e+00 3.379171703019592105e-02 1.527795998311455531e-21
2.640997045881762097e+04 2.594282745755319411e+03 -2.381568771306230337e+04 1.890243737381726241e+00 1.227994912417737366e-01 1.499895246105331925e-21
2.626807794808722974e+04 2.773886413541997172e+03 -2.349419153454523257e+04 1.949041567307062239e+00 -8.849616919707897766e-04 1.509446686613714893e-21
2.603632582453943542e+04 3.023489210355296564e+03 -2.301283661418413976e+04 3.039129933825547081e+00 1.270865239937617359e-02 1.515820927023294144e-21
2.591940450616001908e+04 3.161523339564734670e+03 -2.275788116659528532e+04 1.868720957239745850e+00 -6.213556687388962357e-02 1.482749521102502897e-21
2.591724739965750268e+04 3.133096727267662118e+03 -2.278415067238984193e+04 2.908769347152930340e+00 6.134106963962380338e-02 1.480098291817609030e-21
2.600883582401351305e+04 3.002224411043767304e+03 -2.300661141296974529e+04 1.971334245415677922e+00 8.767944821461999549e-02 1.504252054229463611e-21
2.575316822799312285e+04 3.349898908510636829e+03 -2.240326931948248603e+04 1.991124479565937078e+00 5.252929128380399298e-02 1.465601452705422185e-21
2.554902997940479690e+04 3.623691445476235003e+03 -2.192533853392856327e+04 9.703258887804620869e+00 2.127731834462782967e-02 1.485530910285191111e-21
2.478467356787121389e+04 4.472177265426255872e+03 -2.031249630244495711e+04 3.663124250808982740e+00 2.059039345698970569e-01 1.468213299316760611e-21
2.424592574060582774e+04 5.077808646959843827e+03 -1.916811709364598210e+04 5.095170233966080708e+00 -2.260172349521538671e-02 1.443108899830413907e-21
2.363497905995799738e+04 5.750162621106300321e+03 -1.788481643885169615e+04 2.511813904088640914e+00 -6.280938753681307440e-02 1.349346887508276155e-21
2.200014045102553064e+04 7.575711435485093716e+03 -1.442442901554043783e+04 4.325633244254894372e+00 7.027217154007685262e-02 1.259008441829319160e-21
