0.000000000000000000e+00 3.141414109130678480e+04 3.141414109130678480e+04 nan 3.592598973225719305e+01 3.212152077391688992e-25
1.908299674061564419e-94 3.141975135812268491e+04 3.141975135812268491e+04 5.273545326902973329e+01 8.371194068735199778e+00 3.215862571215528757e-25
1.618401864709679208e-43 3.141530916055883426e+04 3.141530916055883426e+04 2.378210900503783876e+01 3.649541015258007004e+00 3.211268626961830609e-25
9.540107528159085214e-26 3.141685583756138658e+04 3.141685583756138658e+04 1.378953797599005249e+01 1.658102472424195062e+00 3.203426971152932738e-25
1.871627763806520972e-17 3.141849110485841447e+04 3.141849110485841447e+04 7.893453680836373110e+00 -4.430673818103114669e-01 3.226932611367255883e-25
8.034421999948376087e-13 3.142282001775678145e+04 3.142282001775678145e+04 5.182218788420815514e+00 4.893872163599282676e-01 3.223264044479966275e-25
2.612455061974053024e+03 2.865522768723425179e+04 2.604277262526020058e+04 4.450483541982485747e+00 -3.608774566389739147e-01 1.485850235616095860e-22
1.646498849863689975e+04 1.366338671122145024e+04 -2.801601787415449508e+03 1.193093965289118152e+01 6.745389703982924978e-02 9.595708443677904279e-22
2.438028624332378968e+04 4.891074890062434861e+03 -1.948921135326135482e+04 1.502114437819366977e+01 -6.172381095402347702e-03 1.453167296006928385e-21
2.625151989877588494e+04 2.733839996842944856e+03 -2.351767990193294099e+04 2.040717110163117631e+00 -3.132312725890542410e-02 1.506204754909926291e-21
2.665276548339702640e+04 2.335350071251680674e+03 -2.431741541214534664e+04 3.362303979850489011e+00 -2.341259415046069089e-02 1.557312862524034799e-21
2.669020731690160756e+04 2.258768174841786276e+03 -2.443143914205982219e+04 8.127420462345705809e-01 7.293019709809851758e-02 1.537784292986327714e-21
2.666310492588551278e+04 2.274870268271351961e+03 -2.438823465761416082e+04 1.038952362406014407e+00 1.723451089493484648e-02 1.514939002944738860e-21
2.665348652920460154e+04 2.286100864276315406e+03 -2.436738566492828613e+04 8.867137372848635790e-01 9.313990741142097463e-02 1.531093424101845273e-21
2.661203894053650947e+04 2.330999491582308110e+03 -2.428103944895420136e+04 7.606466459237325450e-01 3.902735658677091986e-04 1.484599055004498598e-21
2.667962005508632501e+04 2.305855275526158493e+03 -2.437376477956016606e+04 6.791030114804260664e-01 2.503784855578368093e-02 1.503068449775285515e-21
2.665223339229433623e+04 2.285195261543795823e+03 -2.436703813075054131e+04 5.924770819810167843e-01 -2.600882273393943442e-02 1.511064355876791176e-21
2.641202320238206812e+04 2.538102821343431970e+03 -2.387392038103863524e+04 2.188076117478324090e+00 9.411267596133539304e-02 1.497975694906806300e-21
2.638614349951389158e+04 2.623686960445836121e+03 -2.376245653906805455e+04 1.430695203572362573e+00 3.193035560608368378e-02 1.510839034356346603e-21
2.647446630265916974e+04 2.566508534511251128e+03 -2.390795776814792043e+04 3.608344147328740092e+00 2.324585133405158641e-02 1.544764272407097289e-21
2.639899938388348528e+04 2.648492280493047929e+03 -2.375050710339043871e+04 1.780870026717148447e+00 7.038777457138099825e-02 1.541473448379294421e-21
2.629636510220891796e+04 2.759275914684864802e+03 -2.353708918752405225e+04 1.828031739550142198e+00 -2.015556416909735846e-02 1.525379497035636592e-21
2.618158255481106607e+04 2.851986354424107958e+03 -2.332959620038695721e+04 1.676608704588598231e+00 9.067218660243214767e-02 1.498839041641796143e-21
2.581372652602794551e+04 3.249405834685725949e+03 -2.256432069134221820e+04 1.739425016924349698e+00 -8.173507800137065626e-02 1.484271904515716976e-21
2.586898517563186397e+04 3.202528938519912117e+03 -2.266645623711195367e+04 3.160222731088948134e+00 4.819116304088751773e-02 1.501958746210105957e-21
2.573145221079442490e+04 3.356409825288133561e+03 -2.237504238550629088e+04 2.864696619815434442e+00 -3.570554651303691623e-02 1.483958504274405096e-21
2.552237092938344358e+04 3.632379246043848070e+03 -2.188999168333959460e+04 2.623398837952234164e+00 -1.308344902459284420e-01 1.542505877902424785e-21
2.487631156664256923e+04 4.322644776108772930e+03 -2.055366679053379630e+04 2.895921120549174166e+00 1.362239551984987217e-02 1.416940220056834103e-21
2.388801820616976693e+04 5.419054549307610614e+03 -1.846896365686215722e+04 2.291978359238567631e+00 1.924729564988005015e-02 1.342142107878037587e-21
2.319635221346937033e+04 6.268491487955260709e+03 -1.692786072551411053e+04 4.316558372058167059e+00 -9.119879225798960265e-02 1.391788715771728796e-21
2.242532230515647097e+04 7.104994819275098052e+03 -1.532032748588137292e+04 2.990858460650417161e+00 6.926965255659914278e-02 1.324204407704594870e-21
