0.000000000000000000e+00 3.142265230871101448e+04 3.142265230871101448e+04 nan 3.351091397074990397e+01 3.227798070035396662e-25
2.463251472567974461e-94 3.142184281652932987e+04 3.142184281652932987e+04 5.077187722807679648e+01 7.740111822596382751e+00 3.221512547024450508e-25
1.336709373238697628e-43 3.141837363227794413e+04 3.141837363227794413e+04 2.422274209332424633e+01 3.404438241107081264e+00 3.220514561416612570e-25
9.837823584842256980e-26 3.141839104630721340e+04 3.141839104630721340e+04 1.192568327279311724e+01 1.239168499486294150e+00 3.223990761424068866e-25
1.978283431885553598e-17 3.140186737824931333e+04 3.140186737824931333e+04 8.791706179721524350e+00 1.439021551692606371e-01 3.176626379884466362e-25
8.610275190356178309e-13 3.140846503351880528e+04 3.140846503351880528e+04 6.496845710973562227e+00 6.569129078744628814e-01 3.194282014019600137e-25
2.318107384532180276e+03 2.894454868336336222e+04 2.662644129883118148e+04 4.414184597233078655e+00 -3.026103778150135426e-01 1.946223791030200996e-22
1.663349774787393835e+04 1.343958852904872219e+04 -3.193909218825216158e+03 1.277259252744940632e+01 1.224593130157655557e-01 1.615803861713242544e-21
2.429862711555243004e+04 4.961299065377101215e+03 -1.933732805017532883e+04 5.993756181679422923e+00 4.901428981129413165e-02 2.323928835604512956e-21
2.614659675081062232e+04 2.926035144427808063e+03 -2.322056160638281290e+04 3.773778684304081921e+00 9.305733088598301672e-02 2.538013374147519754e-21
2.651097941775675281e+04 2.483795354798724929e+03 -2.402718406295802924e+04 1.028836536324684836e+01 -1.314735853850662883e-01 2.583899267084579009e-21
2.662379406332468352e+04 2.328417824841581478e+03 -2.429537623848310250e+04 6.641743447359576002e-01 6.859630154889673594e-04 2.758695409980732225e-21
2.671300524248390138e+04 2.269939443826033312e+03 -2.444306579865786625e+04 1.245856283700451650e+00 -4.655799745502100379e-02 2.534957753967752102e-21
2.666388677774782263e+04 2.284708603889606820e+03 -2.437917817385821400e+04 9.668487691718286037e-01 -4.000927833072281253e-02 2.561598450211376429e-21
2.659253443090077417e+04 2.317875525787643255e+03 -2.427465890511313046e+04 6.994922500420615030e-01 -7.250612336389608559e-02 2.444616169604712896e-21
2.668110791650686951e+04 2.311484797031632752e+03 -2.436962311947523631e+04 1.119464314132906813e+00 8.964259064506474584e-02 2.699660499894338384e-21
2.666448546361259650e+04 2.270523173669566404e+03 -2.439396228994302874e+04 7.990783580933792374e-01 1.552247343633001708e-01 2.675918356779281275e-21
2.660308543249873037e+04 2.378615698322504613e+03 -2.422446973417622576e+04 1.500428111400623932e+00 1.633890237452406413e-01 2.599780991468541583e-21
2.644453013746913348e+04 2.551305300801247540e+03 -2.389322483666788685e+04 1.609440876149797139e+00 3.388244806085391470e-02 2.677647123574842983e-21
2.644877668273953896e+04 2.555272965173781358e+03 -2.389350371756575623e+04 1.847125905893129527e+00 6.600298669096019144e-02 2.520925197992936342e-21
2.640220648343559151e+04 2.608823907978495299e+03 -2.379338257545709712e+04 2.523145858303342148e+00 2.374853722524188429e-02 2.636076562315489875e-21
2.617265687044224615e+04 2.910750998234898816e+03 -2.326190587220734596e+04 2.134915793152111885e+00 1.547722703249552467e-01 2.604287846251762198e-21
2.598843503247504123e+04 3.035263802149247113e+03 -2.295317123032579548e+04 2.389212490963969149e+00 1.702653735930577915e-03 2.547368032413517515e-21
2.612762658161770378e+04 2.942438948558717584e+03 -2.318518763305898756e+04 1.568472669319532997e+00 1.772323115518293080e-01 2.615956062021848302e-21
2.602442405996057641e+04 3.027874011340197740e+03 -2.299655004862037822e+04 2.504912523651220191e+00 -1.413357637970949210e-01 2.567196715895151267e-21
2.571731038847631498e+04 3.362945508618345684e+03 -2.235436487985797066e+04 3.063217442291281234e+00 1.341321578417016547e-01 2.563432869519611157e-21
2.545423940577911344e+04 3.686764327021880945e+03 -2.176747507875723386e+04 2.052980613601977034e+00 1.303214297648641884e-01 2.511418817263973971e-21
2.504556801297076527e+04 4.132977956856615492e+03 -2.091259005611414977e+04 3.198274176705628857e+00 1.185591814137072902e-01 2.469870279180311060e-21
2.399989083795076294e+04 5.341410122096449413e+03 -1.865848071585431171e+04 2.716484413851528057e+00 2.169842500627408230e-02 2.338365677655987574e-21
2.314385615169132143e+04 6.278997721932401873e+03 -1.686485842975891865e+04 3.842300969913117203e+00 7.744244430701568982e-03 2.253861680775550993e-21
2.172142227308746806e+04 7.882336064338209326e+03 -1.383908620874925873e+04 4.651173407168858631e+00 1.064133581275971720e-02 2.082050607395731934e-21
