0.000000000000000000e+00 3.141276859326495105e+04 3.141276859326495105e+04 nan 3.336043427374612946e+01 3.222622456749724162e-25
1.807748169451416997e-94 3.141777199223297794e+04 3.141777199223297794e+04 5.004178666246215101e+01 7.533154240145850444e+00 3.206674785785252111e-25
1.178785496049264697e-43 3.141954665630918316e+04 3.141954665630918316e+04 2.368574972808519519e+01 3.294042580654454877e+00 3.222156282892647657e-25
1.279055254156365212e-25 3.140800920204809881e+04 3.140800920204809881e+04 1.271287103636376514e+01 1.576260809797954465e+00 3.193123514456017387e-25
2.405576330859215776e-17 3.141920730726735928e+04 3.141920730726735928e+04 8.007594162977209606e+00 3.446998553372119800e-01 3.225015611901166615e-25
1.359517420432995257e-11 3.141623677782888626e+04 3.141623677782887171e+04 6.092063168407207741e+00 8.377103491849825501e-01 3.207279807991325851e-25
2.374766058112791598e+03 2.889388630293510869e+04 2.651912024482231573e+04 4.862285900657614235e+00 -1.505223183426330491e-01 1.231977657104611731e-22
1.598601569208982983e+04 1.416923324593142388e+04 -1.816782446158405946e+03 1.434291449107457161e+01 -8.903856892482879537e-02 9.066183940667077448e-22
2.433930559122585692e+04 4.884782903639315009e+03 -1.945452268758654100e+04 1.103206898219383980e+01 -1.911033056822776868e-02 1.433153605168700376e-21
2.625170303095617419e+04 2.777671109018458992e+03 -2.347403192193771611e+04 3.547863106326316629e+00 3.361463077920766318e-02 1.523649454817273171e-21
2.667144723141747818e+04 2.273851243924712890e+03 -2.439759598749276483e+04 9.897618786707921279e-01 -1.918588114727383040e-02 1.522852540153538798e-21
2.659842126475022087e+04 2.338190706681221855e+03 -2.426023055806900084e+04 1.091877689364897819e+00 9.285489590859120901e-02 1.526503555825916553e-21
2.665815586242444988e+04 2.268507825998430235e+03 -2.438964803642602055e+04 1.023674799561590909e+00 5.185325330998390853e-02 1.503085120798311301e-21
2.666764345838247027e+04 2.276925600125686287e+03 -2.439071785825678307e+04 1.008586323516849070e+00 1.295541594538557849e-02 1.468889042097236618e-21
2.662510570263833870e+04 2.324342767125630417e+03 -2.430076293551270646e+04 7.025494866801822447e-01 -3.644371248258643919e-02 1.487506671635798193e-21
2.670129472887115844e+04 2.263333568148159884e+03 -2.443796116072299992e+04 1.006059055632903654e+00 8.687618661205025183e-02 1.514315158175149250e-21
2.678185660904566612e+04 2.263057514546381299e+03 -2.451879909449928527e+04 1.035135678817849403e+00 1.250568151768150227e-01 1.561298267298129286e-21
2.659064749702887639e+04 2.394581113777011979e+03 -2.419606638325186577e+04 1.499655118349509708e+00 -3.234720228274511750e-02 1.542678769585879958e-21
2.662389440826551436e+04 2.349478958613726263e+03 -2.427441544965178764e+04 1.027156750674550034e+00 -2.683153385951005110e-02 1.512251383330979751e-21
2.652332666965546741e+04 2.471170007783638994e+03 -2.405215666187182796e+04 2.673527358712723068e+00 5.270098825761410088e-02 1.523764198726182068e-21
2.627246495039957153e+04 2.762311185006835331e+03 -2.351015376539273711e+04 2.327166911309445751e+00 -2.032636063212965583e-02 1.496466417873490548e-21
2.630971898448272623e+04 2.729356507931920532e+03 -2.358036247655080660e+04 2.248339517845140190e+00 -5.735655099687536618e-02 1.543743189041202610e-21
2.634598156366423791e+04 2.696605889187584580e+03 -2.364937567447665424e+04 2.632344976995974140e+00 4.872684787783415628e-02 1.566709758094756267e-21
2.606148942070974954e+04 3.004567522240071412e+03 -2.305692189846967813e+04 1.825373048715568158e+00 -9.446954518023775726e-02 1.513819890481807441e-21
2.590419157893702868e+04 3.187837460629067209e+03 -2.271635411830796147e+04 2.638140381933273826e+00 3.249064102233462092e-02 1.524794325031131308e-21
2.566723922224017224e+04 3.468216268091884103e+03 -2.219902295414828768e+04 2.379529755589751439e+00 1.060514306331589163e-02 1.449441991736911149e-21
2.524543812318057462e+04 3.897947469105655273e+03 -2.134749065407491798e+04 2.824921955545507846e+00 -9.418846364883386169e-02 1.469857374446429234e-21
2.495524064098608869e+04 4.217405376759078536e+03 -2.073783526422701107e+04 2.498403719999461092e+00 -3.991360519540372576e-02 1.429501399219319716e-21
2.411345680106236250e+04 5.188829581727689401e+03 -1.892462721933467401e+04 5.211377411455963227e+00 3.640343606879883204e-02 1.389464896248508668e-21
2.319476202605011349e+04 6.203019930506246055e+03 -1.699174209554386834e+04 2.718963342511126147e+00 7.851987644820142276e-02 1.355884918953475438e-21
2.209219707745740743e+04 7.449349588442217282e+03 -1.464284748901519015e+04 4.775846841414151278e+00 -4.565166316225374027e-02 1.272003090276437929e-21
