0.000000000000000000e+00 3.142361624555784510e+04 3.142361624555784510e+04 nan 3.592816866413580357e+01 3.252729374117622056e-25
2.505395235625523637e-94 3.141911446151647033e+04 3.141911446151647033e+04 5.106536698680836395e+01 7.541187625764045777e+00 3.222026975392627466e-25
1.633544978894501433e-43 3.141953753871866138e+04 3.141953753871866138e+04 2.967140915090328690e+01 3.472740560766622853e+00 3.225181312587834250e-25
1.151405961710367684e-25 3.141071120360626446e+04 3.141071120360626446e+04 1.315474637214714448e+01 1.698738168436238594e+00 3.195618442009410410e-25
1.952107869871280687e-17 3.141479432381246806e+04 3.141479432381246806e+04 7.576122698674512712e+00 2.313519490615092156e-01 3.214681660250486408e-25
3.001680043236069307e-11 3.142703183156766681e+04 3.142703183156763771e+04 5.190145037149463292e+00 1.046175775745406433e+00 3.232983691270721672e-25
2.537478912596857299e+03 2.871722002916192650e+04 2.617974111656507012e+04 3.963941761011931408e+00 -3.669257073713510370e-02 1.392336504361024688e-22
1.665448165689634698e+04 1.343456954480879722e+04 -3.219912112087549758e+03 8.094908938574507218e+00 1.854823863431236813e-02 9.645084915195120273e-22
2.436899271049607705e+04 4.852192813149696121e+03 -1.951679989734638002e+04 1.015178417444360015e+01 -2.167329689722236313e-03 1.394355697724991363e-21
2.612012262071714576e+04 2.866391307622389832e+03 -2.325373131309475502e+04 1.772400802843270062e+00 9.915813429344948193e-02 1.545292141814915973e-21
2.657301131819738293e+04 2.399478642457528622e+03 -2.417353267573985431e+04 8.473527754416526614e-01 5.339816757335831034e-03 1.512195681563217345e-21
2.662870986363804332e+04 2.313470736019579363e+03 -2.431523912761846441e+04 2.341656375692940717e+00 8.545239847214147755e-02 1.505136219941149141e-21
2.667340504316542865e+04 2.274698940985856552e+03 -2.439870610217957073e+04 6.564946296026968886e-01 -1.338444030219888836e-02 1.552125050095261808e-21
2.671476955849732985e+04 2.262513142862822860e+03 -2.445225641563450699e+04 1.178804857247496285e+00 6.278136536809307555e-02 1.579873005656175712e-21
2.661705901989977428e+04 2.299820404738003162e+03 -2.431723861516177203e+04 7.471872139507170774e-01 9.159017088988636104e-03 1.478683936670969119e-21
2.669702063871297651e+04 2.287488553672110356e+03 -2.440953208504086797e+04 1.043063967285553950e+00 -1.508550384706903134e-02 1.553822356519299512e-21
2.667403518008938045e+04 2.289937407483283550e+03 -2.438409777260609553e+04 7.817362985988903779e-01 1.262699171399886411e-01 1.512520433258801440e-21
2.664018142558066393e+04 2.313277746809070777e+03 -2.432690367877159224e+04 8.420446502267826538e-01 -7.819726830104674342e-02 1.562305193598189004e-21
2.658724151199315020e+04 2.448178863565378833e+03 -2.413906264842777091e+04 1.499172644012024769e+00 2.739050500282356679e-02 1.558879370410352054e-21
2.653189703862999158e+04 2.433507999178978025e+03 -2.409838903945101265e+04 1.111304274677004322e+00 -4.309096044010960608e-02 1.549568796084798534e-21
2.619040341705769970e+04 2.880085438783074096e+03 -2.331031797827462651e+04 1.974956347603765705e+00 -4.852588725965509275e-02 1.499660773283820625e-21
2.644241990380317657e+04 2.597576381618928735e+03 -2.384484352218424829e+04 5.401520350597706965e+00 4.797730551091036050e-02 1.530287940400274375e-21
2.573096880329146370e+04 3.344657782791605314e+03 -2.238631102049985930e+04 2.463140172097749048e+00 1.584134564350727888e-03 1.464320311505779710e-21
2.610492713502014158e+04 2.969719306009986212e+03 -2.313520782901015627e+04 3.069061481338945185e+00 -1.688256255530043090e-02 1.510286781366369118e-21
2.608602633551814506e+04 3.001280209771942282e+03 -2.308474612574620187e+04 3.028197947984066385e+00 -4.318245264945403533e-02 1.548675786135079515e-21
2.568427495335245476e+04 3.372930131202027042e+03 -2.231134482215042954e+04 2.717268849504979045e+00 6.754778524708110465e-02 1.522191645931714571e-21
2.528802827639888710e+04 3.845620081480840327e+03 -2.144240819491804723e+04 2.942747593478720614e+00 1.538800719462259971e-02 1.421445177638548282e-21
2.485596056655283974e+04 4.353076503819409481e+03 -2.050288406273342844e+04 3.550047984867799489e+00 5.504764525206876091e-02 1.404383784931079017e-21
2.414920161655117772e+04 5.140102512232136178e+03 -1.900909910431904063e+04 2.590373557374537228e+00 -1.183044241335809571e-01 1.432214592627083537e-21
2.387332985932500014e+04 5.448277925084099479e+03 -1.842505193424090248e+04 3.983019042841205337e+00 -1.244095110344556193e-01 1.382166399071660129e-21
2.234831011347156527e+04 7.135797665931906522e+03 -1.521251244753965875e+04 3.471631975023616423e+00 -9.872142764853873362e-03 1.270334814112653631e-21
