0.000000000000000000e+00 3.141250647228432717e+04 3.141250647228432717e+04 nan 3.575119496846022571e+01 3.212580638978144948e-25
2.615875876933695651e-94 3.142158525860357258e+04 3.142158525860357258e+04 5.591898685994709695e+01 8.731638715552440644e+00 3.230991013163408774e-25
1.450386131497487763e-43 3.142444026306925662e+04 3.142444026306925662e+04 2.420734428616816558e+01 3.472199891797008942e+00 3.241128547356003637e-25
1.072706719061348728e-25 3.141833611733806902e+04 3.141833611733806902e+04 1.232624227739182032e+01 1.695901927612246451e+00 3.211204528404523846e-25
1.883067577242062887e-17 3.141441289697793763e+04 3.141441289697793763e+04 8.462502983671289059e+00 1.928630792099120805e-01 3.218306166482098966e-25
3.849637327499435892e-12 3.141643344003966558e+04 3.141643344003966195e+04 5.999415698591647583e+00 5.671926370035781373e-01 3.223316967461003547e-25
2.854781647897959374e+03 2.838558064702650881e+04 2.553079899912855035e+04 4.606838710969211270e+00 2.113608166014704914e-02 1.655750563487489623e-22
1.569211157020985229e+04 1.447995873697455681e+04 -1.212152833235295475e+03 1.435218742090222399e+01 -6.705635739019066843e-02 8.998673985232270446e-22
2.427559126164839108e+04 4.932976603558017814e+03 -1.934261465809037327e+04 8.558461721802926192e+00 -1.334155685244449441e-01 1.426219069113247208e-21
2.608233393417550906e+04 2.983825696504534790e+03 -2.309850823767097609e+04 1.250240085599744866e+01 -2.850963532963523769e-02 1.536027730310366698e-21
2.652919988841298618e+04 2.455498095445444960e+03 -2.407370179296754213e+04 6.699732066176448342e+00 3.951046092685581157e-03 1.553983261212778905e-21
2.670006455141659899e+04 2.280222323456446247e+03 -2.441984222796015092e+04 1.042361002689057292e+00 2.819375825665190391e-02 1.538835480602901841e-21
2.668141554633356645e+04 2.269681476067455151e+03 -2.441173407026610948e+04 6.424786810114037072e-01 1.065284602917639933e-01 1.525594445302931424e-21
2.665925170235960832e+04 2.291363700411226091e+03 -2.436788800194838404e+04 8.782265754134334079e-01 3.124269062115526616e-02 1.531584716175160263e-21
2.665537456386970734e+04 2.291257677896864607e+03 -2.436411688597284228e+04 6.089933229625597022e-01 -6.579021034180525251e-02 1.505993519587140904e-21
2.666564961692519501e+04 2.288339830610252193e+03 -2.437730978631494145e+04 8.845026387353945863e-01 9.884359188248420872e-03 1.502834743771982214e-21
2.671828406193401315e+04 2.246993809437247819e+03 -2.447129025249676488e+04 9.797574171594058967e-01 2.699690484702710336e-01 1.534999220263478951e-21
2.653615930763988945e+04 2.416492002588910054e+03 -2.411966730505097803e+04 1.461148979488265054e+00 -5.859110430622494099e-03 1.525682976587170785e-21
2.652899484498340826e+04 2.473270851569367551e+03 -2.405572399341404162e+04 2.169089189027095355e+00 -2.753699068731961172e-02 1.539159361245392959e-21
2.644906876196274970e+04 2.540240509575136002e+03 -2.390882825238761507e+04 2.880208976977170821e+00 -2.690351496648185972e-02 1.566143456166737326e-21
2.626376127551033642e+04 2.788010481545602033e+03 -2.347575079396473302e+04 2.094273509178595116e+00 -1.505155180498448653e-01 1.501406366886086244e-21
2.608144209237569521e+04 2.965618529138193026e+03 -2.311582356323750355e+04 2.081906093143308656e+00 7.096117139218167946e-02 1.548224770889106991e-21
2.609572792747272615e+04 2.948213523227291262e+03 -2.314751440424543398e+04 1.483447449909320426e+00 -3.682048575197239410e-02 1.543897002635817557e-21
2.611011564159109184e+04 2.949705309756743191e+03 -2.316041033183434774e+04 4.560615731168822684e+00 6.495354866415904704e-02 1.545321533442883401e-21
2.597148195696826951e+04 3.101744744904044182e+03 -2.286973721206422488e+04 3.296191059217805641e+00 -1.454459400722942775e-01 1.516286429852040329e-21
2.556984503988021970e+04 3.500604260341356621e+03 -2.206924077953886444e+04 2.267087534812322058e+00 -8.802507869885366210e-02 1.470402799184613550e-21
2.512074331057412564e+04 4.069434920151019014e+03 -2.105130839042310618e+04 1.737640531800685784e+00 -1.470590557950193500e-01 1.465287222917408951e-21
2.460381310137840410e+04 4.664902489779680764e+03 -1.993891061159872334e+04 4.683813254437296791e+00 -2.315715949032653986e-02 1.482101615102658079e-21
2.477274398511798790e+04 4.477210527355188788e+03 -2.029553345776279821e+04 2.754605635515984918e+00 -4.728394683850159486e-02 1.417664092180901367e-21
2.332750728636439817e+04 6.125539055569406628e+03 -1.720196823079499154e+04 3.820792672129814438e+00 -1.695340331529078259e-01 1.328198706757507016e-21
2.205324836088525990e+04 7.488758137978084051e+03 -1.456449022290717585e+04 3.013802944174274412e+00 2.657042521458341175e-02 1.227690095977301138e-21
