0.000000000000000000e+00 3.141935501665063202e+04 3.141935501665063202e+04 nan 3.756959119869324581e+01 3.224500443809079640e-25
2.149265150826446282e-94 3.141304422642010832e+04 3.141304422642010832e+04 5.041534581286032335e+01 7.533154240145850444e+00 3.211905949054584904e-25
1.798113733158077692e-43 3.141287383268034318e+04 3.141287383268034318e+04 2.135179579047799692e+01 3.441988141588418149e+00 3.199805545620248574e-25
9.237028319269730038e-26 3.141654381672856107e+04 3.141654381672856107e+04 1.182558995514567179e+01 1.261539079227600446e+00 3.207772886581499085e-25
2.258840085677437727e-17 3.142133558174455902e+04 3.142133558174455902e+04 7.864721620854896678e+00 2.757523367051692986e-01 3.235966393782438318e-25
8.196084170587060232e-13 3.141452900037836662e+04 3.141452900037836662e+04 5.861145175580226407e+00 6.517394594342710290e-01 3.208244488918837150e-25
2.031303223012766921e+03 2.925788130692060440e+04 2.722657808390783612e+04 4.308556380032888988e+00 -2.523558299713098418e-01 1.286102857831096691e-22
1.566847351729229558e+04 1.452656645475700498e+04 -1.141907062535290606e+03 8.744494102148031800e+00 -1.233716877828440056e-01 8.852361506432979123e-22
2.404161138489675795e+04 5.243244139233190253e+03 -1.879836724566356861e+04 1.074699509938712616e+01 -2.405446972188990395e-02 1.343508221272217353e-21
2.618920795986345547e+04 2.900788189186555428e+03 -2.328841977067690095e+04 3.803075183489236455e+00 9.969973982199875628e-02 1.535227540547774714e-21
2.662187846303880360e+04 2.406899802404225284e+03 -2.421497866063457695e+04 1.138813863748810995e+00 -2.569511516461339684e-02 1.541445088275128288e-21
2.660693103993466502e+04 2.325888330598625544e+03 -2.428104270933604130e+04 1.159394523197810445e+00 -5.155223128792970483e-02 1.545778085592418812e-21
2.667180860813718391e+04 2.281354197582222696e+03 -2.439045441055496121e+04 7.786590984940208182e-01 1.476836732675512959e-03 1.493287370830169011e-21
2.673266720735412309e+04 2.262636119983454137e+03 -2.447003108737066941e+04 6.992298740560382031e-01 1.498144317146132554e-01 1.565243289637958947e-21
2.674935837506693133e+04 2.250296262326562100e+03 -2.449906211274036832e+04 1.023159308157187475e+00 -2.827018020166010073e-02 1.575251978486546033e-21
2.667499990179473753e+04 2.293296522081233434e+03 -2.438170337971350455e+04 1.087196993888664975e+00 1.134948444414494856e-01 1.472487491438540380e-21
2.667198333594206633e+04 2.268964794222882119e+03 -2.440301854171918239e+04 1.265534752432128540e+00 3.442813225788789178e-02 1.549148821471589229e-21
2.660033215418595864e+04 2.374546420687885984e+03 -2.422578573349807266e+04 1.935619763759810041e+00 1.293915167132342614e-01 1.550070011382861143e-21
2.647189627995922638e+04 2.504550391722386394e+03 -2.396734588823683953e+04 1.259380409708409587e+00 -3.930261868152788024e-02 1.518193240070681612e-21
2.638436167590675541e+04 2.602317351396773120e+03 -2.378204432450998138e+04 1.899313880795014287e+00 -1.100632909693797790e-01 1.487177946339200578e-21
2.635147446629586557e+04 2.633697315952143981e+03 -2.371777715034372159e+04 1.499645711061663222e+00 8.158777145312438861e-02 1.529678610846783270e-21
2.614036592072356871e+04 2.923301187145488257e+03 -2.321706473357808136e+04 1.405823381764622182e+00 9.428552047912763800e-02 1.510196436309967536e-21
2.616086086473804608e+04 2.926564116689356524e+03 -2.323429674804869137e+04 3.172334116920241254e+00 5.673346225855924359e-03 1.503808250796539072e-21
2.605338648651634139e+04 3.060109700339882693e+03 -2.299327678617645870e+04 2.293821923152457476e+00 -2.984203155566457488e-02 1.575464044979249601e-21
2.601222288165407736e+04 3.001798314279348233e+03 -2.301042456737472821e+04 1.510087118671257445e+00 -3.186432287176850509e-02 1.457225410734032422e-21
2.591644566382894482e+04 3.192453274639344272e+03 -2.272399238918959963e+04 1.740982636334864386e+00 3.643222931889728011e-02 1.509547167468137373e-21
2.550621056384837721e+04 3.622639922795805887e+03 -2.188357064105257086e+04 3.198406830584870963e+00 -6.137404323988896598e-02 1.498711770201775537e-21
2.478116357368789613e+04 4.408118371206598567e+03 -2.037304520248129847e+04 3.565246790928732423e+00 7.205803382705090743e-02 1.463999497281509488e-21
2.452813746786366391e+04 4.734600717909811465e+03 -1.979353674995385154e+04 3.996489445190461343e+00 -1.067947800280792531e-01 1.455840074475405190e-21
2.348359317138577899e+04 5.911271671028731362e+03 -1.757232150035704763e+04 3.760811590316327280e+00 -2.288335297083303119e-02 1.365404433003517683e-21
2.162240278538978600e+04 8.016249712567259849e+03 -1.360615307282252616e+04 2.629505636188682605e+00 -4.274309110447421789e-02 1.211236600898042451e-21
