0.000000000000000000e+00 3.142199143449820622e+04 3.142199143449820622e+04 nan 3.336043424173823979e+01 3.239019523758998282e-25
2.513933420567546382e-94 3.142532497183038140e+04 3.142532497183038140e+04 5.415419256376494417e+01 8.736225362472040956e+00 3.234070653649212968e-25
1.716007204708213443e-43 3.141373470818903661e+04 3.141373470818903661e+04 2.214850407433241841e+01 3.340731930404050587e+00 3.195439254403339921e-25
1.146423224575550894e-25 3.141682740334596747e+04 3.141682740334596747e+04 1.371269576400156609e+01 1.526944543706834745e+00 3.218679533691390644e-25
2.320907318883738184e-17 3.141876562549103255e+04 3.141876562549103255e+04 8.175072441067021245e+00 2.827037669042800072e-01 3.228166337397195094e-25
1.033879235890439650e-11 3.141320330143741739e+04 3.141320330143740648e+04 5.725846825842286769e+00 6.505173158743168260e-01 3.187759224931356104e-25
2.646397957830628002e+03 2.861159720699739410e+04 2.596519924916676609e+04 4.626600772721097599e+00 -1.303793232498798027e-01 2.788482726361518606e-22
1.566213053681533165e+04 1.449280697821041213e+04 -1.169323558604919526e+03 8.145692419581177290e+00 -4.882726137446222886e-02 1.614055261362257989e-21
2.380846699793708467e+04 5.475590006178959811e+03 -1.833287699175812304e+04 1.012603232862173464e+01 3.764897531857740176e-02 2.343585208378432678e-21
2.623650365513397992e+04 2.747137346510528459e+03 -2.348936630862345191e+04 9.672906647615272746e+00 -4.620619062110314923e-02 2.574060805867664046e-21
2.662122607721290478e+04 2.375841370380557237e+03 -2.424538470683234846e+04 5.903649907968048005e+00 1.430780067916178344e-01 2.583580096124914202e-21
2.667341153418223985e+04 2.301059224993059615e+03 -2.437235230918918023e+04 1.304077772235545885e+00 -7.600975043043632640e-02 2.602014927080730181e-21
2.667618849997872894e+04 2.261094252613103890e+03 -2.441509424736562505e+04 6.098893373862479539e-01 1.476381773594442615e-01 2.623741282896157194e-21
2.668503382426043390e+04 2.259666203097970083e+03 -2.442536762116246246e+04 1.078879804380589391e+00 1.189974561879204584e-01 2.583281414254977690e-21
2.664233338439840372e+04 2.274740163169545212e+03 -2.436759322122885715e+04 7.522764967608491782e-01 5.978695378020795065e-02 2.692705010315933495e-21
2.668585101747393128e+04 2.286344793581456997e+03 -2.439950622389247292e+04 1.358470198259638773e+00 -2.095442642584384105e-02 2.549074560653965850e-21
2.651285712239782515e+04 2.440049389276109650e+03 -2.407280773312171368e+04 1.144940538406926001e+00 -7.288457863500312495e-02 2.592898798945491346e-21
2.660841221757945823e+04 2.361015785369093010e+03 -2.424739643221036386e+04 1.783011309579211501e+00 2.141009670853493418e-01 2.707107509659758066e-21
2.647901645044138422e+04 2.489189299430695428e+03 -2.398982715101068970e+04 1.208378187326891506e+00 -7.158514140057271880e-02 2.643890278802370961e-21
2.662399833230443983e+04 2.395365692114296507e+03 -2.422863264019014241e+04 1.802978517822461768e+00 8.258333595198247973e-03 2.644772664356185904e-21
2.628596925856516464e+04 2.703317529987452417e+03 -2.358265172857771176e+04 2.506570599054608994e+00 -6.276012899020770586e-02 2.600088105599714348e-21
2.623456068241493631e+04 2.754986841789859682e+03 -2.347957384062507481e+04 2.289765048327625063e+00 1.079207224726995290e-01 2.600226593559134581e-21
2.620414975763584880e+04 2.795877982280813285e+03 -2.340827177535503506e+04 2.034987954422672551e+00 -5.298050803673449299e-02 2.589631263080281661e-21
2.612738812201708060e+04 2.948486485074889515e+03 -2.317890163694219154e+04 2.005313938588533684e+00 5.986418618896973548e-02 2.622107957437362237e-21
2.612347459908619203e+04 2.939436518702157628e+03 -2.318403808038403440e+04 2.285319968270842494e+00 -1.134469430172137944e-01 2.612717055208994009e-21
2.567290034264773203e+04 3.388955417731848684e+03 -2.228394492491588244e+04 2.871596076493597050e+00 1.031030750768922449e-01 2.510001685817411509e-21
2.539110041688838101e+04 3.747473558394077372e+03 -2.164362685849430272e+04 2.481422382979833419e+00 3.295520294872755687e-03 2.587523890989558512e-21
2.484567209563979122e+04 4.392490410669045559e+03 -2.045318168497074657e+04 6.905424973624310958e+00 -1.645288539175197504e-02 2.369431683525876207e-21
2.392681124012077271e+04 5.388429121765285345e+03 -1.853838211835548645e+04 2.636091680514786706e+00 2.616755160958915069e-02 2.343927070386097637e-21
2.331466858560239416e+04 6.073457863126563097e+03 -1.724121072247582924e+04 3.737304352186376466e+00 1.155906961999833976e-01 2.253966142780092589e-21
2.223706335892089919e+04 7.303567628768480972e+03 -1.493349573015241913e+04 4.662647122969988622e+00 -4.048595440418778502e-02 2.140159521223176481e-21
