0.000000000000000000e+00 3.141911308156002269e+04 3.141911308156002269e+04 nan 3.756959141401890179e+01 3.212412156543712023e-25
2.081248791021321593e-94 3.142188524292282818e+04 3.142188524292282818e+04 4.687447927783358637e+01 6.321275776691183346e+00 3.218772367605406113e-25
1.580505210876279957e-43 3.140644007208052062e+04 3.140644007208052062e+04 2.290268978648850862e+01 3.478420062815614333e+00 3.198232262376000335e-25
1.330801403069906115e-25 3.141806665306452487e+04 3.141806665306452487e+04 1.531173803775821263e+01 1.854650479905830762e+00 3.230490812929248307e-25
2.501893351929825872e-17 3.141883797178409077e+04 3.141883797178409077e+04 8.400617541010250378e+00 2.832833155931590574e-01 3.211035674219417023e-25
3.946879880759432594e-12 3.141442740743079776e+04 3.141442740743079412e+04 5.816038785967215574e+00 6.017912939793886862e-01 3.211599560789272846e-25
2.530255033903087678e+03 2.871990097182981117e+04 2.618964593792672531e+04 4.261149315811675997e+00 -1.889191634395848141e-01 2.361692061369002888e-22
1.510288267412854475e+04 1.509387580563602023e+04 -9.006868492524517933e+00 1.326618585595080724e+01 -7.236645659277525511e-02 1.393570037804042231e-21
2.435766988919098003e+04 4.882000802915819804e+03 -1.947566908627516023e+04 8.439845516224972144e+00 -8.261004254739633124e-02 2.468392436364627271e-21
2.615244025683039581e+04 2.855734242157307563e+03 -2.329670601467308734e+04 7.346853327148185286e+00 -6.264257465493628524e-03 2.518330030978389291e-21
2.654630380296619478e+04 2.439520946958009972e+03 -2.410678285600818344e+04 5.569724313843558150e+00 1.391153211840542026e-01 2.729178797476701686e-21
2.664792578623486042e+04 2.299259534095656818e+03 -2.434866625213920270e+04 8.411553838069728561e-01 -1.240380374240710598e-01 2.446266360948272613e-21
2.663979570348789639e+04 2.290773267245244824e+03 -2.434902243624265247e+04 8.131751251372092426e-01 4.874851710421002765e-02 2.633366568400507756e-21
2.663678078520827694e+04 2.294371391899741411e+03 -2.434240939330853507e+04 9.503322038317389975e-01 -3.106916485271273357e-02 2.560385132066739287e-21
2.668013316614858195e+04 2.284184478920754373e+03 -2.439594868722782849e+04 7.933237384262307179e-01 -8.561962172927751330e-03 2.518191378013754981e-21
2.663143151305297579e+04 2.323295585903079427e+03 -2.430813592714989500e+04 3.097778925953283302e+00 -1.022882921327435274e-01 2.524876490333137217e-21
2.667152392615719145e+04 2.304769266515373147e+03 -2.436675465964181785e+04 8.809159105864906580e-01 1.569038879235533368e-01 2.608269953935810321e-21
2.657887674486557080e+04 2.386167367422087864e+03 -2.419270937744348339e+04 1.507600979688922038e+00 1.366194788017441875e-01 2.729913680540689651e-21
2.658154644830011239e+04 2.409271461200899012e+03 -2.417227498709921201e+04 3.644943116498903013e+00 6.651940155658984943e-02 2.636328816825572625e-21
2.634848825408083212e+04 2.638971918442527567e+03 -2.370951633563830546e+04 1.137610707896368645e+00 9.737098920177637840e-02 2.674752181153017739e-21
2.626199043616756899e+04 2.821779771346152756e+03 -2.344021066482141759e+04 1.451264622022466311e+00 8.331189836241537083e-02 2.678211426378776984e-21
2.589092510263459189e+04 3.215543906826685998e+03 -2.267538119580790590e+04 4.438133333136484282e+00 -3.978831858203369515e-02 2.557931253042784551e-21
2.625838429673761493e+04 2.694044971514742883e+03 -2.356433932522287068e+04 1.147407196740042101e+00 -1.018892362752895214e-01 2.500390227074401200e-21
2.610855607894351488e+04 2.924554935995529377e+03 -2.318400114294798550e+04 3.996530937269169304e+00 -4.655147906272830843e-02 2.656385121826809067e-21
2.588440519048786882e+04 3.201565044620521348e+03 -2.268284014586734702e+04 2.138171116725295917e+00 -8.105399486355426009e-02 2.678676792680170769e-21
2.599037355946146272e+04 3.097332872361610498e+03 -2.289304068709985222e+04 3.465349407314653352e+00 -2.965286563294130748e-02 2.587090571356378592e-21
2.514278724735621654e+04 4.040045649780302028e+03 -2.110274159757591406e+04 2.631547104937101977e+00 -5.173210050879319816e-02 2.415853876176999226e-21
2.491823764818357813e+04 4.315093877975935357e+03 -2.060314377020764368e+04 4.650075437201028450e+00 -5.501359249600612511e-02 2.472213765300730199e-21
2.420038608749681589e+04 5.104465991486039457e+03 -1.909592009601077734e+04 2.595141904405685818e+00 -2.653850809681989817e-02 2.374390933999367706e-21
2.368113286195724140e+04 5.719023955785868566e+03 -1.796210890617137193e+04 6.376087493186396671e+00 -3.625664886988270996e-02 2.375482465190376243e-21
2.192720057688378438e+04 7.659656664144032220e+03 -1.426754391273975125e+04 3.540245149677029080e+00 -1.939666721594481349e-02 2.078228620176988801e-21
