0.000000000000000000e+00 3.141810884347473984e+04 3.141810884347473984e+04 nan 3.374410330253162016e+01 3.204717411006638555e-25
1.860775895542038348e-94 3.141266029346545838e+04 3.141266029346545838e+04 5.296293661984012147e+01 6.326233320788847259e+00 3.190223350611575669e-25
1.302262335013527578e-43 3.142065114762833764e+04 3.142065114762833764e+04 2.253775009913853822e+01 3.302377414429324975e+00 3.211352969439365815e-25
9.351088933046277793e-26 3.141736085633174298e+04 3.141736085633174298e+04 1.341273202317405300e+01 1.216515403897929337e+00 3.211898108102656090e-25
2.242941625694048337e-17 3.141394934506804566e+04 3.141394934506804566e+04 7.932932193891464756e+00 -2.820595642602621300e-01 3.204380641604687364e-25
9.546064100537200254e-13 3.141432364481204786e+04 3.141432364481204786e+04 5.501279009508254880e+00 4.725591397276353578e-01 3.221086468274574566e-25
2.554672551954096889e+03 2.870518936848907833e+04 2.615051681653498235e+04 4.309960699311191412e+00 -2.401235467911705390e-01 1.666684369529906518e-22
1.614974378971071928e+04 1.397611752295614860e+04 -2.173626266754570679e+03 1.337418294166367616e+01 1.593451841771682809e-01 8.988477353922104200e-22
2.457853625602737520e+04 4.655692571132251942e+03 -1.992284368489512417e+04 1.377732383543251693e+01 9.750381708085437138e-02 1.394070940796769662e-21
2.607405729910492300e+04 2.989675036553791415e+03 -2.308438226255113113e+04 9.007958539175996648e+00 2.423272414954527609e-02 1.474791478979874336e-21
2.652843490846027271e+04 2.453020507817468570e+03 -2.407541440064280323e+04 1.105286472849779500e+01 3.326327506047140840e-03 1.581921876265348225e-21
2.666555603925070682e+04 2.278262494581549618e+03 -2.438729354466915538e+04 8.383921821353069737e-01 -2.021713494818244347e-02 1.536341906943642389e-21
2.671270571977102372e+04 2.258806428032233271e+03 -2.445389929173879136e+04 7.886449217834883285e-01 -1.991006150317345680e-01 1.549786623529846646e-21
2.666039470561353664e+04 2.283895412547612068e+03 -2.437649929306592458e+04 7.154707370974321412e-01 -2.096330039459579075e-02 1.484260689646050131e-21
2.673063362549932572e+04 2.264881123524975010e+03 -2.446575250197435162e+04 1.197771752712709192e+00 3.438114805065118490e-02 1.557698216157911040e-21
2.665851037212096708e+04 2.294859588954779156e+03 -2.436365078316618747e+04 8.130712994045622422e-01 1.334051801657529512e-01 1.511800221438914066e-21
2.679128217152912475e+04 2.243531595106184341e+03 -2.454775057642293905e+04 8.667842186774598057e-01 8.618554855722911079e-02 1.561391397013059343e-21
2.658064420052562855e+04 2.404199986314059970e+03 -2.417644421421156949e+04 4.411833659957834719e+00 -7.515193163979277946e-02 1.547380511028059355e-21
2.644664905270262170e+04 2.543643434255126067e+03 -2.390300561844749609e+04 8.765021824115445392e-01 1.740143322221316957e-01 1.483256494452633526e-21
2.627242719019275683e+04 2.731827915545546603e+03 -2.354059927464721113e+04 2.603508913858567198e+00 -5.936295878901184236e-02 1.470153238910514473e-21
2.636364525322717236e+04 2.684555258578472603e+03 -2.367908999464870067e+04 1.741543850282880612e+00 -6.766896604775263224e-02 1.523129007679027905e-21
2.608104255846198430e+04 2.943780103452946150e+03 -2.313726245500903678e+04 2.063605900816216643e+00 1.370570490197409452e-01 1.506262987186299648e-21
2.600715070310085139e+04 3.055431194312940534e+03 -2.295171950878791176e+04 2.298204947539542076e+00 -1.044983279588936886e-01 1.524498289593504683e-21
2.588948682961744998e+04 3.180986880417940938e+03 -2.270849994919950768e+04 3.347993239864427650e+00 -6.918119615269373301e-02 1.550463988310741759e-21
2.574488359100961679e+04 3.335448815714548800e+03 -2.240943477529506708e+04 2.073533449433684783e+00 1.081058820283975902e-01 1.533565839075200625e-21
2.565414950950473212e+04 3.455302624025469868e+03 -2.219884688547926271e+04 2.809169526823374952e+00 2.073764942372549949e-02 1.538632735496118364e-21
2.498357613711778322e+04 4.201207896453655849e+03 -2.078236824066412737e+04 4.969984385883362776e+00 7.692407604725877424e-02 1.440171028371566272e-21
2.527560347227614693e+04 3.915983338744522825e+03 -2.135962013353162547e+04 2.577009760979177333e+00 6.879984392835754303e-02 1.453416834232871056e-21
2.423843373475551198e+04 5.038827962365058738e+03 -1.919960577239045233e+04 3.424719312166419005e+00 -5.025219151583848465e-02 1.387873037561637177e-21
2.332811641165117180e+04 6.095375683813648720e+03 -1.723274072783752490e+04 2.777019574682682901e+00 2.598677480023511843e-02 1.363485214875320402e-21
2.216243561146923457e+04 7.384720892609597286e+03 -1.477771471885963729e+04 3.451395873839637307e+00 -8.244710128402549243e-02 1.254410321335667045e-21
