0.000000000000000000e+00 3.141060070640671620e+04 3.141060070640671620e+04 nan 3.575119702984067516e+01 3.202094331893336463e-25
2.141257852989572343e-94 3.141896958357071344e+04 3.141896958357071344e+04 5.039663352239606553e+01 7.543984811174868632e+00 3.219672138943067946e-25
1.334238377440440781e-43 3.141777361068583195e+04 3.141777361068583195e+04 2.294036220338117005e+01 3.238750778660594687e+00 3.204498449797947259e-25
1.057067465533010385e-25 3.141613801818894717e+04 3.141613801818894717e+04 1.526105978245197470e+01 1.673772270127060757e+00 3.212898415806079930e-25
2.274952984062984384e-17 3.141518441830211668e+04 3.141518441830211668e+04 9.761898174372873882e+00 3.778361998451173487e-01 3.222705524902604326e-25
2.791066744593641506e-12 3.141434800118036583e+04 3.141434800118036219e+04 5.853711382173045763e+00 5.582865525347655566e-01 3.210467104338264333e-25
2.133891597076846210e+03 2.915249602112568027e+04 2.701860442404883361e+04 4.501145703280447385e+00 -9.472957581666659188e-02 1.803361918681955813e-22
1.607865095200200085e+04 1.404136184997195051e+04 -2.037289102030050344e+03 1.562400558311255416e+01 -8.053355993601034324e-02 1.591504884535829615e-21
2.371464781256550486e+04 5.568609947307027142e+03 -1.814603786525847681e+04 1.027658701514467765e+01 -5.842774430747254416e-02 2.231098081671399196e-21
2.610474873162963559e+04 2.928723513869258568e+03 -2.317602521776037611e+04 4.105286951924244754e+00 -2.426285920329949997e-02 2.622598431961226007e-21
2.659217836125253962e+04 2.388354968113285395e+03 -2.420382339313925331e+04 9.675049283163715819e-01 1.680043452028644191e-02 2.574626572251450163e-21
2.669584011475543230e+04 2.302229294578326517e+03 -2.439361082017710578e+04 1.125857168467987712e+01 3.659351103542843320e-02 2.476703483748756453e-21
2.665897405700242962e+04 2.278211877629678838e+03 -2.438076217937275214e+04 1.005100082885478363e+00 -5.649752851883387689e-02 2.568384125891464189e-21
2.666468358800889837e+04 2.277468772851681024e+03 -2.438721481515721825e+04 1.147781496650708055e+00 1.847086149897519680e-01 2.550223019129132149e-21
2.671375738421957067e+04 2.257827922903222770e+03 -2.445592946131634744e+04 1.149749277040850615e+00 8.861491054274851786e-02 2.650020600660095010e-21
2.668720039228442693e+04 2.296921642084986161e+03 -2.439027875019943895e+04 1.204260548774783723e+00 -1.010853532059478449e-01 2.514740697228386399e-21
2.670930693603845430e+04 2.308975845952835698e+03 -2.440033109008561951e+04 1.212742247292497133e+00 -9.724489648044054579e-02 2.657974949247307850e-21
2.653395786986368330e+04 2.430179680746380200e+03 -2.410377818911730355e+04 1.741531353316063457e+00 5.978928711798520840e-02 2.587284066437573539e-21
2.646505162809961257e+04 2.540355512218037802e+03 -2.392469611588157568e+04 1.204138803588154172e+00 1.364985042628742429e-01 2.526721880490767041e-21
2.634454955984708431e+04 2.714237656586653429e+03 -2.363031190326042997e+04 2.299913689930871197e+00 2.467183324136202824e-02 2.701013079254851581e-21
2.620090651438825444e+04 2.806830162245126303e+03 -2.339407635214312904e+04 2.627114944179826939e+00 3.079644815672704164e-02 2.584865107341325480e-21
2.605371317158488091e+04 3.014150379159174008e+03 -2.303956279242570599e+04 5.298405952820449905e+00 -2.957370128931763667e-02 2.426787431471681820e-21
2.585685650850769161e+04 3.215239446558213331e+03 -2.264161706194947692e+04 1.822846503754067315e+00 -9.713652124875342408e-02 2.559719424479010535e-21
2.616392082250623935e+04 2.874117980073299350e+03 -2.328980284243293863e+04 3.885228205777553345e+00 6.040678683495038365e-02 2.796793497300139914e-21
2.611825507953033230e+04 2.950293606096015992e+03 -2.316796147343431585e+04 5.126218040078978078e+00 4.519030111370244546e-02 2.539638054186734744e-21
2.539811562804620189e+04 3.757272012773697043e+03 -2.164084361527250439e+04 4.846630361342205262e+00 1.385140093741084599e-01 2.556492911269920353e-21
2.562521992049058099e+04 3.412249326288513657e+03 -2.221297059420206642e+04 3.579562740231452711e+00 -5.091359018289470795e-02 2.520017638850544338e-21
2.509883661539259629e+04 4.130289728387815558e+03 -2.096854688700478073e+04 4.169756925188494279e+00 -6.153614379093317460e-02 2.523899414061362203e-21
2.394551731075827047e+04 5.378903044337200299e+03 -1.856661426642107108e+04 2.785096397442457405e+00 2.592608313912938070e-02 2.346710911008328076e-21
2.364684144203001415e+04 5.734612422687855542e+03 -1.791222901934215770e+04 2.776908840206289586e+00 1.606624252205925418e-01 2.274852917818778964e-21
2.177506430093621384e+04 7.758885342212338401e+03 -1.401617895872387453e+04 4.330391836575535613e+00 2.868006885928191599e-02 1.974010110390124706e-21
