0.000000000000000000e+00 3.141681325256661148e+04 3.141681325256661148e+04 nan 3.336043409469080956e+01 3.207034228695681626e-25
2.140388081366976342e-94 3.142299623811642959e+04 3.142299623811642959e+04 5.450921307185478071e+01 6.864742075810031707e+00 3.220333392397671626e-25
1.397875792759611386e-43 3.141576190828172184e+04 3.141576190828172184e+04 2.358789427008399286e+01 3.478629367142541895e+00 3.197221604709791380e-25
9.016519717132757618e-26 3.141945758172916612e+04 3.141945758172916612e+04 1.151025212123052199e+01 1.098576089207451867e+00 3.200244313946408922e-25
2.556348258151467796e-17 3.140942529286880745e+04 3.140942529286880745e+04 7.760668658153414334e+00 3.479671016775260362e-01 3.203515784415696392e-25
6.200923167008938502e-12 3.142199092541670689e+04 3.142199092541669961e+04 5.677025404781198326e+00 7.944855555331667984e-01 3.230471637712250460e-25
2.544407611653024560e+03 2.870760917038864136e+04 2.616320155873561816e+04 4.313443648772017802e+00 -8.086520917173553591e-02 1.499994602146381678e-22
1.643331059570070647e+04 1.369768025285444310e+04 -2.735630342846263375e+03 2.100181430672630256e+01 2.070803984932099301e-02 9.344949405522798126e-22
2.417104424935781208e+04 5.062995338796607030e+03 -1.910804891056120687e+04 1.354776563612783313e+01 -6.684810906590622770e-02 1.407175467542319660e-21
2.604855967839567529e+04 2.980364857602147367e+03 -2.306819482079352747e+04 3.170604581015725731e+00 -8.213067589545174074e-02 1.489155767395100455e-21
2.650468841725461971e+04 2.482497996583931581e+03 -2.402219042067068949e+04 3.694391448964159608e+00 6.660912596357299043e-02 1.490854390531771583e-21
2.666540022468238021e+04 2.289920122442912088e+03 -2.437548010223946767e+04 5.840031065482036432e-01 7.841309729369323744e-02 1.559064105567870309e-21
2.663020207271344407e+04 2.280778174044486150e+03 -2.434942389866895974e+04 6.855670001129684499e-01 1.555584720715504909e-01 1.516838400756424945e-21
2.665371095681778388e+04 2.286123472604305789e+03 -2.436758748421347991e+04 9.658895683955774913e-01 1.046276843276535001e-01 1.500491636541616623e-21
2.672405519738257135e+04 2.272878229058188481e+03 -2.445117696832438378e+04 6.087311190326705201e-01 4.814300513377847007e-02 1.529275200104222806e-21
2.657956461356151340e+04 2.359133831603961880e+03 -2.422043078195755152e+04 1.523016343515491533e+00 3.732433591438227838e-02 1.519397234532309857e-21
2.666437840859473363e+04 2.308534007837745321e+03 -2.435584440075698876e+04 1.232197239196199279e+00 2.274559950406733477e-01 1.537944868424413271e-21
2.664542965728168929e+04 2.313869516021369691e+03 -2.433156014126032096e+04 1.132141812358004929e+00 8.056513571962425901e-02 1.582513425734633917e-21
2.657547769954597970e+04 2.380173767044370379e+03 -2.419530393250161069e+04 1.650379129542912438e+00 9.891544684105901819e-02 1.521845230503733314e-21
2.638703933817664802e+04 2.599887106087866414e+03 -2.378715223208878160e+04 1.560551154116438299e+00 1.205690286962628061e-01 1.528123728016954255e-21
2.630809921261790805e+04 2.720568911432805635e+03 -2.358753030118510287e+04 3.247237923440720042e+00 -6.258727413554207586e-02 1.539266939163995298e-21
2.635279143437025778e+04 2.669976984739394538e+03 -2.368281444963086324e+04 1.495578097999691991e+00 2.422714175347984167e-02 1.546774663190990997e-21
2.631208143236106116e+04 2.697974439789282314e+03 -2.361410699257177839e+04 2.657663487975822303e+00 2.351617143205446403e-02 1.493231986947183588e-21
2.612960075017501367e+04 2.927308882916174753e+03 -2.320229186725883847e+04 2.052164808065550350e+00 1.661292620314323010e-01 1.512112957218099020e-21
2.568438985398902514e+04 3.406107397589836182e+03 -2.227828245639918896e+04 7.757010376776410254e+00 -7.334987308534973889e-03 1.505493509567852201e-21
2.564884056955150663e+04 3.485114880257896402e+03 -2.216372568929360932e+04 2.597050704790870412e+00 -1.720265220640078765e-02 1.540894787615450969e-21
2.528137377832581478e+04 3.882065664050285250e+03 -2.139930811427552908e+04 3.070880471488421914e+00 -8.680044536242241537e-02 1.460310866694496471e-21
2.492228886318668810e+04 4.272870332662942019e+03 -2.064941853052374790e+04 9.508926138460706667e+00 -1.018718007748642268e-01 1.420547718561747413e-21
2.407331843301918707e+04 5.210582530748421959e+03 -1.886273590227076420e+04 4.496081625794700720e+00 -3.645021550382795961e-02 1.355566337487254935e-21
2.352709832075009035e+04 5.860764691716020934e+03 -1.766633362903407033e+04 4.114852376279301005e+00 1.230564856031073906e-01 1.346176898875041098e-21
2.207913357713684309e+04 7.473889291164278802e+03 -1.460524428597256338e+04 6.017694437906332183e+00 -4.771320774073702781e-02 1.226789811379680169e-21
