0.000000000000000000e+00 3.142352101955066973e+04 3.142352101955066973e+04 nan 3.642157430123640438e+01 3.235448347102025048e-25
2.339132764006069326e-94 3.141432225223996647e+04 3.141432225223996647e+04 5.614212505802569098e+01 8.375027240174722110e+00 3.202951427630802106e-25
1.709391307543481293e-43 3.142342300403973059e+04 3.142342300403973059e+04 2.087695539773244846e+01 3.371336101326888990e+00 3.227470098982714373e-25
1.135647594077362310e-25 3.142304684403422652e+04 3.142304684403422652e+04 1.263086301969800473e+01 1.469576850075924312e+00 3.231564175261972373e-25
1.828034494031484639e-17 3.141740509498377287e+04 3.141740509498377287e+04 7.762545341824548473e+00 -1.039305908224312791e-01 3.220058402731042452e-25
3.507614035278069023e-12 3.142102476983425731e+04 3.142102476983425368e+04 5.708506668950026786e+00 6.467014692620921545e-01 3.226790885913136227e-25
2.464259621966302348e+03 2.878575138170415812e+04 2.632149175973785532e+04 4.082401775728271787e+00 -1.547654529089638464e-01 1.522639509704231895e-22
1.676160506540922870e+04 1.331547799530265911e+04 -3.446127070106569590e+03 1.048277060569157015e+01 -7.329933756916957865e-02 9.704557230237854335e-22
2.407844875175841298e+04 5.149662951869553581e+03 -1.892878579988885758e+04 1.229001470874650437e+01 1.959648575012307159e-02 1.397848661800742203e-21
2.609273678451848173e+04 2.944444339858773674e+03 -2.314829244465970987e+04 8.536002220875332114e+00 6.485616269503070852e-02 1.475278936843895163e-21
2.666501170777351217e+04 2.331648748573156354e+03 -2.433336295920035627e+04 7.893134977693958554e-01 6.598900472658188188e-03 1.524779043444043417e-21
2.656070254679588834e+04 2.375451323738610427e+03 -2.418525122305727928e+04 9.012426285735917197e-01 4.155769404009874990e-02 1.498095616347165839e-21
2.670382724264443095e+04 2.259094202008200227e+03 -2.444473304063623073e+04 8.586851335631408011e-01 7.640689700850393506e-02 1.538487526856994138e-21
2.671081939005710228e+04 2.284007948720854984e+03 -2.442681144133624912e+04 1.154853655389431966e+00 1.220755921489952572e-01 1.535383110979044776e-21
2.664319318752946128e+04 2.295551220944811575e+03 -2.434764196658464789e+04 7.064051699643750792e-01 -7.722403555088031002e-02 1.521029448991554374e-21
2.666277813712741772e+04 2.299201570925442411e+03 -2.436357656620197668e+04 6.928505722357271024e-01 -6.386664564209486306e-02 1.477356823025850753e-21
2.657097560560132479e+04 2.338792151026339980e+03 -2.423218345457498435e+04 9.389676623148458523e-01 8.201417356950134463e-02 1.575757485530289661e-21
2.656196300807757143e+04 2.434073146766726040e+03 -2.412788986131084675e+04 1.960936945167423451e+00 -7.062775482657548953e-02 1.539059995760897949e-21
2.647209220163656209e+04 2.588520967709886008e+03 -2.388357123392667563e+04 2.212869603071510927e+00 1.112512275024243324e-01 1.585383841996263070e-21
2.629903291912709756e+04 2.716715287764307050e+03 -2.358231763136279187e+04 3.362970014314797584e+00 1.972043520436286834e-02 1.565809560284855964e-21
2.623650923597046494e+04 2.764897645560144610e+03 -2.347161159041032079e+04 1.634571420159332211e+00 -2.115638684516446544e-02 1.505321856851970478e-21
2.631028000248119861e+04 2.629936415609386586e+03 -2.368034358687181157e+04 1.174730660579389463e+00 1.334680544240256228e-01 1.552945279765653258e-21
2.611582281614094245e+04 2.957785510533592060e+03 -2.315803730560735130e+04 3.143792904227641571e+00 1.414184367005098253e-01 1.525001119397605800e-21
2.603246506427408167e+04 2.994289931653023814e+03 -2.303817513262105786e+04 2.932461582195181382e+00 -4.242903958979799689e-02 1.512153478916939477e-21
2.620802888767724289e+04 2.866176150876443899e+03 -2.334185273680079990e+04 2.581778748645068067e+00 2.303370541437690933e-02 1.556586107230299387e-21
2.567099110239643414e+04 3.493054087420922770e+03 -2.217793701497551228e+04 3.682266379498096764e+00 -4.189822032981212890e-02 1.556331876417583770e-21
2.558444379671491333e+04 3.501114447510651189e+03 -2.208332934920426123e+04 5.375149894708754594e+00 6.737295617368294076e-02 1.474363972010959125e-21
2.516486376721493070e+04 4.010702917695059568e+03 -2.115416084951987068e+04 3.563352606894994778e+00 4.610967324138485687e-04 1.459334143389374271e-21
2.404008303510932456e+04 5.289685745495036826e+03 -1.875039728961428773e+04 5.612732151125815250e+00 -4.736291386540292248e-02 1.417655958762004998e-21
2.341459671565943790e+04 5.984465217569414563e+03 -1.743013149809002425e+04 3.900751663640963596e+00 6.671713874565729507e-02 1.336499392865531253e-21
2.225642768563931168e+04 7.269881370042429808e+03 -1.498654631559688278e+04 3.931628174368975603e+00 -5.850772691603190606e-02 1.285112041908342752e-21
