0.000000000000000000e+00 3.141717107282916186e+04 3.141717107282916186e+04 nan 3.629840351619427707e+01 3.209671131530094003e-25
1.882820263982544002e-94 3.143084524854190022e+04 3.143084524854190022e+04 5.535223154912745258e+01 7.823941044906924880e+00 3.253685184807301171e-25
1.464996941224559843e-43 3.142192243245511418e+04 3.142192243245511418e+04 2.089857775843681864e+01 3.756590994131177919e+00 3.221359439724840347e-25
1.238413573057090670e-25 3.141511938929044481e+04 3.141511938929044481e+04 1.223445630599337086e+01 1.644333994160961376e+00 3.216474737882226656e-25
2.317570000180768003e-17 3.141890799983555553e+04 3.141890799983555553e+04 8.667164396894767364e+00 2.394958041875934196e-01 3.214590185848109203e-25
9.206031211947685684e-13 3.141230520729144700e+04 3.141230520729144700e+04 6.031173656801660066e+00 3.594756793109578630e-01 3.207034296964986884e-25
2.556333625178843249e+03 2.871006139198336678e+04 2.615372776680452444e+04 4.065527079315280901e+00 -1.919103036198618328e-01 1.452243843094786248e-22
1.611619229125109814e+04 1.403450501776393321e+04 -2.081687273487164930e+03 1.414941604354407900e+01 4.285087977178095309e-02 9.195777568778688507e-22
2.435432288704949315e+04 4.964853146259624737e+03 -1.938946974078986750e+04 9.970153240513356607e+00 1.056939687423349844e-01 1.387356762801678658e-21
2.620465285658534413e+04 2.828264296914810529e+03 -2.337638855967053314e+04 9.119392027920758537e+00 6.619397049825022361e-02 1.531890969020846542e-21
2.654906986758625862e+04 2.430223219960333608e+03 -2.411884664762592365e+04 9.229321214968308595e+00 9.114313596479650670e-02 1.504089020923861826e-21
2.668847245128476789e+04 2.280953526620476168e+03 -2.440751892466429126e+04 1.022713915373547611e+00 -1.551344946028530326e-02 1.543520680016071372e-21
2.665853098752263395e+04 2.290662863891806865e+03 -2.436786812363082572e+04 9.605500800702944098e-01 -1.568591796355376100e-01 1.524882889585435616e-21
2.671341546647050927e+04 2.258947168346798207e+03 -2.445446829812371288e+04 6.733249212396902328e-01 -3.399151980364217146e-02 1.533789036070323391e-21
2.671703003317019829e+04 2.265519768316163209e+03 -2.445151026485403418e+04 8.059542936253926149e-01 -5.116972251858531440e-02 1.519195246492861849e-21
2.667534723300247060e+04 2.281731241713330746e+03 -2.439361599128913804e+04 1.008212770054485619e+00 -3.214670399154259672e-02 1.520010812380510867e-21
2.663734982122230940e+04 2.326509186776459956e+03 -2.431084063444584899e+04 1.503602886754479506e+00 1.819095286642710349e-02 1.508409466864032018e-21
2.663070811489081098e+04 2.378251690386818154e+03 -2.425245642450399464e+04 8.087053692293860729e-01 6.283560791231067311e-02 1.575363026836118551e-21
2.632480372486187480e+04 2.665834342797464615e+03 -2.365896938206440973e+04 1.655846664651513978e+00 5.250226811414449024e-02 1.531134625079643413e-21
2.659262719926848513e+04 2.483262988595604838e+03 -2.410936421067288029e+04 3.260289945697228742e+00 8.432308379192492154e-02 1.622730511288557622e-21
2.625842545653466368e+04 2.762700943720766645e+03 -2.349572451281389658e+04 1.908913855442970986e+00 1.255813911896999091e-01 1.528253786372057711e-21
2.600056289381546594e+04 3.071531191233200843e+03 -2.292903170258226601e+04 2.010991248936078168e+00 1.768736810341520194e-01 1.540578527905852194e-21
2.620346865885590887e+04 2.827143205998607755e+03 -2.337632545285730157e+04 2.237552451157668543e+00 -7.045211551583874243e-02 1.478539882582903001e-21
2.632378029228936430e+04 2.669275464347384514e+03 -2.365450482794197887e+04 2.421604598239025297e+00 2.135824778877475419e-02 1.486158777061636733e-21
2.594030464974232382e+04 3.128243212120885346e+03 -2.281206143762143984e+04 5.016145434438734618e+00 -9.627202526727723919e-02 1.522446873500057478e-21
2.570564710353799819e+04 3.346620567998569641e+03 -2.235902653553942946e+04 2.381963063144924231e+00 -7.976576900080785057e-03 1.452612021757218194e-21
2.551618623244511400e+04 3.615625393667653498e+03 -2.190056083877745914e+04 1.989266203778329745e+00 3.886255373940633584e-02 1.434345558661871362e-21
2.506435159086649583e+04 4.160593471567714914e+03 -2.090375811929878182e+04 2.150020401409939996e+00 2.840847634272306022e-02 1.465397386055976862e-21
2.424954339282776345e+04 5.110724016514278446e+03 -1.913881937631348410e+04 3.210285787984293648e+00 6.085352498671206360e-03 1.424776867076009426e-21
2.363539946640042399e+04 5.730625080269950558e+03 -1.790477438613047343e+04 3.881709861291714247e+00 3.922059986440184359e-02 1.345072303901124877e-21
2.252235559128088425e+04 7.021556801754458320e+03 -1.550079878952642684e+04 3.604118739254575932e+00 -2.740356416797784175e-02 1.300542549656523755e-21
