0.000000000000000000e+00 3.141885036911395218e+04 3.141885036911395218e+04 nan 3.141347215435268581e+01 3.214536122112688813e-25
1.794069020118745511e-94 3.141575278164049814e+04 3.141575278164049814e+04 5.781052146727706287e+01 7.508790002538556330e+00 3.219237812066448977e-25
1.598756030645085091e-43 3.142324606165819569e+04 3.142324606165819569e+04 2.269270635413909076e+01 3.397500283534718779e+00 3.232957488620240567e-25
9.739621485096416456e-26 3.141907975624367464e+04 3.141907975624367464e+04 1.248737016480842499e+01 1.807492075450603863e+00 3.199258262719448262e-25
1.970611491697779220e-17 3.142071268726909693e+04 3.142071268726909693e+04 7.497215889618098039e+00 -2.972485359154038442e-01 3.215472415450278558e-25
5.283786417979882125e-12 3.141831719788637929e+04 3.141831719788637565e+04 6.503778121146453373e+00 8.442644366071897499e-01 3.219460878778768546e-25
2.630619472227893311e+03 2.862517414926880883e+04 2.599455467704091643e+04 3.948042754986824221e+00 -3.319097154819414253e-01 2.234047639902869369e-22
1.613609532711260908e+04 1.402908966849663921e+04 -2.107005658615969878e+03 7.414012408135505439e+00 6.367439822927643822e-02 1.569137842175869198e-21
2.453408104029778406e+04 4.724425441076199604e+03 -1.980965559922158354e+04 8.299308120466315941e+00 -9.071866002165679399e-02 2.528627414847816386e-21
2.628579000915671350e+04 2.737145496565542999e+03 -2.354864451259117050e+04 6.302177825324194238e+00 -2.815958212016775666e-02 2.675402475557489767e-21
2.657325833686229453e+04 2.393465410346686895e+03 -2.417979292651560900e+04 6.411156240836428655e-01 -6.142245752962415678e-03 2.564641304361211435e-21
2.668169271136906536e+04 2.305400924864417902e+03 -2.437629178650464746e+04 1.127605167903740435e+00 6.575936868874504571e-02 2.639260363489614999e-21
2.666213690459707868e+04 2.306615069170168681e+03 -2.435552183542690909e+04 1.022489701645689086e+00 5.560837408524652720e-02 2.572413615025060258e-21
2.676998890338878482e+04 2.233427312366578917e+03 -2.453656159102220408e+04 9.665270692337620817e-01 1.115200556497990131e-01 2.680691540327686718e-21
2.665090471609066662e+04 2.314109631851570612e+03 -2.433679508423909647e+04 9.233532124361567561e-01 -8.828102486067641863e-02 2.546935297573558897e-21
2.669041353032003099e+04 2.279334042325598148e+03 -2.441107948799443329e+04 1.288538162203470838e+00 1.004842331153600332e-01 2.546066041852530235e-21
2.659638812021155536e+04 2.344823171829203147e+03 -2.425156494838235085e+04 1.013202384158574221e+00 8.122770384988778347e-02 2.591677725479796651e-21
2.663111932015264392e+04 2.351306396893238798e+03 -2.427981292325940376e+04 1.658576214521852554e+00 1.048840292487513981e-01 2.722732222879497629e-21
2.648085116199255572e+04 2.478907617244642097e+03 -2.400194354474791180e+04 1.363676170758030048e+00 1.132518858231433695e-01 2.554850957115414524e-21
2.645927120822064171e+04 2.556004042622845191e+03 -2.390326716559779743e+04 2.337440764119412595e+00 -2.853118989758117799e-02 2.715632773287230707e-21
2.613331342374577071e+04 2.895186282477526220e+03 -2.323812714126824358e+04 3.381215064489075051e+00 3.105741947740275552e-02 2.576191459788826093e-21
2.619352721599861979e+04 2.827204091689864072e+03 -2.336632312430875754e+04 3.423111212462357944e+00 5.520675899957533383e-02 2.616902809079526231e-21
2.589453213256456002e+04 3.147269838518809593e+03 -2.274726229404575133e+04 2.049568813234475151e+00 -1.134738426947958130e-02 2.535459353171078983e-21
2.585888128837564363e+04 3.208699425655390314e+03 -2.265018186272025196e+04 4.424427740344246907e+00 5.700218389649636813e-02 2.533534264010003597e-21
2.584125572547468983e+04 3.251660327053332821e+03 -2.258959539842135564e+04 2.477006163783340043e+00 -1.455501207153710730e-01 2.572890399023998126e-21
2.558049132631229440e+04 3.522174634301077731e+03 -2.205831669201121622e+04 2.973071661160111123e+00 5.797850652210340822e-02 2.550843654734183375e-21
2.547327732167390423e+04 3.654379429965360032e+03 -2.181889789170854419e+04 1.975426186815120166e+00 -4.907026156504298853e-02 2.507563614145447273e-21
2.505380163285282470e+04 4.166813268137540945e+03 -2.088698836471528193e+04 2.155428949876549538e+00 1.498421493076374233e-01 2.401125285378932792e-21
2.425323938548031583e+04 5.057949694187892419e+03 -1.919528969129242250e+04 3.215786785929096059e+00 4.391810720625025088e-02 2.376745427128583978e-21
2.363587150170429595e+04 5.756842553802799557e+03 -1.787902894790149730e+04 3.229714473631899008e+00 -6.093407671820227217e-02 2.277994147567699050e-21
2.186908943394637390e+04 7.690706365302512495e+03 -1.417838306864386141e+04 6.479172664617583344e+00 -2.621781609633887233e-02 2.049175851877766348e-21
