0.000000000000000000e+00 3.141888865154318410e+04 3.141888865154318410e+04 nan 3.592598877647760958e+01 3.207402608911143980e-25
2.114836536602402645e-94 3.142064948301219192e+04 3.142064948301219192e+04 5.218145813218557549e+01 8.380899117653049402e+00 3.223528534825563321e-25
2.031349581680149986e-43 3.142075034107807005e+04 3.142075034107807005e+04 2.355678151072725868e+01 5.454328002518323615e+00 3.223612829244960285e-25
1.161943220754044485e-25 3.141561641902075644e+04 3.141561641902075644e+04 1.253659149593928213e+01 1.573576988090065187e+00 3.208754152327066149e-25
2.183560682430734206e-17 3.141850835614219977e+04 3.141850835614219977e+04 7.799699979556070417e+00 -3.805064215820275764e-01 3.216380816646335669e-25
8.275889921418496513e-13 3.142909120498844277e+04 3.142909120498844277e+04 5.886952329938206496e+00 6.289899222516392996e-01 3.234063476395343063e-25
2.606067938834718461e+03 2.864870613323448924e+04 2.604263819439976942e+04 4.259746096633954870e+00 -3.683398149265753041e-01 1.554430153690601654e-22
1.650040792525767029e+04 1.360375821373192230e+04 -2.896649711525747989e+03 1.583082380989990234e+01 1.466348634479493207e-02 8.908861772667863864e-22
2.408031613165347517e+04 5.180906177465582005e+03 -1.889940995418789316e+04 1.041096567869247913e+01 -7.624319449662643466e-02 1.411156541102609964e-21
2.611568225565017565e+04 2.921396027768141721e+03 -2.319428622788203211e+04 6.774295838426510841e+00 6.015013086327233166e-02 1.545394381263945558e-21
2.653018431005945604e+04 2.429134046970152212e+03 -2.410105026308930246e+04 2.484754863628997779e+00 9.180605449168429549e-03 1.504746105825221238e-21
2.669056401794703561e+04 2.293684093372542520e+03 -2.439687992457449218e+04 8.921382039623674265e-01 -2.533280756817035337e-02 1.551883669162032188e-21
2.664372480128761890e+04 2.276315701135658855e+03 -2.436740910015195914e+04 1.024879751210482359e+00 -7.622652015247342178e-04 1.518727618348065326e-21
2.672543834496370982e+04 2.246315807475304155e+03 -2.447912253748840521e+04 1.073932000472546111e+00 -4.352570321031379308e-02 1.529797512916914528e-21
2.662799475325641470e+04 2.314139051653675779e+03 -2.431385570160274074e+04 1.339242286373187207e+00 1.024667576164259991e-01 1.528285727096645316e-21
2.671730099496954426e+04 2.265474630766050268e+03 -2.445182636420349445e+04 8.452735466470477910e-01 -4.960109218304479400e-02 1.555205184823258643e-21
2.662675576161079880e+04 2.315524814754679028e+03 -2.431123094685612159e+04 1.020349950894081426e+00 -4.581636848106299641e-03 1.501229421966616192e-21
2.660610832123914952e+04 2.378471547730780458e+03 -2.422763677350836952e+04 7.664430613703805406e-01 -7.633980570909072727e-02 1.514886843361309525e-21
2.654783744688596198e+04 2.437226502508032354e+03 -2.411061094437792781e+04 9.781208051519487690e-01 8.880507318252735260e-02 1.551977052295912619e-21
2.642542625094637333e+04 2.573355627372760409e+03 -2.385207062357361428e+04 3.123529159428071633e+00 -4.937292343492232644e-02 1.533988742661781952e-21
2.635900929252386777e+04 2.676708197114070117e+03 -2.368230109540979902e+04 3.548623002551428041e+00 4.926018613458310082e-03 1.556377115247030964e-21
2.598363044967105816e+04 3.040891725379110540e+03 -2.294273872429194671e+04 3.134376375884956101e+00 -2.816851115507350636e-02 1.509953783362754151e-21
2.627581823258485019e+04 2.733443006699752004e+03 -2.354237522588509819e+04 2.779261442674601401e+00 -8.865781200573545628e-02 1.539442110334201885e-21
2.589894221381349780e+04 3.188171700643710665e+03 -2.271077051316978759e+04 2.817752302540133424e+00 -5.862263655313006833e-02 1.497505530831366623e-21
2.589630620569346502e+04 3.198712674676905408e+03 -2.269759353101655870e+04 5.186172569760689299e+00 1.046234082800271380e-02 1.505559333689404489e-21
2.565222614124007669e+04 3.449941541884008984e+03 -2.220228459935606952e+04 3.830516783217247312e+00 -9.303442508718513804e-02 1.494749380282833823e-21
2.572849133382858417e+04 3.348128209125063222e+03 -2.238036312470352277e+04 4.561084912296010430e+00 -3.388758528245876950e-02 1.480271093641563517e-21
2.463920565150450057e+04 4.496093123604065113e+03 -2.014311252790043363e+04 3.220057023762413539e+00 -2.396475568520823815e-02 1.426942517086735875e-21
2.408392639928551944e+04 5.226627401502690191e+03 -1.885729899778282925e+04 2.463257226172828940e+00 9.360727506692081631e-03 1.366289636297364530e-21
2.357911252105542735e+04 5.796794468293959653e+03 -1.778231805276146770e+04 3.566937561056050754e+00 9.084059482896517058e-04 1.351892326911341876e-21
2.289578629478424409e+04 6.572928375013027107e+03 -1.632285791977121698e+04 3.866866753835303427e+00 7.229093866007145486e-02 1.314633893528971108e-21
