0.000000000000000000e+00 3.142087604802097121e+04 3.142087604802097121e+04 nan 3.787295274007500012e+01 3.221768418916551935e-25
2.347540007525025594e-94 3.142636166885637431e+04 3.142636166885637431e+04 5.249722743897643085e+01 7.499951601197879292e+00 3.233804719187449132e-25
1.452719057103241132e-43 3.142484232473720476e+04 3.142484232473720476e+04 2.301640899329128942e+01 3.382955333579659385e+00 3.223470361494815811e-25
1.228693675518647661e-25 3.141336415559177112e+04 3.141336415559177112e+04 1.326339596955267730e+01 1.673772263921446068e+00 3.192347651166986667e-25
2.173773637264988480e-17 3.141704673749251742e+04 3.141704673749251742e+04 8.974810589067635291e+00 -3.367838568802898891e-01 3.224149372174536183e-25
3.222589117676610775e-12 3.141577484220158658e+04 3.141577484220158294e+04 5.908706994264150580e+00 5.040975901403097481e-01 3.215692203436595876e-25
2.378363592557552693e+03 2.888256412997410007e+04 2.650420053741654556e+04 4.109535078599144242e+00 -1.511087515035812456e-01 1.302706029254712985e-22
1.586697560246255489e+04 1.427291506829113314e+04 -1.594060534171421750e+03 1.137419805249580840e+01 5.944611831823589515e-02 8.890065884930065121e-22
2.429188420235837111e+04 4.968111264274935820e+03 -1.932377293808343529e+04 1.122390752960636462e+01 1.421957478015866971e-01 1.414297039861751899e-21
2.618435677305625359e+04 2.860958536564261067e+03 -2.332339823649199388e+04 9.172328230200124111e+00 1.237273681321893193e-01 1.459797533016785051e-21
2.662290863699660622e+04 2.343313802063701132e+03 -2.427959483493290463e+04 1.601695944363086710e+00 5.584856774770280419e-02 1.468672854361715512e-21
2.657076651064655016e+04 2.315569467045986585e+03 -2.425519704360056494e+04 8.602015904566577831e-01 1.307058026863391620e-01 1.496327065188243636e-21
2.664235909921757411e+04 2.288602571301263652e+03 -2.435375652791631001e+04 1.121064463243627962e+00 7.457135996852497228e-02 1.456366960335303844e-21
2.668487680747964259e+04 2.270061196112268590e+03 -2.441481561136737582e+04 7.812734939981350601e-01 1.248813571180059645e-01 1.530961787602441966e-21
2.669932396374034579e+04 2.267132008832108113e+03 -2.443219195490823768e+04 7.603316416599281702e-01 4.617019050402879771e-02 1.513574851431988403e-21
2.655092676729260711e+04 2.346990674792466052e+03 -2.420393609250014197e+04 7.778261219158505435e-01 -1.456392544342292004e-02 1.487754771689246520e-21
2.668395631042019522e+04 2.283893628755268765e+03 -2.440006268166492737e+04 8.088090867873286571e-01 5.964307954488190511e-02 1.550184779939683230e-21
2.655289458082954297e+04 2.403209490718938014e+03 -2.414968509011060451e+04 2.336567687201621890e+00 2.140053606738938352e-02 1.538652406970436853e-21
2.636710568596762823e+04 2.546811148290879828e+03 -2.382029453767674931e+04 1.474866028671076412e+00 3.875231149028169828e-03 1.507297496180459072e-21
2.639928102318308811e+04 2.604514771764639590e+03 -2.379476625141844852e+04 1.496628173102259707e+00 3.150863453657272439e-02 1.517290375429459865e-21
2.631792047366039696e+04 2.649877604760761187e+03 -2.366804286889963623e+04 1.274405670217798825e+00 -4.332257999425790512e-02 1.521163660807737876e-21
2.622486990272884213e+04 2.851724003858678770e+03 -2.337314589887016336e+04 2.508399174915885155e+00 8.805363674293695611e-03 1.486019132534391134e-21
2.619874768375278290e+04 2.811737374320813615e+03 -2.338701030943197111e+04 3.020441587930914107e+00 -7.910026119338732509e-02 1.552017178035643789e-21
2.634430914172359189e+04 2.689728863481966073e+03 -2.365458027824162491e+04 1.699206183390625791e+00 -5.673585294498364323e-02 1.505937126179048987e-21
2.581892277021772315e+04 3.257440313602666265e+03 -2.256148245661505644e+04 2.675587811872020438e+00 -6.679372562784470502e-02 1.458147999095202054e-21
2.559920351194810792e+04 3.482629660975503612e+03 -2.211657385097260340e+04 2.873908045316174498e+00 -3.987090479383065267e-02 1.458872505876541378e-21
2.539337280588758222e+04 3.687289447988692700e+03 -2.170608335789888952e+04 2.100169841522451897e+00 -6.208567802551324781e-03 1.456203987063501191e-21
2.498824613883918937e+04 4.199791844028412925e+03 -2.078845429481077736e+04 4.385841797407197262e+00 1.056433888261874982e-01 1.438111212163188703e-21
2.459694335162634525e+04 4.683075500579605432e+03 -1.991386785104673982e+04 2.662715484183679759e+00 5.947740186630303544e-02 1.416110516698356837e-21
2.298694462529124212e+04 6.438771700297798816e+03 -1.654817292499344330e+04 2.929087956398098047e+00 -2.544383052057522590e-02 1.299555213803089879e-21
2.282148180170839260e+04 6.653424483989680084e+03 -1.616805731771871251e+04 4.064028046455006482e+00 1.265782565378214264e-01 1.319525743399125294e-21
