0.000000000000000000e+00 3.141758527832865730e+04 3.141758527832865730e+04 nan 3.618187523243822312e+01 3.215328108722886196e-25
2.198953228294052196e-94 3.141896095870108911e+04 3.141896095870108911e+04 4.982932711843941576e+01 6.811774550074841450e+00 3.226859669505518750e-25
1.408050269546496015e-43 3.141837300743919695e+04 3.141837300743919695e+04 2.575500528438905690e+01 2.505642112666567112e+00 3.216730309050491028e-25
1.097200706449506854e-25 3.141332931354152242e+04 3.141332931354152242e+04 1.324793035390035989e+01 1.682706405488996637e+00 3.205467594988678842e-25
2.346126257163832380e-17 3.142002842819180296e+04 3.142002842819180296e+04 8.474911200947181200e+00 2.859412074795414926e-01 3.229439494144793245e-25
9.403406116572099481e-13 3.141764452843280014e+04 3.141764452843280014e+04 6.282190664063375785e+00 6.225948016149404074e-01 3.219902792754831074e-25
2.277433030474514908e+03 2.900367498512204111e+04 2.672624195464752484e+04 4.150235106708685784e+00 -1.168953218193757859e-01 1.298714503185801703e-22
1.729263014468587789e+04 1.279507653413557455e+04 -4.497553610550303347e+03 1.602149587033298062e+01 -4.629272724966843056e-02 9.750752182990025604e-22
2.418197867519219290e+04 5.094993634095130801e+03 -1.908698504109706118e+04 1.011683681646688804e+01 1.638607764389491683e-01 1.429203020574746745e-21
2.612927709739740021e+04 2.865422398231008174e+03 -2.326385469916639340e+04 1.192333141571879729e+01 7.113516622445202608e-02 1.499123043829661651e-21
2.659808914590597487e+04 2.368157018100177993e+03 -2.422993212780579779e+04 9.454686679572151808e-01 9.077463727697294982e-02 1.514791286606116451e-21
2.666106506382393491e+04 2.317974734357651869e+03 -2.434309032946628213e+04 7.139499653712385596e-01 -6.278484820038382486e-02 1.521535753161267820e-21
2.673927506405388340e+04 2.262163309384912736e+03 -2.447711175466897112e+04 7.968167928857949889e-01 -1.228713766934397267e-02 1.512647805531802674e-21
2.673318309359592968e+04 2.269742029859284230e+03 -2.446344106373664545e+04 7.968651228973105960e-01 9.253747071796585011e-02 1.542304699096731942e-21
2.663444795991853971e+04 2.283181170469763856e+03 -2.435126678944877494e+04 1.212086116098665345e+00 -5.305100214253898744e-02 1.521504912381266010e-21
2.666881323849377441e+04 2.269741780708277474e+03 -2.439907145778549602e+04 1.039380499449800377e+00 -4.152842340245491842e-02 1.526930209517229203e-21
2.664661491219075469e+04 2.318514289910245679e+03 -2.432810062228050811e+04 5.219035962507606596e-01 1.456699655948678895e-01 1.459967210046868455e-21
2.660031528977951530e+04 2.406282919856909757e+03 -2.419403236992260645e+04 9.190636038181079215e-01 7.832165191012374628e-02 1.484137978642750105e-21
2.657104308727451644e+04 2.404607143153143170e+03 -2.416643594412137463e+04 1.654214049586405944e+00 -4.658693393448801179e-02 1.551505273440278681e-21
2.650883216030770200e+04 2.559862146831563678e+03 -2.394897001347613696e+04 3.974562464350874791e+00 1.845981020173486850e-02 1.604182713010938372e-21
2.611234439202202702e+04 2.956760985262394115e+03 -2.315558340675963336e+04 2.265406415301469245e+00 -6.578587526358117832e-02 1.505859448606036932e-21
2.608083075306087994e+04 2.967178823171682325e+03 -2.311365192988919807e+04 2.892371039797669852e+00 2.828043033347274124e-02 1.471792178888348426e-21
2.610338811416676981e+04 2.958021364259995607e+03 -2.314536674990677420e+04 1.805593574470540696e+00 -5.828612666357765176e-02 1.523239123499702874e-21
2.626034806997176565e+04 2.736285202387883146e+03 -2.352406286758388160e+04 2.204592326028101734e+00 -1.018691484897074756e-01 1.539777169152308938e-21
2.610511697430286949e+04 2.968831236222041753e+03 -2.313628573808082729e+04 2.202099577068853176e+00 2.268796412721413476e-03 1.509770031463941999e-21
2.557775780103875877e+04 3.507454540747963620e+03 -2.207030326029079515e+04 2.684880692973288685e+00 -3.208014290619055214e-02 1.531484354765089319e-21
2.549446356330759227e+04 3.658639526301190926e+03 -2.183582403700640134e+04 5.626070700179788275e+00 -9.110117685010048205e-02 1.476556320005728218e-21
2.509280169303064395e+04 4.059376375615234338e+03 -2.103342531741541097e+04 2.554173457121899471e+00 1.247586914153482780e-02 1.440436070196416052e-21
2.406354717640703893e+04 5.199536403323735613e+03 -1.886401077308330423e+04 4.026959611086070367e+00 -4.840326365391244695e-02 1.399849236241291596e-21
2.313994344615743466e+04 6.300065574781306168e+03 -1.683987787137612759e+04 3.828060028808413673e+00 -1.395863365957409619e-01 1.347663673762462881e-21
2.250815330010684193e+04 7.030867365659009920e+03 -1.547728593444783110e+04 4.088216109105105467e+00 3.117803152608531955e-02 1.305063735631292891e-21
