0.000000000000000000e+00 3.140906713029281673e+04 3.140906713029281673e+04 nan 3.141347215435268581e+01 3.195778603742614488e-25
2.265814981300605264e-94 3.140942022779414037e+04 3.140942022779414037e+04 4.859056293247140701e+01 8.463426565635280951e+00 3.201275042108371020e-25
1.901414805010802405e-43 3.141159409384976607e+04 3.141159409384976607e+04 2.339571929038672593e+01 3.672355827485153323e+00 3.201534272595854379e-25
1.101455715449183211e-25 3.142348296418879909e+04 3.142348296418879909e+04 1.366466600617690119e+01 1.680827486226140310e+00 3.224815627638237654e-25
2.165835081769581588e-17 3.140667330021493763e+04 3.140667330021493763e+04 8.672054848235562829e+00 4.206879446521982202e-01 3.184784102166735489e-25
1.061751681665357310e-12 3.142055433705865653e+04 3.142055433705865653e+04 6.341235068675827868e+00 5.238892409000653894e-01 3.227820704215598805e-25
2.126915568495820935e+03 2.915194608907132715e+04 2.702503052057550667e+04 4.234654288126453281e+00 -1.317098019098254247e-01 1.094550817059014490e-22
1.579475238084596458e+04 1.439491465683850947e+04 -1.399837724007455108e+03 1.447391512968219729e+01 -9.481697969102854950e-02 9.002718289565588043e-22
2.412437958936321593e+04 5.185272867579682497e+03 -1.893910672178353343e+04 1.112929650941891602e+01 -1.432333808871428527e-01 1.409281580939814819e-21
2.611079733413101349e+04 2.926030862522145526e+03 -2.318476647160886932e+04 6.515023161684105446e+00 1.725269570229103280e-02 1.463790393272059912e-21
2.660569015326753652e+04 2.345483896476284826e+03 -2.426020625679125078e+04 1.302680477470015363e+00 -1.596373316219841867e-02 1.542089627890199058e-21
2.667596989946342001e+04 2.284669021130391229e+03 -2.439130087833302969e+04 6.815005039104775619e-01 -2.006418395355240997e-02 1.526663250254461449e-21
2.670063817022409785e+04 2.269846567845410846e+03 -2.443079160237868564e+04 6.554713210904163923e-01 -5.792505749467100236e-03 1.536228579255515946e-21
2.669475219712905528e+04 2.280139117269994586e+03 -2.441461307985906024e+04 1.139952427815156710e+00 1.637206237423952451e-02 1.464944428306296028e-21
2.666906576619022599e+04 2.285357650420678056e+03 -2.438370811576954657e+04 8.123083059981098808e-01 1.296063879292943437e-03 1.498803415248242014e-21
2.663739751269185581e+04 2.311446545766866166e+03 -2.432595096692498919e+04 1.172111754052092447e+00 1.724172419140098389e-01 1.509008670494430410e-21
2.668408743887106539e+04 2.286256120703593751e+03 -2.439783131816747118e+04 2.144024473866975367e+00 1.033220729193699561e-01 1.499296352073716853e-21
2.659041227279707164e+04 2.360619334577585960e+03 -2.422979293821948522e+04 2.307864905870110395e+00 1.063987022313868658e-01 1.555482373956392782e-21
2.643028343803968164e+04 2.572082143816960524e+03 -2.385820129422272294e+04 1.432853375020392450e+00 1.245395871509697577e-01 1.489453879885895164e-21
2.630654839482060561e+04 2.728332629285355324e+03 -2.357821576553524937e+04 4.592013180034246744e+00 -9.259701928333279042e-02 1.528355274305950565e-21
2.621071218756968665e+04 2.811113279413805230e+03 -2.339959890815588005e+04 2.732497651555048090e+00 -4.099865244581975959e-02 1.501630815175167438e-21
2.615374781297459776e+04 2.843919159068457702e+03 -2.330982865390614097e+04 3.055586479632995012e+00 1.181026599477196237e-01 1.502972764719182596e-21
2.593473319579646341e+04 3.104178003604020887e+03 -2.283055519219244161e+04 3.147747254703995523e+00 9.118848019561265339e-02 1.518080782977469036e-21
2.591377195626797766e+04 3.144239722199278276e+03 -2.276953223406869802e+04 5.749961484862926575e+00 1.987779209763270924e-02 1.496639054485946371e-21
2.552179949827783639e+04 3.579088458049130168e+03 -2.194271104022870713e+04 1.776062671215570710e+00 1.256265727790980592e-02 1.533923141913394721e-21
2.611673477718232607e+04 2.986327719054823774e+03 -2.313040705812750093e+04 2.531353679398846257e+00 -8.103012388440277922e-03 1.559258915472697125e-21
2.534993938909568169e+04 3.760282776343340629e+03 -2.158965661275234015e+04 2.203344750046170031e+00 3.982085194145914414e-02 1.419533397854078227e-21
2.491647357620623006e+04 4.307502838441851054e+03 -2.060897073776437901e+04 2.038212703767014577e+00 -3.324080454290651715e-02 1.422722789859152831e-21
2.457422997966529147e+04 4.671766376060994844e+03 -1.990246360360429753e+04 1.128123166487782747e+01 6.214284026538258177e-03 1.406953430720750370e-21
2.353074895707992619e+04 5.881880180951769944e+03 -1.764886877612815442e+04 2.868515670737557866e+00 2.499437498871566118e-02 1.340836792025618727e-21
2.216841874259155884e+04 7.343351688790660774e+03 -1.482506705380089807e+04 2.735157728223956752e+00 -8.704494483644463487e-02 1.268972438815988367e-21
