0.000000000000000000e+00 3.142368526180660774e+04 3.142368526180660774e+04 nan 3.767071194460940120e+01 3.225232413137779720e-25
2.150745499095443554e-94 3.141139646493511827e+04 3.141139646493511827e+04 4.914352177577166003e+01 7.541187625764045777e+00 3.193232713603976054e-25
1.767709857542089144e-43 3.142121833795063503e+04 3.142121833795063503e+04 2.416380593790043108e+01 3.385852504607990809e+00 3.225429941883422778e-25
1.042708980131129880e-25 3.141595537235704978e+04 3.141595537235704978e+04 1.463161372651929071e+01 1.728905307019254378e+00 3.218404561154628561e-25
1.945861352196385761e-17 3.142490689997837762e+04 3.142490689997837762e+04 7.889965115373333227e+00 -5.343511094013492224e-02 3.218806332755026429e-25
8.545927014664099575e-12 3.141593959751119473e+04 3.141593959751118746e+04 5.424684247597906683e+00 6.699931488052247586e-01 3.210142279931220694e-25
2.560613493231211578e+03 2.869801985299903754e+04 2.613740635976782505e+04 4.015251943133239187e+00 -2.318228417697105470e-01 1.375678277370536683e-22
1.647510612156172283e+04 1.364060713393979859e+04 -2.834498987621924243e+03 1.037577075958950168e+01 -7.420856701228857599e-02 9.277466799353518016e-22
2.416876955937954699e+04 5.093606914493214390e+03 -1.907516264488633169e+04 1.396308505701706082e+01 3.594033938645443266e-02 1.377576175288945140e-21
2.617502992753880608e+04 2.864867608101654696e+03 -2.331016231943714956e+04 1.547907936893856373e+01 -9.735484730558623123e-02 1.551697950659522785e-21
2.645676284531141209e+04 2.487230926558473129e+03 -2.396953191875293851e+04 8.508682549895200120e-01 1.961476302135766181e-01 1.505116090774995105e-21
2.667821985242182564e+04 2.291478182793553515e+03 -2.438674166962827076e+04 1.012157618426874350e+00 7.247267286822862975e-02 1.544992560103088309e-21
2.670945730361742244e+04 2.241610522518412381e+03 -2.446784678109901142e+04 8.149728016958340815e-01 9.993567541499726037e-02 1.604838201223041516e-21
2.668798733229903519e+04 2.279423833312231181e+03 -2.440856349898680492e+04 8.627605524790094016e-01 -7.939053713071282962e-04 1.472244976427690119e-21
2.660460072888002469e+04 2.309729677717974482e+03 -2.429487105116205203e+04 5.374961275367255986e-01 9.172743427623231138e-02 1.514390321189874201e-21
2.664014404381881832e+04 2.303542393579591135e+03 -2.433660165023922673e+04 1.207577909749409040e+00 7.265352503056701772e-02 1.497006564039712605e-21
2.665914527118943806e+04 2.297241826761478478e+03 -2.436190344442796049e+04 1.817687919127833007e+00 1.863051986520224135e-01 1.523002452771876393e-21
2.657165215102072762e+04 2.361933991022880491e+03 -2.420971815999784667e+04 3.663348134419610602e+00 -5.521955178456441904e-02 1.513705818016966327e-21
2.654580658441430569e+04 2.472446382708086730e+03 -2.407336020170621850e+04 1.615289580015874193e+00 3.216016194857190813e-02 1.559832778008331252e-21
2.646485454018308883e+04 2.521777884663246368e+03 -2.394307665551984246e+04 2.597605614526484974e+00 -1.853900544044509088e-02 1.564102625328747513e-21
2.628983771571402394e+04 2.728340169729026002e+03 -2.356149754598499931e+04 2.078147801839860254e+00 2.988302127626498925e-02 1.488689870101848999e-21
2.627131705468813743e+04 2.753127970501423533e+03 -2.351818908418671344e+04 2.916836752244633235e+00 1.723482268923729951e-02 1.534073182214549175e-21
2.615541548927200347e+04 2.871475981305945879e+03 -2.328393950796605714e+04 3.830550998135749285e+00 1.363064399608057177e-02 1.493785798547036181e-21
2.597355723525156282e+04 3.040701301205689560e+03 -2.293285593404587416e+04 2.579451527905174846e+00 5.282289947836099619e-02 1.495705138836398639e-21
2.601710016199425809e+04 3.040175881922765711e+03 -2.297692428007149283e+04 1.943553945368288183e+00 1.005718917075413416e-01 1.519979458015301579e-21
2.567500376963403323e+04 3.402989321058333644e+03 -2.227201444857570095e+04 1.926184236383353232e+00 -1.404044931177889088e-01 1.484502040143874667e-21
2.529706247707215880e+04 3.790248639139966144e+03 -2.150681383793219356e+04 1.719986104381805658e+00 -3.819581420687837708e-02 1.492416266534665510e-21
2.497741738390214960e+04 4.260778803584435991e+03 -2.071663858031771451e+04 4.399950916658006861e+00 4.470792095463169830e-02 1.472904835002368699e-21
2.442402285459632913e+04 4.921573845460675329e+03 -1.950244900913565289e+04 4.481141441273428505e+00 7.136225032701194737e-02 1.444636702614442356e-21
2.275872019086719229e+04 6.704174970740478784e+03 -1.605454522012671441e+04 4.229429108904391832e+00 -1.154714643926897932e-01 1.303242774646103929e-21
2.226339769215319029e+04 7.285086011706111094e+03 -1.497831168044707920e+04 4.997862523128520529e+00 7.937963774141086615e-02 1.271696595808719336e-21
