0.000000000000000000e+00 3.141539519291561010e+04 3.141539519291561010e+04 nan 3.305707575489384453e+01 3.220429892721016431e-25
2.165439999371442874e-94 3.142280942883587704e+04 3.142280942883587704e+04 4.922312384540990138e+01 7.587546810434756317e+00 3.239392882110243454e-25
1.831708242480017517e-43 3.141622649671908948e+04 3.141622649671908948e+04 2.461414709698029313e+01 3.385028723919193627e+00 3.200481933348819451e-25
9.943361911328601391e-26 3.142119181080821727e+04 3.142119181080821727e+04 1.286789576429951865e+01 1.234077922419929862e+00 3.231836784487760831e-25
2.534890033717468389e-17 3.141051726932200108e+04 3.141051726932200108e+04 8.326451011654567580e+00 3.095310622412806301e-01 3.189353469078585013e-25
1.177322161218984596e-11 3.142340639829695283e+04 3.142340639829694192e+04 5.589897538132326815e+00 4.893485404781708348e-01 3.231115297034344741e-25
2.142981303225592455e+03 2.913880016934332161e+04 2.699581886611773007e+04 4.601933560704720705e+00 -8.272399144938509530e-02 2.154222513902528667e-22
1.685826281768681292e+04 1.322945476896730725e+04 -3.628808048719505678e+03 1.417889564150753934e+01 -8.257541322368534831e-02 1.636895121032777215e-21
2.473034329288639128e+04 4.426540411007680632e+03 -2.030380288187870974e+04 7.180799509583194684e+00 4.702407328322899538e-02 2.513015280216058358e-21
2.617692555195655586e+04 2.882599833208882046e+03 -2.329432571874767382e+04 1.031901239621022093e+01 -4.205953533810494888e-02 2.655443865860252184e-21
2.652316452424376257e+04 2.456518243516869916e+03 -2.406664628072689084e+04 1.734162837433516202e+01 -3.163329313395642911e-02 2.601623802845980295e-21
2.656811915298933673e+04 2.360633741388227918e+03 -2.420748541160110835e+04 1.273933016630073078e+00 7.783693505297735460e-02 2.569196452736185731e-21
2.668552578381563944e+04 2.280430643391076501e+03 -2.440509514042456431e+04 8.093676792113285723e-01 7.962840161476851530e-02 2.585080546351536364e-21
2.666568158616821529e+04 2.288586822366477008e+03 -2.437709476380173874e+04 7.287811187204997765e-01 2.797184811318697076e-02 2.551243730421718435e-21
2.667624629381813429e+04 2.281625664770662297e+03 -2.439462062904747290e+04 1.369329986816841371e+00 -5.258376327625171459e-02 2.468566337083235746e-21
2.672166915652493117e+04 2.246221272105949083e+03 -2.447544788441898345e+04 7.318423293869950053e-01 -2.404111312172323156e-02 2.762385928412373257e-21
2.654886714681375452e+04 2.415300346960932984e+03 -2.413356679985282244e+04 2.302066441737067759e+00 4.035613789344513758e-02 2.708583149786477445e-21
2.661627781589273582e+04 2.352308491773972492e+03 -2.426396932411876332e+04 1.113106795769567059e+00 -1.095497955184604327e-01 2.620023530732387970e-21
2.664542399480591848e+04 2.369233221562296876e+03 -2.427619077324362297e+04 1.080881607762754548e+00 7.073552111181118096e-02 2.660554648462735263e-21
2.621620101336635344e+04 2.767105552995283233e+03 -2.344909546037107066e+04 1.519778352771700369e+00 5.068332549717726593e-02 2.542048326715001905e-21
2.604460144166079408e+04 3.047900595483703910e+03 -2.299670084617708926e+04 2.079234746699039516e+00 8.872920959853885028e-03 2.503744844375816001e-21
2.619823115780926673e+04 2.791454568193232717e+03 -2.340677658961603447e+04 2.673856628323834084e+00 2.099949714232382525e-02 2.603005551393514042e-21
2.615770992640637996e+04 2.851269904037744709e+03 -2.330644002236863525e+04 2.266724743369029849e+00 1.725654889131055317e-03 2.632261708694061174e-21
2.605488382875731986e+04 3.014895654645936702e+03 -2.303998817411138225e+04 7.011178543208803404e+00 -7.218824248405715516e-02 2.623173601954583722e-21
2.596056534144448597e+04 3.130827643001951401e+03 -2.282973769844253547e+04 1.728880707310817444e+00 -1.075283280827335312e-02 2.627820299675814182e-21
2.572181661102979706e+04 3.372689407275147005e+03 -2.234912720375465142e+04 2.034281388910754718e+00 4.805921422237215135e-03 2.660107066020021449e-21
2.543707629735841692e+04 3.707260576042458524e+03 -2.172981572131595749e+04 3.334357981172072716e+00 6.204094395388920491e-02 2.637756066392157122e-21
2.496785313050026525e+04 4.291770559327682349e+03 -2.067608257117258472e+04 2.648496036160609801e+00 -1.038848054748454063e-02 2.472524155573052796e-21
2.381426284651759852e+04 5.528941007589914079e+03 -1.828532183892768444e+04 4.399791804705789566e+00 1.712781556297221855e-02 2.350556146731789357e-21
2.323115943638944373e+04 6.163900923226140549e+03 -1.706725851316330227e+04 2.353748318824401942e+00 5.706087796887093083e-02 2.241468180129579310e-21
2.200502391036516929e+04 7.529042397887285006e+03 -1.447598151247788337e+04 2.654786778425517468e+00 -1.643620455046842024e-02 1.971701954128147022e-21
