0.000000000000000000e+00 3.141330189554943718e+04 3.141330189554943718e+04 nan 3.757177032452280940e+01 3.197584036770579824e-25
1.843592021550153007e-94 3.141669704484433532e+04 3.141669704484433532e+04 5.187751019419107479e+01 6.848098874326239205e+00 3.208663210222303041e-25
1.758489388003549257e-43 3.141764051353419200e+04 3.141764051353419200e+04 2.235544038983505288e+01 3.304127112272470246e+00 3.220845141346109526e-25
9.471866932747523849e-26 3.141164556895478017e+04 3.141164556895478017e+04 1.255845779059725231e+01 1.698738168405850013e+00 3.207048496827319150e-25
2.143111252195189509e-17 3.141951331106359430e+04 3.141951331106359430e+04 8.058155224054965871e+00 1.626470404983595686e-01 3.197538361455991513e-25
7.321299928851942896e-12 3.141735277908086937e+04 3.141735277908086209e+04 5.870766084267830642e+00 8.118285212615431456e-01 3.217068799695639504e-25
2.477922544952997214e+03 2.879741609464467183e+04 2.631949354969167325e+04 4.578119223109755609e+00 -2.488574513990510217e-01 1.403366959657221698e-22
1.676219084683001711e+04 1.330614500503520321e+04 -3.456045841794813896e+03 1.306839667901072310e+01 8.001003993182080609e-02 9.479925087538250972e-22
2.419992369506890100e+04 5.055164618287889425e+03 -1.914475907678101066e+04 1.175277037343600561e+01 7.050062882421285516e-03 1.352163253169671317e-21
2.627217329771303048e+04 2.783376080674265722e+03 -2.348879721703876567e+04 1.617284730016156580e+00 2.376707747623922964e-02 1.566062135876702794e-21
2.666284528673422392e+04 2.331571053534745261e+03 -2.433127423319947775e+04 1.079994549050758978e+00 4.666796158400701028e-02 1.487161431955553935e-21
2.662990963830110559e+04 2.275786781818283544e+03 -2.435412285648282341e+04 7.873406624040711899e-01 -5.026304813539973076e-02 1.477918441364039738e-21
2.669887762270731037e+04 2.273444066427478447e+03 -2.442543355627983328e+04 1.590836104499428361e+00 1.430229519263386262e-01 1.478492218200175840e-21
2.671716372166248402e+04 2.266163432707981883e+03 -2.445100028895450305e+04 6.368473753041427043e-01 1.324048739970176414e-01 1.525101380215220880e-21
2.673025193153495275e+04 2.254947361139567420e+03 -2.447530457039538669e+04 7.622031544913490109e-01 8.201297494290972490e-02 1.527827961574613904e-21
2.665490972530962608e+04 2.286629281261458800e+03 -2.436828044404816683e+04 8.492802695279787484e-01 -2.975601511474491520e-02 1.522856159489209395e-21
2.667429825210771014e+04 2.273577100394106310e+03 -2.440072115171360201e+04 8.931621817596973045e-01 1.823704994703093107e-03 1.486879658258370721e-21
2.657792545235664875e+04 2.391527837885401823e+03 -2.418639761447124692e+04 3.134500710463255846e+00 8.899571272230422103e-02 1.552911665663825591e-21
2.663701771769485640e+04 2.398228771395451986e+03 -2.423878894629940623e+04 1.182214042623981776e+00 7.025367811264462969e-02 1.548833525211156482e-21
2.625883549230692734e+04 2.763994819434445162e+03 -2.349484067287248035e+04 2.921033562390336069e+00 2.041867102111163956e-02 1.524816804769608645e-21
2.637648849407833404e+04 2.589843631470874698e+03 -2.378664486260745980e+04 1.745094999084813914e+00 -4.041830560323846078e-03 1.513901679149807962e-21
2.635349476750043323e+04 2.695632589129990265e+03 -2.365786217837044387e+04 1.466812180323150194e+00 -5.654520050554123767e-02 1.562355723145965974e-21
2.615890211885195822e+04 2.878100422798631371e+03 -2.328080169605332776e+04 1.816762246019167693e+00 7.879784238009462927e-02 1.531965613027203902e-21
2.601111891224705687e+04 3.046379955654931109e+03 -2.296473895659212576e+04 3.638424364598938254e+00 3.485021335738249654e-02 1.484893121179184215e-21
2.594560846092567954e+04 3.130207376482745531e+03 -2.281540108444293583e+04 1.924539016492862631e+00 3.420595373981605292e-02 1.528284545276058493e-21
2.567735529150351067e+04 3.416938765203364255e+03 -2.226041652630014505e+04 4.232880299035532090e+00 -1.981339130202071364e-01 1.531398914518038295e-21
2.564685983554527411e+04 3.484295214302179374e+03 -2.216256462124309473e+04 1.887478909500337698e+00 -1.288426158302303504e-01 1.469936433447464414e-21
2.462344539018639261e+04 4.627268088164749315e+03 -1.999617730202164239e+04 3.510665936783806895e+00 -1.549040041657369186e-02 1.419127620083223161e-21
2.464182977342651793e+04 4.622662503679879592e+03 -2.001916726974663834e+04 2.633443417469314873e+00 4.864153088950317998e-03 1.419437963015741978e-21
2.323056523621787710e+04 6.182722857962496164e+03 -1.704784237825538003e+04 6.463121613556736200e+00 -1.064072570865026018e-01 1.284212129080923597e-21
2.220911304990565259e+04 7.325699256415949094e+03 -1.488341379348970440e+04 6.033347248733342383e+00 -8.981965962178767304e-02 1.294767447472424758e-21
