0.000000000000000000e+00 3.141367238156563326e+04 3.141367238156563326e+04 nan 3.056820054920162022e+01 3.212593637657615339e-25
2.222451516292319368e-94 3.141227079278522069e+04 3.141227079278522069e+04 5.199205265134495590e+01 8.396332337550589386e+00 3.215586622105651067e-25
1.512616634386359678e-43 3.142567610760597017e+04 3.142567610760597017e+04 2.270751479399761408e+01 3.358398692626491933e+00 3.234408223916042100e-25
1.177836732148648103e-25 3.140972696483148684e+04 3.140972696483148684e+04 1.257014476922173429e+01 1.829865031112242191e+00 3.191692330532194476e-25
2.202110083257783619e-17 3.142304335751976760e+04 3.142304335751976760e+04 7.660762058309259714e+00 3.411588944067762696e-01 3.213496191107183980e-25
5.409686238093540857e-12 3.141859468656771060e+04 3.141859468656770696e+04 5.517538215403813062e+00 3.415839262418765010e-01 3.228741982550166994e-25
2.026386459451436849e+03 2.926767060261240476e+04 2.724128414316096678e+04 4.716518471618986297e+00 -1.674368435923206666e-01 1.175060443721740081e-22
1.711783775061960478e+04 1.301598400200157630e+04 -4.101853748618028476e+03 1.989818212284588839e+01 -8.816012114762876092e-03 9.621834928971136767e-22
2.412405913924178822e+04 5.162875351593781488e+03 -1.896118378764800582e+04 9.480687844995172142e+00 -1.500176414109224803e-02 1.365174932241472259e-21
2.610333323013206245e+04 2.949447513688719027e+03 -2.315388571644334297e+04 2.782616458175767082e+00 7.362818636524050275e-02 1.521721387237568284e-21
2.657652546330775658e+04 2.396002934859098787e+03 -2.418052252844865870e+04 1.232287667684008881e+00 1.623381097254510408e-01 1.540069585454870319e-21
2.667331896127635991e+04 2.281922806361530093e+03 -2.439139615491482982e+04 1.029289517509487828e+00 8.140912644558051525e-02 1.497680353888971220e-21
2.667720006020764777e+04 2.292908733278046384e+03 -2.438429132692960047e+04 9.530600098481946114e-01 1.335810135763550732e-01 1.518614457425580258e-21
2.672548198263134691e+04 2.254139309153986233e+03 -2.447134267347736022e+04 9.565241399134697398e-01 1.001813319317296919e-01 1.566181873397823477e-21
2.667548594047789084e+04 2.266468702006685817e+03 -2.440901723847120593e+04 9.201738015910619906e-01 1.453138112571026284e-02 1.541169840409283457e-21
2.667253414480895299e+04 2.270377361833164287e+03 -2.440215678297578779e+04 8.843496553626278844e-01 1.194594486024391777e-01 1.552291159374313757e-21
2.668699030656589821e+04 2.265852090950660113e+03 -2.442113821561523946e+04 7.301171669092306749e-01 1.669952500176235810e-01 1.561171061342956859e-21
2.654764763933930953e+04 2.409169387577583166e+03 -2.413847825176172773e+04 1.168107457771331070e+00 2.635721735731523171e-02 1.515283494831019891e-21
2.638869210820927401e+04 2.612416040881118533e+03 -2.377627606732815548e+04 1.989811304511790668e+00 1.369220408866888283e-01 1.467341731157536059e-21
2.631507413491301850e+04 2.732357200338561142e+03 -2.358271693457445872e+04 1.831553492712963305e+00 1.153187681276694326e-01 1.514452922429810179e-21
2.626423379825058873e+04 2.761318181169544914e+03 -2.350291561708104564e+04 3.872534984825026783e+00 8.209620485989077565e-02 1.473582305291886633e-21
2.603171374558947355e+04 2.996437642353703268e+03 -2.303527610323577028e+04 2.568080127777992772e+00 3.050622309869068308e-02 1.478886087782389684e-21
2.628425123004108536e+04 2.664056589258989334e+03 -2.362019464078209421e+04 1.809701237149493380e+00 -2.637892313414211612e-02 1.495136272918383206e-21
2.616542589726125880e+04 2.895207194670979334e+03 -2.327021870259027855e+04 1.710166063985777640e+00 1.077598516657075622e-01 1.570760449480595457e-21
2.606156252340726860e+04 3.001451998238470424e+03 -2.306011052516879863e+04 2.146305447202453198e+00 5.375166500891478960e-02 1.538811890384573470e-21
2.591551370779543140e+04 3.219117883538206115e+03 -2.269639582425722620e+04 2.019963053436654832e+00 -2.190089484801815978e-02 1.509498774676650526e-21
2.543543271711967827e+04 3.708487865942551707e+03 -2.172694485117712611e+04 2.284922455764867966e+00 4.368655798631774362e-02 1.510586555048007498e-21
2.500822944341216498e+04 4.148793274817809106e+03 -2.085943616859435497e+04 2.751959313637516669e+00 -5.415333311965767060e-03 1.430523980648104520e-21
2.428918311045485098e+04 4.986228613188504823e+03 -1.930295449726634615e+04 2.527087257730795233e+00 -1.060808469144054224e-02 1.367875443761454258e-21
2.338705900579378431e+04 6.044092375968778470e+03 -1.734296662982500493e+04 4.237182536226151264e+00 1.186781961035576066e-01 1.317336301301569094e-21
2.215028635654607933e+04 7.396460503066823549e+03 -1.475382585347925487e+04 2.666814285650543681e+00 -1.992557151470912211e-02 1.240730229792674430e-21
