0.000000000000000000e+00 3.141590834295286186e+04 3.141590834295286186e+04 nan 3.305707276860544397e+01 3.213738668965222817e-25
2.855254723609155651e-94 3.141078039977464141e+04 3.141078039977464141e+04 5.506769404365288523e+01 1.257159423370102047e+01 3.200399526689166145e-25
1.615955823069710805e-43 3.141158092733442027e+04 3.141158092733442027e+04 2.541705519829254456e+01 3.396532485670725521e+00 3.197442175250863987e-25
9.928747821899518312e-26 3.142006320237862747e+04 3.142006320237862747e+04 1.266948409219899752e+01 1.777906965461421906e+00 3.235525917250401287e-25
2.323562006280560402e-17 3.141664230592645617e+04 3.141664230592645617e+04 8.299478708785009928e+00 3.607897535387347698e-01 3.220677375292147766e-25
1.104303012307596671e-12 3.142117413403054161e+04 3.142117413403054161e+04 6.865575648847991097e+00 6.186335667373460412e-01 3.217225821263356314e-25
2.335013422890089714e+03 2.893430012635011371e+04 2.659928670346002400e+04 4.006316617084248577e+00 -1.004053532310897473e-01 2.399250153436162749e-22
1.625554465868838633e+04 1.385873066610196292e+04 -2.396813992586423410e+03 1.011591163445517338e+01 -5.366796598009560687e-02 1.537110109583825291e-21
2.464088974579387286e+04 4.556044171640239256e+03 -2.008484557415363452e+04 1.253617820791161819e+01 -5.733169949647856645e-02 2.294287647648407908e-21
2.609103508708486333e+04 2.982155340181952852e+03 -2.310887974690290866e+04 8.817735695302554078e+00 3.361576662599272819e-02 2.559689668949084201e-21
2.655909204381561358e+04 2.419992433081788931e+03 -2.413909961073382510e+04 3.589940718796360120e+00 3.876940588765093870e-02 2.637924974057646383e-21
2.667008171368039621e+04 2.263378891470808412e+03 -2.440670282220958688e+04 7.176877236009180372e-01 -9.976514068513943345e-02 2.582120836787317942e-21
2.665679214441508520e+04 2.288684514318073980e+03 -2.436810763009701259e+04 1.378471301089642109e+00 -5.538665963065417253e-02 2.636126409974779412e-21
2.663367365446647091e+04 2.293469205485685507e+03 -2.434020444898078495e+04 1.015130721128522762e+00 -2.692988270662760586e-02 2.679328660777086556e-21
2.669431251131793033e+04 2.269723409667811211e+03 -2.442458910165011912e+04 1.057275652455774706e+00 6.040431985796903408e-02 2.581726923591550642e-21
2.673977301927464214e+04 2.248641820434145757e+03 -2.449113119884049593e+04 1.133187707124143628e+00 -2.888250178989330494e-02 2.782258057178615162e-21
2.664061498386419771e+04 2.366131343546468088e+03 -2.427448364031772871e+04 1.125451772188868604e+00 1.007181414780654594e-01 2.678391018002038000e-21
2.662905075073512853e+04 2.345629848480660257e+03 -2.428342090225446736e+04 1.495227741856877790e+00 -1.174574193079859635e-01 2.598345190437771450e-21
2.647529913123487495e+04 2.518413061243808897e+03 -2.395688606999106560e+04 2.294432747360175995e+00 -8.098258108987177462e-03 2.516941301914516795e-21
2.642447011674037276e+04 2.601901026621781511e+03 -2.382256909011859170e+04 3.353931868167336905e+00 1.372197719673416477e-03 2.645052945554804132e-21
2.611558547194682615e+04 2.897008985606795704e+03 -2.321857648634002908e+04 2.523620467026866709e+00 1.136508210113717637e-01 2.620294971263873272e-21
2.630334260263312899e+04 2.742881130994494015e+03 -2.356046147163863498e+04 1.518978497685392171e+00 -1.640649332576643582e-01 2.547019135991447616e-21
2.623140927879134324e+04 2.806796059390303526e+03 -2.342461321940103880e+04 1.613803522570240068e+00 -8.193049874629976248e-02 2.549500316657540555e-21
2.615109255459094493e+04 2.878282884167923385e+03 -2.327280967042302291e+04 2.388210729830873902e+00 2.629183208236852698e-01 2.583201202424579820e-21
2.572598183014355527e+04 3.354929113048837735e+03 -2.237105271709471708e+04 2.679241019959579972e+00 -1.242543096467008251e-01 2.627857081281246085e-21
2.565003339134744601e+04 3.467202379214718803e+03 -2.218283101213272676e+04 4.536505863568929264e+00 -7.126558501365819372e-03 2.592043934088251785e-21
2.548024755558722609e+04 3.688150037188368970e+03 -2.179209751839885575e+04 2.581787378802787192e+00 -1.152989787832747332e-01 2.463900344714942609e-21
2.538489178742229342e+04 3.788075221926082122e+03 -2.159681656549621039e+04 2.273761469733844187e+00 7.457657350243064587e-02 2.586345282864393429e-21
2.431408803815314604e+04 5.027769777411781433e+03 -1.928631826074136552e+04 2.850991455362379856e+00 -9.885924900907795687e-02 2.583423732819322095e-21
2.351190236615236427e+04 5.894411270452597819e+03 -1.761749109569976645e+04 2.928650180217700960e+00 1.702628466262745902e-02 2.286530839023842295e-21
2.240176835464577380e+04 7.149502689853366974e+03 -1.525226566479240682e+04 3.138635541956607877e+00 -6.641577394414711899e-02 2.172237383745398319e-21
