0.000000000000000000e+00 3.141958538552439859e+04 3.141958538552439859e+04 nan 3.794200609146250969e+01 3.222810092727987942e-25
1.968307603638817075e-94 3.141025756110517614e+04 3.141025756110517614e+04 4.841059225706907654e+01 8.719874859551348223e+00 3.198448533926904169e-25
1.676871603810934730e-43 3.141393530190571255e+04 3.141393530190571255e+04 2.256453289156790376e+01 3.385342680409585636e+00 3.218144226968215807e-25
1.129768541851815560e-25 3.141437995767487155e+04 3.141437995767487155e+04 1.343030238750042038e+01 1.277970896037207149e+00 3.214037725372764315e-25
2.242595188784418715e-17 3.141881954781411696e+04 3.141881954781411696e+04 8.365535396701972104e+00 1.391548888185174526e-01 3.203427019955110232e-25
2.794433124574030283e-12 3.141308540714444825e+04 3.141308540714444462e+04 5.576904610595641465e+00 5.185887752984498222e-01 3.202470368478892037e-25
2.374015312129610265e+03 2.889046770121186273e+04 2.651645238908225292e+04 3.917921094874047938e+00 -1.142136398281654724e-01 2.505747296995355600e-22
1.674659539316731025e+04 1.335706017523729497e+04 -3.389535217930015278e+03 1.365547052647100479e+01 -7.916227441840530121e-02 1.672465165457856457e-21
2.424327090213645351e+04 5.005584706694002307e+03 -1.923768619544245303e+04 1.097768881315512601e+01 -5.304677195663651257e-02 2.426491759805710458e-21
2.603477631861662667e+04 2.976648324801166382e+03 -2.305812799381546210e+04 4.869090774417604628e+00 -9.919648217300364168e-02 2.455269470144056453e-21
2.657164220461472360e+04 2.371377194149622483e+03 -2.420026501046510020e+04 8.858437301502355865e+00 1.767950020976378003e-02 2.681724059320716247e-21
2.673496804104105468e+04 2.270132135369141452e+03 -2.446483590567191277e+04 1.101740531201439888e+00 2.065972025964443390e-02 2.739246377674501987e-21
2.661403067586253746e+04 2.292467460482552269e+03 -2.432156321537998519e+04 1.014492115695678320e+00 2.705645553668493963e-02 2.528200887006639515e-21
2.668888296516745322e+04 2.273137761602347837e+03 -2.441574520356510402e+04 9.366446016990738199e-01 2.295768116488932920e-01 2.595948225773239174e-21
2.666345146404789921e+04 2.264733718018830587e+03 -2.439871774602906953e+04 8.163243199908184478e-01 -4.678270100966638173e-02 2.570752795479975070e-21
2.670011214981775265e+04 2.281613436501425895e+03 -2.441849871331632676e+04 6.111204810703502188e-01 -1.545724914026663961e-02 2.622394054915009732e-21
2.661303876661769027e+04 2.342347156547465147e+03 -2.427069161007022558e+04 1.435439705396424293e+00 1.718362413587858377e-03 2.767785036307539996e-21
2.660678594899464588e+04 2.334161854517545635e+03 -2.427262409447710161e+04 7.133900600438400907e-01 -1.269517044209260426e-01 2.750787051913711447e-21
2.649348677883866185e+04 2.527183569779196660e+03 -2.396630320905946428e+04 1.469998243973750895e+00 2.072044815310632171e-02 2.658936299938371516e-21
2.639424358842024230e+04 2.604386100627558335e+03 -2.378985748779268397e+04 2.812837594751818049e+00 -2.135135297428898682e-01 2.669546067368216931e-21
2.606658437235032761e+04 2.989317669164282051e+03 -2.307726670318604738e+04 2.337036622804468333e+00 1.528050507128550783e-01 2.599029101497487498e-21
2.630536013397235001e+04 2.759150266040179758e+03 -2.354620986793217162e+04 3.052670658242109258e+00 5.659558175256965834e-02 2.743137862042315059e-21
2.610127284677467833e+04 2.913686522555285592e+03 -2.318758632421939183e+04 2.548947698757454638e+00 1.442386191367594876e-02 2.661185406218650499e-21
2.595858693514560946e+04 3.105879810496915979e+03 -2.285270712464869212e+04 2.023414833725979634e+00 -7.240371997974530405e-02 2.570897711055999899e-21
2.604606266706718088e+04 3.027835601681416847e+03 -2.301822706538576313e+04 2.913616809685978026e+00 -1.809505016045765205e-02 2.546566892835154457e-21
2.572867287628900158e+04 3.355358480732543285e+03 -2.237331439555645920e+04 2.606928938110806726e+00 3.791290055220985361e-02 2.491099875901514673e-21
2.515442838931368169e+04 4.077888946202652733e+03 -2.107653944311102896e+04 4.475959133201212303e+00 4.064712090394168725e-02 2.502774875764721818e-21
2.461985704064877064e+04 4.579496480369198252e+03 -2.004036056027957238e+04 2.887076510029597642e+00 1.140493629222355705e-02 2.440905487505529507e-21
2.413261690153286327e+04 5.206580959630678080e+03 -1.892603594190218428e+04 8.657530539853075524e+00 1.258341144722245619e-01 2.309289034487823048e-21
2.319039449013380363e+04 6.239981672100362630e+03 -1.695041281803344100e+04 5.059875766824622367e+00 4.614908613835170398e-02 2.265977412383043709e-21
2.242662891057078014e+04 7.091240369895859658e+03 -1.533538854067492139e+04 3.026352684394792103e+00 1.101521119604728649e-02 2.121928432566466667e-21
