0.000000000000000000e+00 3.143012592484300694e+04 3.143012592484300694e+04 nan 3.039835987680448781e+01 3.245146178541853612e-25
2.621346695518971146e-94 3.141726277409123577e+04 3.141726277409123577e+04 4.991442445986204035e+01 8.362778209049748668e+00 3.200827370284020216e-25
1.323056661134136364e-43 3.141320882218395855e+04 3.141320882218395855e+04 2.281952312155215523e+01 3.201348642232137109e+00 3.206126809913487321e-25
1.159506601136910636e-25 3.142078859282301346e+04 3.142078859282301346e+04 1.446782274103205346e+01 1.745337122189551948e+00 3.221469068884271671e-25
1.831345331033504233e-17 3.141093544180949903e+04 3.141093544180949903e+04 8.301083226660800563e+00 -2.854210612954140580e-01 3.199493569211570593e-25
3.204602656677349066e-12 3.142265956815657773e+04 3.142265956815657410e+04 6.031089107049131037e+00 5.806183442043738596e-01 3.232268282357509369e-25
2.432531363656162284e+03 2.883556908122788445e+04 2.640303771757172217e+04 4.077560817894194223e+00 -2.606403415452705524e-04 1.286745186342054014e-22
1.635344319764807005e+04 1.372835548314152220e+04 -2.625087714506547854e+03 1.592504446717611444e+01 2.829704062560249936e-02 8.837116103695368904e-22
2.420543728623515563e+04 5.050668130338455740e+03 -1.915476915589669807e+04 9.375557253313262507e+00 8.308166334855644763e-02 1.363362504117170757e-21
2.595746259689353974e+04 3.045717542624985981e+03 -2.291174505426855467e+04 1.135365845691823417e+01 6.642267811152711976e-02 1.479107394084033814e-21
2.661609231466869824e+04 2.333988428163162553e+03 -2.428210388650553432e+04 8.871625250717879441e-01 5.465380510274390341e-02 1.509491003659439592e-21
2.664858112196550792e+04 2.289998254687501230e+03 -2.435858286727800805e+04 7.438718689130539019e-01 3.399886407410458028e-02 1.488855107338664270e-21
2.669235510754607094e+04 2.266995776632835714e+03 -2.442535933091323386e+04 1.175205010666543926e+00 4.673949303954105794e-02 1.502173399182969928e-21
2.673192794222951488e+04 2.239847718813924075e+03 -2.449208022341559263e+04 8.616447149901341751e-01 -1.321512618177145965e-02 1.561423666819274883e-21
2.666131768967734388e+04 2.281907522769623483e+03 -2.437941016690772085e+04 9.413932199697722103e-01 1.332757306467589331e-01 1.491682515095956293e-21
2.655915163408427543e+04 2.328377656991792719e+03 -2.423077397709248180e+04 8.392221839573664743e-01 -3.931745241080864678e-02 1.490962273672087982e-21
2.665520885162367631e+04 2.322543079789962576e+03 -2.433266577183371555e+04 1.425588220898593050e+00 -1.151871384006248472e-02 1.536746858455400082e-21
2.656178318493114421e+04 2.415073557787679874e+03 -2.414670962714346388e+04 2.152920062258222078e+00 -2.878131829397019906e-02 1.499319452029157807e-21
2.657891750778443384e+04 2.404110254958994574e+03 -2.417480725282543790e+04 1.538999945454476048e+00 5.441445162528756735e-02 1.489910612913347880e-21
2.648779141955748855e+04 2.581767053905614830e+03 -2.390602436565187236e+04 1.972651068938237273e+00 -8.830183467296677524e-02 1.501148588530361863e-21
2.633997368339854438e+04 2.686949908346832672e+03 -2.365302377505171171e+04 2.049390524526043311e+00 3.022799497259285803e-02 1.561011864726495818e-21
2.631794213423904876e+04 2.739573340726044080e+03 -2.357836879351300377e+04 1.497010758042896628e+00 2.019816300474340520e-01 1.531111141849196880e-21
2.615807822550937635e+04 2.957932415014342496e+03 -2.320014581049503249e+04 1.868720261889936340e+00 -9.557137755416451885e-03 1.544049639050355263e-21
2.611027517334812728e+04 2.963255997081261285e+03 -2.314701917626686554e+04 2.037638222448313829e+00 7.195884098245008964e-02 1.547613179297928758e-21
2.584064813042440073e+04 3.303952891374544379e+03 -2.253669523904985545e+04 2.601861450825179833e+00 3.766221354757237627e-02 1.512169562019199805e-21
2.585262528361651130e+04 3.257286691569148388e+03 -2.259533859204736291e+04 2.505754135639163049e+00 -4.094065920935757719e-02 1.531808752399299073e-21
2.552481069992114863e+04 3.585900841771238447e+03 -2.193890985814990927e+04 3.363297125865005288e+00 -5.279085784510429043e-03 1.491623296482758737e-21
2.520677223717211382e+04 3.919683248582829037e+03 -2.128708898858928296e+04 2.103675574608816490e+00 -1.135002937123357758e-01 1.465298921734463709e-21
2.427500877618375671e+04 5.067990519483550997e+03 -1.920701825670020480e+04 5.293308486338401231e+00 2.358825951808243837e-02 1.459341400912527817e-21
2.322122279752669419e+04 6.142835262450372284e+03 -1.707838753507632282e+04 3.212282807488428205e+00 -2.144337388259305588e-02 1.334078701765124539e-21
2.245324063602350725e+04 7.049184594859430035e+03 -1.540405604116407630e+04 3.692635735168414257e+00 3.106682979358424759e-02 1.264997977617611423e-21
