0.000000000000000000e+00 3.141696222640118503e+04 3.141696222640118503e+04 nan 4.736294709043929885e+01 3.211953646111786397e-25
2.907690457934201726e-94 3.140898827764353700e+04 3.140898827764353700e+04 5.027139245838665715e+01 1.129335281579898442e+01 3.204488872604737870e-25
1.638843902735191704e-43 3.141674447143255020e+04 3.141674447143255020e+04 2.467245430944480233e+01 3.304127112272471134e+00 3.227752392077254718e-25
9.312571657759577025e-26 3.142667496158560607e+04 3.142667496158560607e+04 1.316716391950780540e+01 1.360359940951752167e+00 3.234848368463037864e-25
1.954645542618209978e-17 3.141594756881703142e+04 3.141594756881703142e+04 8.558100202803890610e+00 5.322549500950493062e-01 3.212768017900154487e-25
9.191585336076073754e-13 3.141915954788839736e+04 3.141915954788839736e+04 5.716105906289011607e+00 4.836639567598675638e-01 3.226709724656817705e-25
2.220600909172405864e+03 2.905437156144602704e+04 2.683377065227362255e+04 4.283653024031096379e+00 -2.846953443778999504e-01 1.158849886616425390e-22
1.635319133971618794e+04 1.375664515114445203e+04 -2.596546188571735911e+03 7.839166228258321212e+00 -1.403766007423548068e-01 9.296893931782929673e-22
2.438872128798497215e+04 4.876041883967798640e+03 -1.951267940401717351e+04 9.083219839970881893e+00 2.551730913979280771e-02 1.460219956945602419e-21
2.623769043047674131e+04 2.773585716974893785e+03 -2.346410471350184889e+04 1.249667400779904192e+01 1.051886169284844789e-02 1.456890419173154027e-21
2.654441355302076772e+04 2.458168874095124011e+03 -2.408624467892564280e+04 1.033895091209203443e+01 -4.974455554789655731e-02 1.506427512958937028e-21
2.665866017724460835e+04 2.278350753681075730e+03 -2.438030942356353262e+04 6.385682737673793463e-01 1.645698100238850992e-01 1.523552297539050002e-21
2.670720114114836906e+04 2.273633087756790246e+03 -2.443356805339158018e+04 7.272019678269963094e-01 -7.645338535193603458e-02 1.545417181247353487e-21
2.668387789083322787e+04 2.278472823063715168e+03 -2.440540506776951224e+04 8.600371640902375603e-01 -1.659885791617979681e-02 1.525867725487864256e-21
2.666246499145737107e+04 2.264418711869039726e+03 -2.439804627958833225e+04 6.902646306121789088e-01 -5.957388110126898839e-02 1.550369835090634024e-21
2.672027371551499164e+04 2.274730543407125424e+03 -2.444554317210786758e+04 9.431297920494512432e-01 -3.572954480950629036e-02 1.517492100884433760e-21
2.666967034992937261e+04 2.292891083999538751e+03 -2.437677926592983567e+04 8.823735710508122665e-01 1.428759140716489850e-01 1.557634809569072621e-21
2.661218250297423947e+04 2.347435612665920416e+03 -2.426474689030832087e+04 8.164831932401924730e-01 -2.337181738831215980e-02 1.524036505858083478e-21
2.637336310101122217e+04 2.583999922881651855e+03 -2.378936317812956986e+04 1.058053141628668925e+00 6.565393125911311856e-02 1.483737477164005377e-21
2.646874216167610575e+04 2.502235783454438661e+03 -2.396650637822166755e+04 1.482143184248004841e+00 -1.367106715964194752e-02 1.529613985591324913e-21
2.626841673290867038e+04 2.768169871768318899e+03 -2.350024686114035285e+04 2.652900919692489534e+00 -3.819010891740914210e-02 1.496428055761854170e-21
2.629856786630514398e+04 2.729604125692063008e+03 -2.356896374061308234e+04 1.423270683169876039e+00 -2.303822789686549299e-03 1.498606969456253141e-21
2.617463449819629750e+04 2.870665696153677800e+03 -2.330396880204261834e+04 1.627743475104739268e+00 -3.418847834494687793e-02 1.510701956547531039e-21
2.589131965549430242e+04 3.202178773244316744e+03 -2.268914088224998704e+04 1.807150410918620054e+00 -4.200194007766230343e-03 1.457944748552955564e-21
2.574469441102120982e+04 3.329422323492504802e+03 -2.241527208752870501e+04 2.528487478084799900e+00 -3.148125558544999369e-02 1.504264931007792481e-21
2.553144421732054980e+04 3.628434255366444177e+03 -2.190300996195410698e+04 5.542053038887677197e+00 -2.370466997762982198e-02 1.503849263433264579e-21
2.563677935067408180e+04 3.456706109670939441e+03 -2.218007324100314145e+04 2.841271245218831343e+00 9.734664180273544520e-02 1.457590095105012739e-21
2.523628900665760739e+04 3.918722922113301138e+03 -2.131756608454430534e+04 3.603817988486720747e+00 -4.789149632308762478e-02 1.440334566378287524e-21
2.433705101158400430e+04 4.993781330216225797e+03 -1.934326968136777941e+04 2.787320631253919601e+00 7.263204116552732410e-03 1.428780857286333317e-21
2.307070697825996467e+04 6.372676753962196926e+03 -1.669803022429776684e+04 5.265653959005216045e+00 -2.043203507780509964e-01 1.321984389198340063e-21
2.228497304430896475e+04 7.201797734238338307e+03 -1.508317531007062644e+04 3.360540918255349396e+00 9.379399712835240210e-02 1.263882432011931571e-21
