0.000000000000000000e+00 3.142438452426726508e+04 3.142438452426726508e+04 nan 3.123867718928779524e+01 3.229289031465667277e-25
2.553805778543654262e-94 3.141819673731539297e+04 3.141819673731539297e+04 5.574347834300854743e+01 8.736225362472040956e+00 3.221460965064651176e-25
1.560871810762903327e-43 3.141685676101302670e+04 3.141685676101302670e+04 2.183638347288474790e+01 3.404438241107081708e+00 3.209851808912972112e-25
9.493759691101696260e-26 3.140986069784627034e+04 3.140986069784627034e+04 1.314469758643768138e+01 1.259337155966044230e+00 3.195075204362715770e-25
2.091813787427931724e-17 3.142167563219758813e+04 3.142167563219758813e+04 7.891873673525523714e+00 3.684578879776891358e-01 3.219918236542985754e-25
1.080530368066771081e-11 3.141981516577172079e+04 3.141981516577170987e+04 7.272928345364878311e+00 9.224861581701205848e-01 3.214249042865164185e-25
2.201232388609881127e+03 2.908459874411433339e+04 2.688336635550445135e+04 4.094141898096027354e+00 -1.794184815708146363e-01 2.157309412509446300e-22
1.622765813010626152e+04 1.389948713775971555e+04 -2.328170992346545972e+03 1.051623406178998366e+01 -1.071346440586453813e-01 1.539632009211502988e-21
2.412752374883174707e+04 5.131823622618401714e+03 -1.899570012621334536e+04 1.382160752745512156e+01 -4.520529921462170669e-02 2.338664396850402397e-21
2.619031299066793508e+04 2.823508813571753308e+03 -2.336680417709618268e+04 1.176344120271442639e+00 8.442297919073031565e-02 2.547705204356453722e-21
2.652891958088173124e+04 2.440445646609187861e+03 -2.408847393427254428e+04 2.073851204237687540e+00 -6.551550705111838790e-02 2.528264660392973771e-21
2.669032414896725095e+04 2.259011111423383227e+03 -2.443131303754386681e+04 9.290634214761398502e-01 1.577603858547489690e-01 2.581337644248025418e-21
2.670149183822609484e+04 2.282083051067015276e+03 -2.441940878715907820e+04 1.935891634407119533e+00 -8.627178200565509270e-02 2.638331688992142450e-21
2.667852173918829794e+04 2.268628705771766818e+03 -2.440989303341653067e+04 9.274287686120851193e-01 -8.126758505125552048e-03 2.487776581276580150e-21
2.670903999435963124e+04 2.258732044052459059e+03 -2.445030795030717127e+04 8.982776546037758436e-01 2.071419942128941150e-01 2.646150771457003700e-21
2.665430509604666440e+04 2.293127948912086595e+03 -2.436117714713457826e+04 1.248435522533347886e+00 3.411936916790334756e-02 2.579516911346449810e-21
2.659107329015932555e+04 2.367710722591725244e+03 -2.422336256756760122e+04 9.933601134535702259e-01 -7.527829675637430322e-03 2.451890935927092316e-21
2.662663193898383179e+04 2.344107796889333258e+03 -2.428252414209449853e+04 1.153664625572115909e+00 -3.330540532912205226e-02 2.560030234721294847e-21
2.660289716798025256e+04 2.416127487339012077e+03 -2.418676968064124230e+04 1.600688624497718537e+00 -7.956884329574448467e-03 2.543645847469698755e-21
2.633160044265758188e+04 2.706402127143720918e+03 -2.362519831551386233e+04 2.978822356320570464e+00 3.978740659902808147e-02 2.656812738522056188e-21
2.603565602242334353e+04 3.035533030953933576e+03 -2.300012299146940859e+04 2.472339837301384069e+00 -3.135157361001478238e-02 2.432266715476509166e-21
2.592364479049144938e+04 3.113136500307798997e+03 -2.281050829018365039e+04 2.801458108222349086e+00 -5.238022743607841786e-02 2.513608975141187060e-21
2.609035662758693798e+04 2.964689229652296490e+03 -2.312566739793464149e+04 1.290263282744536610e+00 3.536313691892398105e-03 2.637467822278291801e-21
2.589587072192424966e+04 3.136910377023170440e+03 -2.275896034490107922e+04 5.447081960494487340e+00 -1.209439689155332974e-02 2.590978431681883064e-21
2.601596630243129766e+04 3.048570916459520504e+03 -2.296739538597177670e+04 3.057361976055301245e+00 -3.462971276155909356e-02 2.578406047843456808e-21
2.589382209689581578e+04 3.193194368768802633e+03 -2.270062772812701223e+04 1.908625829437359478e+00 5.257705362649759545e-02 2.593744821270225744e-21
2.538876938522421187e+04 3.752820371390502714e+03 -2.163594901383370961e+04 1.988880234636724254e+00 9.852952933929541579e-02 2.578774856597751075e-21
2.504331838091459940e+04 4.070399198532181799e+03 -2.097291918238241851e+04 3.561673914786186668e+00 6.647418709473285059e-02 2.486596991073969633e-21
2.385603447549474004e+04 5.457171395440155720e+03 -1.839886308005458341e+04 4.616795053023121653e+00 -1.261053707792667532e-02 2.379817295987095223e-21
2.316933444280761250e+04 6.266337880466049683e+03 -1.690299656234156282e+04 6.385409442991548445e+00 3.076851377888746228e-02 2.283166045272958407e-21
2.219877217201590247e+04 7.303598767124521146e+03 -1.489517340489138223e+04 3.313821295343828410e+00 1.413226636934360736e-01 2.042658327083133361e-21
