0.000000000000000000e+00 3.142483311841011528e+04 3.142483311841011528e+04 nan 5.266863069054075908e+01 3.232442736239951447e-25
2.579090950888154888e-94 3.142368764866716447e+04 3.142368764866716447e+04 5.094616118967528706e+01 8.740925214724013514e+00 3.232064817239870229e-25
1.533798479554618790e-43 3.142096476031723068e+04 3.142096476031723068e+04 2.238235731883595392e+01 4.540497618442063121e+00 3.229528419218119735e-25
1.049340193557640721e-25 3.142223449105965847e+04 3.142223449105965847e+04 1.310214407821123395e+01 1.693394247425156207e+00 3.223127314240655939e-25
1.846267574633911868e-17 3.141831787862386409e+04 3.141831787862386409e+04 8.816539787832198272e+00 2.849671195881986821e-02 3.213441037021651157e-25
1.129089658284818820e-11 3.141939316868207607e+04 3.141939316868206515e+04 5.543075712262749200e+00 6.218579170366859143e-01 3.232455777538864552e-25
2.211380360769202525e+03 2.906338717555974290e+04 2.685200681479054037e+04 4.667326334642856622e+00 -2.196879412946625421e-01 1.072411774673654726e-22
1.628495981266572926e+04 1.382765688416132434e+04 -2.457302928504404917e+03 9.470052852162233137e+00 7.800798762325815427e-02 9.259616646259754270e-22
2.396804625176704212e+04 5.311846236979123205e+03 -1.865620001478791892e+04 1.103769180670688854e+01 -1.310348813355088626e-01 1.386031216399941680e-21
2.618838216483182623e+04 2.851234193329088612e+03 -2.333714797150273807e+04 8.462015727658966924e+00 6.931902751414358022e-02 1.516799413659953283e-21
2.660900966741423326e+04 2.375816517746853606e+03 -2.423319314966737875e+04 6.156786847463635581e+00 5.412335613838901299e-02 1.532984648664083596e-21
2.668751923806765990e+04 2.271538610395230080e+03 -2.441598062767243027e+04 6.336201620504416931e-01 -1.389666198310193085e-02 1.549601470692536053e-21
2.668195491523933015e+04 2.313164527257912141e+03 -2.436879038798141846e+04 8.389769186651848676e-01 9.824342797976715058e-02 1.478450988815944891e-21
2.670623907282916844e+04 2.273855475359181128e+03 -2.443238359746998685e+04 8.576307742347699659e-01 9.016098443645541305e-02 1.524444104245020528e-21
2.668959288824913892e+04 2.271501580761826517e+03 -2.441809130748731332e+04 7.276805118634962488e-01 4.843416584540468500e-02 1.510543295297121387e-21
2.667404414626978905e+04 2.268882146400138026e+03 -2.440516199986965148e+04 8.864991188179768278e-01 -4.649824633538995194e-02 1.546031669098579061e-21
2.660168781443968328e+04 2.298009494487913344e+03 -2.430367831995177039e+04 1.116346262887810470e+00 -1.349532505181194435e-02 1.528697165998703127e-21
2.658382348402372372e+04 2.380838980895599889e+03 -2.420298450312812201e+04 1.003713471678905789e+00 5.091169789306815990e-02 1.530389667870351209e-21
2.647752147163486370e+04 2.501248190192508901e+03 -2.397627328144235435e+04 2.766146723417288289e+00 1.125439836026222301e-01 1.554351757145818415e-21
2.646441852672049936e+04 2.497284510109009261e+03 -2.396713401661148964e+04 2.111954082285414813e+00 -2.923636974126671284e-02 1.501165262463029571e-21
2.615014979369866705e+04 2.930644942337711200e+03 -2.321950485136095449e+04 3.650743030076138762e+00 -7.960385730158427153e-02 1.449814049107895474e-21
2.629069643334315333e+04 2.785175255487834875e+03 -2.350552117785532027e+04 1.262523931724705895e+00 -5.342857053964009117e-02 1.575677703851465722e-21
2.616459048141451785e+04 2.875544904533593126e+03 -2.328904557688092609e+04 3.513246459724880477e+00 1.837276320500095053e-02 1.533881574238050490e-21
2.585497222520752257e+04 3.200821543358602412e+03 -2.265415068184892152e+04 4.094020395144757352e+00 -1.162640308927829630e-01 1.495188641415010562e-21
2.604124121714310240e+04 2.974888110623897774e+03 -2.306635310651920372e+04 2.640863116861847715e+00 2.441086208914454089e-02 1.512463333217227736e-21
2.598360601998424681e+04 3.051858968315875245e+03 -2.293174705166837157e+04 5.012320972898424820e+00 3.272305626377400994e-02 1.496991656933093135e-21
2.513609665354280150e+04 4.034615386766550728e+03 -2.110148126677625260e+04 4.998806043910668073e+00 4.882302203643262839e-02 1.493003343334924440e-21
2.478235095675471530e+04 4.418076006587387383e+03 -2.036427495016732792e+04 2.525248920956133070e+00 -1.380213151281144135e-01 1.412136631452946335e-21
2.442793767443497563e+04 4.868732569070094542e+03 -1.955920510536488291e+04 3.128361005952715601e+00 5.921925237122292046e-02 1.445956181328435339e-21
2.325277393167208720e+04 6.162336349503126257e+03 -1.709043758216896094e+04 3.957005477669813143e+00 -5.198533857812251413e-02 1.319135423847523929e-21
2.225747497966214723e+04 7.233899008763813072e+03 -1.502357597089833507e+04 4.714115213573536245e+00 -6.070485966842279618e-02 1.263815635908298822e-21
