0.000000000000000000e+00 3.141445681947306366e+04 3.141445681947306366e+04 nan 3.787295300579040003e+01 3.221708690720871295e-25
2.057105742770870312e-94 3.141797839950682464e+04 3.141797839950682464e+04 4.817293263846649864e+01 6.073217567645642134e+00 3.228170638457653243e-25
1.544105099573552317e-43 3.141847646158307180e+04 3.141847646158307180e+04 2.146774675478507177e+01 3.420790813185860202e+00 3.221197780256245164e-25
1.152470863108902084e-25 3.142393601827586826e+04 3.142393601827586826e+04 1.330714367117946573e+01 1.808955540784095817e+00 3.231538491678971547e-25
1.674990269732354684e-17 3.140887570318366852e+04 3.140887570318366852e+04 8.724814774376531190e+00 1.635019944767941991e-01 3.187596271056694154e-25
8.669132504933809708e-13 3.141745009567514717e+04 3.141745009567514717e+04 5.867375103509335332e+00 4.432667764901369600e-01 3.211275227331786351e-25
2.561655769574477290e+03 2.870724736715647668e+04 2.614559159758199894e+04 4.637063675136445795e+00 -1.356717398896040983e-01 2.514076372279529197e-22
1.646474459976976141e+04 1.367105716342330743e+04 -2.793687436346453978e+03 1.028543768907698741e+01 -3.351762024184191252e-02 1.690900019695728711e-21
2.406727182929177798e+04 5.185012350748795143e+03 -1.888225947854298283e+04 1.117291152602748205e+01 3.999065344562901386e-02 2.422788529343804805e-21
2.620289052212498063e+04 2.835218541567642205e+03 -2.336767198055733752e+04 3.943621808161596132e+00 -1.721251726707173288e-02 2.514935614487539526e-21
2.644043582982679072e+04 2.554052753423261038e+03 -2.388638307640353014e+04 nan 2.507113951619925271e-02 2.510907548176219995e-21
2.662236757288381705e+04 2.349056589498955873e+03 -2.427331098338486117e+04 1.433090054971527749e+00 -9.765128089608145212e-02 2.629449033724828160e-21
2.669128113111921630e+04 2.268690420536662714e+03 -2.442259071058255358e+04 1.079228497447447532e+00 1.064327693110230372e-01 2.580942087675296884e-21
2.668436424673417787e+04 2.268485389626279812e+03 -2.441587885710789851e+04 9.094349723401248253e-01 -3.204068278305138157e-02 2.639519942477017572e-21
2.668239913051340409e+04 2.277868505323749105e+03 -2.440453062518965453e+04 9.154116777434851970e-01 -4.370122844621244368e-02 2.505014553938573807e-21
2.671559804764706132e+04 2.281973845236848319e+03 -2.443362420241021391e+04 2.610815062203498460e+00 1.145493793906369046e-01 2.642966085754298658e-21
2.656842380552113536e+04 2.367315409924978667e+03 -2.420110839559615852e+04 1.008205581476901536e+00 -7.338990750696544607e-02 2.539014804561283317e-21
2.668830801776382941e+04 2.304905676543363825e+03 -2.438340234122046604e+04 1.229584298154329902e+00 1.599255397007269541e-01 2.668337979274535717e-21
2.650708147722242938e+04 2.427012597245246525e+03 -2.408006887997718150e+04 1.302908276157477285e+00 -2.756814720440066424e-02 2.596352407134960157e-21
2.647468627942147214e+04 2.589835583228140422e+03 -2.388485069619333080e+04 2.438324275139825748e+00 -7.229264388311307243e-02 2.672084231052042109e-21
2.607187416805927569e+04 2.944946017128696440e+03 -2.312692815093058016e+04 2.001432246076950250e+00 1.032765502263667881e-02 2.633831872686868182e-21
2.587864121726174926e+04 3.171702311596716754e+03 -2.270693890566503251e+04 2.476146250814491356e+00 7.884664340483439615e-02 2.615629279596338596e-21
2.610417719203699380e+04 2.897550045649184540e+03 -2.320662714638780744e+04 1.786308427630701523e+00 4.010946760353462787e-02 2.577327359748390152e-21
2.624679129131880109e+04 2.814347953696584227e+03 -2.343244333762221504e+04 3.140805545126018838e+00 -8.289214509972284498e-03 2.639927585196005773e-21
2.591824204838358492e+04 3.188365009215860482e+03 -2.272987703916772443e+04 3.458487902286492943e+00 -1.468492038366291663e-01 2.558932862013594951e-21
2.573099817469836125e+04 3.414571507474439841e+03 -2.231642666722392096e+04 4.186868569300567167e+00 2.620084106929439563e-02 2.589453221885629232e-21
2.536518121204477211e+04 3.796215371999870968e+03 -2.156896584004490069e+04 3.145266338582024535e+00 -4.536346103245980643e-02 2.440265818705967839e-21
2.485427882558038618e+04 4.393558090779800295e+03 -2.046072073480058680e+04 3.740145196486400980e+00 -3.725118776291989897e-02 2.432542252780447175e-21
2.457741492604415180e+04 4.678535762861970397e+03 -1.989887916318218049e+04 3.185794739046198032e+00 1.268331959285860094e-02 2.330163176646295308e-21
2.311990704786966671e+04 6.331042794189627784e+03 -1.678886425368003984e+04 2.747686139971901920e+00 1.641658408117442278e-02 2.345368048913164736e-21
2.240272988063440062e+04 7.071150010630883116e+03 -1.533157987000351750e+04 3.842596916143682151e+00 -6.218496635981906467e-02 2.103267213316018581e-21
