0.000000000000000000e+00 3.142035573171219949e+04 3.142035573171219949e+04 nan 3.782004688130977854e+01 3.223299140174375613e-25
1.775664467724811178e-94 3.142716665856482723e+04 3.142716665856482723e+04 5.079170288663689092e+01 7.510318884845087695e+00 3.239123962289742463e-25
1.530326595000173220e-43 3.141564277340786066e+04 3.141564277340786066e+04 2.523873271736772850e+01 3.246534663664163656e+00 3.198768618596004949e-25
1.154291135969284085e-25 3.141742278569375776e+04 3.141742278569375776e+04 1.419752529897448490e+01 1.200340161075212464e+00 3.234042090906784315e-25
2.192312487905394008e-17 3.142301176477111221e+04 3.142301176477111221e+04 8.659886958134901391e+00 4.057911242711103594e-01 3.225897187384226243e-25
1.333651905029742440e-11 3.141036186721472404e+04 3.141036186721470949e+04 5.587918353763395629e+00 1.068912722383458025e+00 3.199215074216125239e-25
2.554439314191268750e+03 2.870631900495784794e+04 2.615187969076657828e+04 4.685392536386613571e+00 -5.673501823133403343e-02 2.314451442058877436e-22
1.564948578551393985e+04 1.454474272799146638e+04 -1.104743057522473464e+03 1.125462222687885117e+01 -1.030131533611286926e-01 1.441292529581802568e-21
2.454681959608809484e+04 4.662317617880331454e+03 -1.988450197820776521e+04 1.341199032265264357e+01 -1.045295987366871709e-01 2.381657265848787595e-21
2.608436558179675922e+04 2.963034764114189329e+03 -2.312133081768257034e+04 1.698841584290266837e+01 -4.627808151165532791e-02 2.555694569353209241e-21
2.648270745517010073e+04 2.495927684818736452e+03 -2.398677977035136428e+04 6.399202063128446305e+00 -6.159274277170448224e-03 2.609814687150175111e-21
2.665212448569662956e+04 2.331261392267159863e+03 -2.432086309342947061e+04 8.206594247765883310e+00 -7.309462820108210412e-02 2.618181839427374922e-21
2.664173592680622824e+04 2.291943034115871342e+03 -2.434979289269035507e+04 1.180161045955638199e+00 7.762936835601867702e-02 2.642035300658801619e-21
2.666583619020991318e+04 2.291327069100594144e+03 -2.437450912110932040e+04 8.712383143955886311e-01 5.379865800797740266e-02 2.626355511616913298e-21
2.674445296918402892e+04 2.239760017067281751e+03 -2.450469295211674762e+04 6.433340801869494863e-01 -8.464277455124695482e-02 2.649266841010619781e-21
2.669802796857115027e+04 2.273078688312496070e+03 -2.442494928025865374e+04 6.650782049705662446e-01 4.284720235463183174e-02 2.575236126151051527e-21
2.669601597981178202e+04 2.335315908650689835e+03 -2.436070007116109264e+04 1.245241677911606892e+00 7.863122974179380387e-02 2.638462741863258540e-21
2.669448928601636726e+04 2.346678357983272690e+03 -2.434781092803309366e+04 8.864438534286280813e-01 3.596130784500330829e-02 2.602424493332026691e-21
2.644765200776303391e+04 2.536413726002650037e+03 -2.391123828176038296e+04 2.062212723132919034e+00 -3.020026926306480439e-02 2.580554400525670083e-21
2.632089073618954717e+04 2.705304724669158986e+03 -2.361558601152038682e+04 2.521698208198667857e+00 -8.849641820199000142e-02 2.592200291029102457e-21
2.624233775666449947e+04 2.778563190313311225e+03 -2.346377456635118870e+04 2.059179411176237817e+00 -1.809002666034234541e-02 2.673628479170237133e-21
2.604774275096372003e+04 3.015082999219466274e+03 -2.303265975174425330e+04 3.612015055272031372e+00 7.483538264443809207e-02 2.514148614765867044e-21
2.622826068671924440e+04 2.846204020143022717e+03 -2.338205666657622351e+04 4.696470575509905210e+00 1.068077303583549048e-01 2.477844062243180385e-21
2.605789568747352678e+04 2.969674991399909231e+03 -2.308822069607361846e+04 1.770097580627273404e+00 2.468727499625065699e-02 2.529067992551869094e-21
2.565048618939138396e+04 3.395631727045501066e+03 -2.225485446234588380e+04 1.875238784069352960e+00 5.367173570246715902e-02 2.422024216486038009e-21
2.542064802956843414e+04 3.716152667816402754e+03 -2.170449536175202957e+04 2.520042338897960477e+00 -1.752136622436164526e-01 2.486398787829666215e-21
2.566858958344927305e+04 3.410807547915364921e+03 -2.225778203553390631e+04 2.801337777626317749e+00 -2.173031888152024763e-02 2.493851339971978245e-21
2.487529695761092080e+04 4.265775430446505197e+03 -2.060952152716441560e+04 2.293433661550454250e+00 1.701767299560733859e-01 2.527118037512180850e-21
2.416408373708823274e+04 5.158054313094262397e+03 -1.900602942399396852e+04 3.020835841390832055e+00 8.151969948027017188e-02 2.424488936273441299e-21
2.299185889022086485e+04 6.418736142488046426e+03 -1.657312274773281752e+04 4.446712568540989174e+00 -1.255022637062930269e-01 2.245065267245177631e-21
2.149836301103891310e+04 8.165526460543930625e+03 -1.333283655049498338e+04 2.662742416603636642e+00 3.928592100485791411e-02 2.021427875406602217e-21
