0.000000000000000000e+00 3.142438231731297128e+04 3.142438231731297128e+04 nan 3.351091390564088357e+01 3.239675929691328803e-25
2.205395988747310396e-94 3.142007162398614673e+04 3.142007162398614673e+04 4.836653258694087043e+01 8.375027240174722110e+00 3.213999353332477616e-25
1.297118590236429463e-43 3.141889468105592459e+04 3.141889468105592459e+04 2.414926908436819630e+01 3.219756431356962878e+00 3.211650204917369954e-25
1.032883849642880100e-25 3.142525925883187301e+04 3.142525925883187301e+04 1.334845294416344608e+01 1.550136530812786573e+00 3.221279707465616190e-25
2.304795239389751977e-17 3.142716790226016019e+04 3.142716790226016019e+04 8.551171487055709619e+00 -2.337007603678658008e-01 3.233737654997177091e-25
1.028289496370361530e-12 3.141481533926596603e+04 3.141481533926596603e+04 5.246441592402361742e+00 6.007815596804675362e-01 3.215279682388524306e-25
2.271405743818728752e+03 2.899811430752621527e+04 2.672670856370748515e+04 4.573719829595596309e+00 -1.176748681139732633e-01 1.255139182118982828e-22
1.635918694608987789e+04 1.376499918559029356e+04 -2.594187760499584328e+03 1.248915052069758680e+01 -9.886542074738668973e-02 9.650743165922946878e-22
2.417411250749954343e+04 5.068283959436791520e+03 -1.910582854806275282e+04 7.346039327852644796e+00 3.825507368382130569e-02 1.368339915704574279e-21
2.612392060597644377e+04 2.884396292918061590e+03 -2.323952431305838400e+04 1.185140707633731871e+01 3.846868407603078882e-02 1.469375275146055567e-21
2.665720524861982994e+04 2.335675883757858173e+03 -2.432152936486196995e+04 1.047281715445344874e+00 -1.157253812205050331e-01 1.557066427314213199e-21
2.664677114984693981e+04 2.303966244977325005e+03 -2.434280490486961571e+04 8.077029245395435098e+00 -6.402905195985580944e-02 1.567621655281597218e-21
2.668903151911030363e+04 2.258346306766424277e+03 -2.443068521234388027e+04 9.503908962708358388e-01 -3.805679253710426285e-02 1.528161364514229847e-21
2.674438078312120342e+04 2.248946704105260324e+03 -2.449543407901594401e+04 9.224596215318481285e-01 4.547954205663859439e-02 1.572852847678472446e-21
2.670014416268244531e+04 2.263525755737915460e+03 -2.443661840694452985e+04 1.196178844042287137e+00 1.416180944384264929e-02 1.518285776685096934e-21
2.668354246503482864e+04 2.276368784141694505e+03 -2.440717368089313459e+04 1.762361023806576554e+00 5.362786973903239246e-02 1.532089121010862347e-21
2.669108251302320423e+04 2.292644229428248764e+03 -2.439843828359495456e+04 7.678432610086597387e-01 -1.920619569660611883e-02 1.526023607387495889e-21
2.659114611682407485e+04 2.432164499693134530e+03 -2.415898161713093941e+04 7.509901314663958161e-01 -9.275348486946267956e-02 1.534023635066816171e-21
2.662356671850660496e+04 2.410972711609963426e+03 -2.421259400689664108e+04 1.671589088862361905e+00 1.688655898909519892e-01 1.551896346036577739e-21
2.633644087651130394e+04 2.676990770027446160e+03 -2.365945010648385869e+04 2.435400499506790162e+00 -2.956592451105747883e-03 1.480498010254858394e-21
2.630185581355849718e+04 2.711128904797196810e+03 -2.359072690876130218e+04 2.534219598040273080e+00 3.284259272210927894e-02 1.494214399419594793e-21
2.596381426897272831e+04 3.083018206810237189e+03 -2.288079606216249158e+04 2.713509008513083298e+00 4.493576979306600910e-02 1.454863398347713385e-21
2.640511905905349704e+04 2.632781774157827840e+03 -2.377233728489566784e+04 2.020809739560076146e+00 1.107933213593451267e-02 1.569847351627757167e-21
2.591819483699136981e+04 3.126772117457641343e+03 -2.279142271953372983e+04 2.404660247925994199e+00 9.844506790638478388e-02 1.522757236067824034e-21
2.606378623266705836e+04 2.953119142498343990e+03 -2.311066709016871391e+04 3.005284231962065178e+00 -1.047526554712011060e-01 1.549910019597088778e-21
2.582945886395264097e+04 3.295767614515524201e+03 -2.253369124943711722e+04 2.447356738893823103e+00 -6.579710356704328300e-02 1.471676904626302606e-21
2.548621603884606156e+04 3.641956435072679142e+03 -2.184425960377338197e+04 3.252599748625558451e+00 1.184871160261080220e-01 1.470530297022295207e-21
2.512057006801544048e+04 4.025395887144509288e+03 -2.109517418087093029e+04 2.837078526364349873e+00 -7.621674152642370081e-02 1.411738677567223073e-21
2.433544884278349855e+04 4.926556572908673843e+03 -1.940889226987482471e+04 3.118141075977326704e+00 -2.050346217839160365e-02 1.406070745669940546e-21
2.308140155209454679e+04 6.329062530538275496e+03 -1.675233902155627220e+04 4.176979811584714319e+00 -1.383228011885215547e-01 1.335635333943246415e-21
2.261629741208175255e+04 6.868638790289640383e+03 -1.574765862179211217e+04 4.064757900479248676e+00 6.098168764390258373e-02 1.247650375383762826e-21
