0.000000000000000000e+00 3.142201604092234993e+04 3.142201604092234993e+04 nan 3.787295278909081020e+01 3.237917250143232317e-25
2.050890209992040346e-94 3.142025468334771358e+04 3.142025468334771358e+04 5.450559989861286425e+01 8.352410925402537600e+00 3.220150385497503625e-25
1.655105599781102640e-43 3.142025481001841399e+04 3.142025481001841399e+04 2.524259209213305510e+01 3.352342455078337835e+00 3.206841678257748915e-25
1.131514525005101486e-25 3.141750933058340161e+04 3.141750933058340161e+04 1.272372751928095092e+01 1.672359612995830247e+00 3.213822956548823043e-25
1.920882834384301605e-17 3.140992450454067512e+04 3.140992450454067512e+04 8.409330439209659502e+00 8.569986094146131439e-02 3.193177490004092928e-25
4.363502422164575840e-12 3.141278101922178394e+04 3.141278101922178030e+04 5.640474543924611339e+00 5.149285449180659446e-01 3.215521300128089629e-25
2.230363574213149150e+03 2.905083722251155632e+04 2.682047364829840808e+04 4.685301291449865069e+00 -3.021172788859793346e-01 2.187424236286209685e-22
1.609723903614432675e+04 1.407186738075924586e+04 -2.025371655385080885e+03 1.268937640361625974e+01 3.976101223678493723e-02 1.552690311238029732e-21
2.416053740801777167e+04 5.125251691683096396e+03 -1.903528571633467436e+04 6.691105128947861580e+00 2.080372130845646855e-03 2.375461568746226270e-21
2.611499947090398928e+04 2.946247369199740660e+03 -2.316875210170424907e+04 5.782913142295527997e+00 3.947189953638696042e-02 2.632591565718528666e-21
2.649675976368299598e+04 2.526832952380024835e+03 -2.396992681130297206e+04 1.510104026909531383e+00 8.836963982390947867e-03 2.584603290171170637e-21
2.670839170900734098e+04 2.267399659339143909e+03 -2.444099204966819525e+04 7.074904681507971915e-01 8.619555921593245740e-02 2.596794226460874376e-21
2.669115457569644786e+04 2.280591141426088143e+03 -2.441056343427035972e+04 1.155916621848580794e+00 6.231867193056672520e-03 2.644886279724323198e-21
2.666739161450012398e+04 2.269310656363607904e+03 -2.439808095813651744e+04 9.709082676042539717e-01 1.956621337360224533e-01 2.613022415742465031e-21
2.667781038370290844e+04 2.286544865552816646e+03 -2.439126551815009225e+04 9.854650098943121828e-01 1.494446563259763938e-01 2.678998620207188730e-21
2.673490768343348100e+04 2.265564384659180632e+03 -2.446934329877429991e+04 8.016517496529589337e-01 2.502087512278232395e-02 2.546664006396198042e-21
2.670434059616626473e+04 2.266673913138599801e+03 -2.443766668302766629e+04 9.004984961329456361e-01 3.819350464008416240e-02 2.767669264962366342e-21
2.657419836651558580e+04 2.369813831649437816e+03 -2.420438453486614890e+04 9.695070519846270551e-01 -2.273468404955923325e-02 2.620165310846434330e-21
2.661645222231965090e+04 2.422281622165472982e+03 -2.419417060015417883e+04 1.261672231863502747e+00 -1.326052229681241867e-02 2.625497201441123780e-21
2.635897880603381054e+04 2.680735753789885166e+03 -2.367824305224392447e+04 3.029259413770258647e+00 4.676893222688379564e-02 2.651486614101471035e-21
2.627860254432832517e+04 2.703107905703773667e+03 -2.357549463862455013e+04 1.264388635581807696e+00 1.049576426687259673e-01 2.699766597115045598e-21
2.624956901907108477e+04 2.777981988394778909e+03 -2.347158703067630631e+04 1.961347023888081464e+00 -6.367431093327013437e-03 2.577401591324303684e-21
2.613507046023160365e+04 2.929162340373971347e+03 -2.320590811985763139e+04 1.631842304163491297e+00 -1.261947225278527152e-01 2.615121729479897423e-21
2.597343062855464450e+04 3.034482316313441061e+03 -2.293894831224120207e+04 1.656247182445023114e+00 8.705239850815123248e-02 2.565078374408136633e-21
2.598557956893559458e+04 3.074848798838240782e+03 -2.291073077009735425e+04 2.663334729904176523e+00 2.310547924558903343e-02 2.659123243867495777e-21
2.599001246659411481e+04 3.109815887760746136e+03 -2.288019657883336913e+04 2.044937375464107365e+00 3.378599488137340456e-02 2.627880437185582999e-21
2.525702368490527078e+04 3.910071689525891088e+03 -2.134695199537937879e+04 3.050837555754864372e+00 4.695604261504565669e-02 2.502663680307173001e-21
2.512341514250223554e+04 4.035976194671381108e+03 -2.108743894783085489e+04 4.024746556894075233e+00 7.330922075654076886e-02 2.280842301436264269e-21
2.451585828826496072e+04 4.781678107793201889e+03 -1.973418018047175792e+04 2.884209364501660655e+00 -1.427929675797189601e-01 2.452096281126408797e-21
2.308853853361256188e+04 6.331545541954883447e+03 -1.675699299165768025e+04 2.666778837385446632e+00 1.025750312876614473e-01 2.193599474406401179e-21
2.265578433799693448e+04 6.863269596919702053e+03 -1.579251474107723334e+04 3.726958500804960384e+00 -1.392762216593598501e-01 2.165434182627273313e-21
