0.000000000000000000e+00 3.142049480681309069e+04 3.142049480681309069e+04 nan 3.346075420424224944e+01 3.221125651071905287e-25
2.034190493952953129e-94 3.141491005791980206e+04 3.141491005791980206e+04 5.070277141916628949e+01 7.517930669945342537e+00 3.217000222948241098e-25
1.237969857613520242e-43 3.141229765642301572e+04 3.141229765642301572e+04 2.265435121257966600e+01 3.358107743875258677e+00 3.196745609698199998e-25
1.232726264803324255e-25 3.141721185103961034e+04 3.141721185103961034e+04 1.417255629043230591e+01 1.513962606732739857e+00 3.209227934110958386e-25
2.259047236963869126e-17 3.141696608565488350e+04 3.141696608565488350e+04 8.873896924391246444e+00 3.383235925948908651e-01 3.211169273908419752e-25
1.125321407003265380e-12 3.142442318738646281e+04 3.142442318738646281e+04 6.128065466923660942e+00 6.195089063900470761e-01 3.223766378486701893e-25
2.351065149053798905e+03 2.894409474731831142e+04 2.659302959826451115e+04 4.003740340667291342e+00 -1.742746498258651855e-01 2.532381821094473573e-22
1.657273943404373131e+04 1.352495548986785070e+04 -3.047783944175880606e+03 1.867919141563784180e+01 -1.091102730550154269e-02 1.631562420870882281e-21
2.390460538801796793e+04 5.351798009045183790e+03 -1.855280737897278595e+04 9.710190975004808323e+00 -6.611377394166196957e-03 2.192065403124473443e-21
2.600701991617507156e+04 2.981231621962369445e+03 -2.302578829421270348e+04 7.938187665179412988e+00 -1.210684274119436799e-01 2.406339482337519490e-21
2.654400294781979392e+04 2.382918842204939665e+03 -2.416108410561485289e+04 6.757034412211339713e+00 -2.949693292365946143e-02 2.727048427621667269e-21
2.659532462878977094e+04 2.368792124020406391e+03 -2.422653250476936591e+04 1.418600374296844047e+00 1.499976246164681226e-01 2.534098098876358061e-21
2.675058590194840872e+04 2.262257973455816682e+03 -2.448832792849259204e+04 7.400687567794879129e-01 2.327227508872985531e-02 2.833576751325290610e-21
2.668591455519414740e+04 2.276534078703612067e+03 -2.440938047649053624e+04 7.207072474231567272e-01 6.461374185748301746e-02 2.614246798425906755e-21
2.668007972300891925e+04 2.271426601593898795e+03 -2.440865312141502000e+04 6.282585002057589074e-01 3.529946670991227636e-02 2.564063902694992550e-21
2.666145956713411215e+04 2.265700367213659774e+03 -2.439575919992045237e+04 8.211511885867827099e-01 -2.389139923627311979e-02 2.612160000506049869e-21
2.662650812624395621e+04 2.347016528770598597e+03 -2.427949159747335943e+04 9.447906163798686086e-01 7.629287754274505229e-02 2.551316726484752531e-21
2.654587960661338002e+04 2.467227857870670960e+03 -2.407865174874270815e+04 7.824570586572868747e-01 8.458617804480565716e-02 2.713924396878343781e-21
2.651281802101138601e+04 2.490252384754777722e+03 -2.402256563625660783e+04 3.309265985813619526e+00 1.260230774911794693e-01 2.717972550741770755e-21
2.644788591545070085e+04 2.561053623703503490e+03 -2.388683229174719600e+04 1.953507551558590905e+00 6.272462700512137362e-03 2.606863317127855183e-21
2.614719130632096130e+04 2.846261888088330124e+03 -2.330092941823263027e+04 1.928840767598004602e+00 1.010385495625668456e-01 2.601245690583714698e-21
2.615417683696873792e+04 2.891510967305789563e+03 -2.326266586966294926e+04 3.655099275007513970e+00 -1.178222513693016199e-01 2.706309595615410313e-21
2.601310137421678883e+04 3.026199710610187594e+03 -2.298690166360660078e+04 4.121842704955533954e+00 7.185372326725501801e-02 2.544719796595427588e-21
2.576431891477896352e+04 3.299648542093628294e+03 -2.246467037268533386e+04 3.802480811643121683e+00 5.494626333400848273e-02 2.475823902066287748e-21
2.616343188162548176e+04 2.908175754834762756e+03 -2.325525612679071855e+04 1.264918799582713582e+00 1.216201287472014059e-01 2.548814237890242635e-21
2.569462146645594112e+04 3.440581499095325853e+03 -2.225403996736061526e+04 3.403316127964068460e+00 -2.241802951797546364e-02 2.608442122223856995e-21
2.555220074444981583e+04 3.601059503815194148e+03 -2.195114124063462077e+04 3.036879167283652148e+00 -2.242916173584103348e-02 2.478624924369513037e-21
2.511604712682196623e+04 4.057831658331437666e+03 -2.105821546849052902e+04 2.932672273417268105e+00 -6.527903741537914584e-02 2.402170292240222046e-21
2.420881729887417168e+04 5.133967415538902060e+03 -1.907484988333527144e+04 3.723202719017374651e+00 1.585761652791410278e-02 2.494317134891805291e-21
2.345266855982902780e+04 5.913799301042895422e+03 -1.753886925878613329e+04 4.871532556773758849e+00 -7.454832868563759929e-02 2.284435507851602470e-21
2.244231683382889605e+04 7.097592209633517086e+03 -1.534472462419537987e+04 5.819350527574897569e+00 -6.821057638024664860e-02 2.249779845916577756e-21
