0.000000000000000000e+00 3.141768061115156888e+04 3.141768061115156888e+04 nan 3.108235749410895110e+01 3.212498153043232060e-25
2.132930983576481841e-94 3.142199130125099327e+04 3.142199130125099327e+04 4.679329013202914922e+01 6.108370308174816188e+00 3.235755957489837294e-25
1.753408374541921569e-43 3.142076354732288382e+04 3.142076354732288382e+04 2.504724826510135927e+01 4.202004330265054044e+00 3.212884698425507733e-25
1.051576173472504885e-25 3.142023771678698176e+04 3.142023771678698176e+04 1.329261477289441906e+01 1.650356648560146411e+00 3.227586610710687058e-25
2.166172551328052105e-17 3.141515359394035477e+04 3.141515359394035477e+04 9.594433592249195897e+00 1.878698505978105074e-02 3.211372404059993797e-25
3.041195678629449549e-12 3.141545605483596592e+04 3.141545605483596228e+04 6.431074867917357274e+00 6.053467404331688284e-01 3.197318063954690801e-25
2.263221839741187978e+03 2.902484793959527451e+04 2.676162609985408562e+04 4.347240797714383653e+00 -2.635653826185793136e-01 1.236753177094117976e-22
1.639257978123770226e+04 1.373980748428919469e+04 -2.652772296948507574e+03 8.451231078428882881e+00 6.517379503179225597e-02 9.133169402188593588e-22
2.432149776995649881e+04 4.932712722202839359e+03 -1.938878504775365946e+04 1.335415854271663072e+01 1.438405085354138579e-01 1.374841127715224374e-21
2.627720494627610242e+04 2.724225672224013124e+03 -2.355297927405208975e+04 7.938400316790304778e+00 8.742921053096980311e-02 1.451226618339854249e-21
2.661152850703884542e+04 2.335723092324768913e+03 -2.427580541471407560e+04 3.337587208274070516e+00 6.321952061322469278e-03 1.530298764179256328e-21
2.665646110824344214e+04 2.271498218924533830e+03 -2.438496288931890740e+04 9.096093567191795293e-01 -1.175745166628300170e-01 1.500742268947984971e-21
2.669183433854579198e+04 2.283039277858116748e+03 -2.440879506068767660e+04 6.060309505084900961e-01 -5.392898681015732137e-02 1.521623904376836793e-21
2.660717038386103741e+04 2.314920201119601643e+03 -2.429225018274143440e+04 4.395515167402769485e+00 8.113713564579530524e-02 1.520612280452534995e-21
2.666889094677973117e+04 2.268097223000443591e+03 -2.440079372377928667e+04 7.614343136571152248e-01 -8.884816232724778926e-03 1.542132216222467309e-21
2.670264066174150139e+04 2.279961799731692736e+03 -2.442267886200980865e+04 2.067540744044527923e+00 -5.587762826770759084e-02 1.530465180074594793e-21
2.663076444591410836e+04 2.362781292473787744e+03 -2.426798315344032017e+04 1.861445491090324422e+00 6.337855545989225237e-02 1.528339167124423285e-21
2.662957369556038611e+04 2.397163920222364140e+03 -2.423240977533802288e+04 1.250738034908425833e+00 -9.610877659353844749e-02 1.528523140403413393e-21
2.647741422496724772e+04 2.555548311005417872e+03 -2.392186591396182848e+04 1.298031007927837654e+00 3.871753358976796899e-02 1.522974172846288230e-21
2.634643166079129878e+04 2.664183591817226443e+03 -2.368224806897407325e+04 4.415593246377732761e+00 2.140177607954724115e-01 1.526668537822537835e-21
2.618792472705511318e+04 2.879848575166457067e+03 -2.330807615188865748e+04 3.466782858516939569e+00 2.274713960304694874e-02 1.489086326453678480e-21
2.589193847687952803e+04 3.152329745024294425e+03 -2.273960873185523451e+04 2.054219651256319779e+00 8.579615377935091713e-03 1.461941526861304663e-21
2.627720121832979567e+04 2.748334295695546189e+03 -2.352886692263424993e+04 2.391822136866268433e+00 1.980848978887376002e-02 1.545655800126390265e-21
2.592740845529999569e+04 3.131443962678330081e+03 -2.279596449262166425e+04 1.875138248496476479e+00 -2.252120906670151967e-02 1.474119636886141266e-21
2.610895353683917710e+04 2.935670189278077942e+03 -2.317328334756110053e+04 2.366658312347248216e+00 9.420705795853850928e-02 1.548001701763834084e-21
2.565208504493242435e+04 3.469292016101424906e+03 -2.218279302883099808e+04 2.446033088847558101e+00 -1.417329158967577975e-02 1.532484535473859444e-21
2.577505431902133932e+04 3.346721203586841057e+03 -2.242833311543449963e+04 2.138828020343222835e+00 1.249551288776312163e-01 1.502971263132699255e-21
2.521224726314369400e+04 3.994537323093066789e+03 -2.121770994005062676e+04 4.498380536612493152e+00 8.748209934111424169e-02 1.481449250557775055e-21
2.415763730071443206e+04 5.111643324700752601e+03 -1.904599397601368037e+04 3.972063018257363520e+00 -6.572480767721909645e-02 1.361703417391159914e-21
2.364652599930574797e+04 5.717560959038575675e+03 -1.792896504026717230e+04 4.191061751101243793e+00 -4.334575697661371962e-02 1.390185453124469720e-21
2.240528591051584226e+04 7.070120731727705788e+03 -1.533516517878813647e+04 4.686790007199614472e+00 4.533305936818008558e-02 1.235062381810324934e-21
