0.000000000000000000e+00 3.141696540077089594e+04 3.141696540077089594e+04 nan 3.756959134379287235e+01 3.211423647365732058e-25
2.260672750142377739e-94 3.141222291258669065e+04 3.141222291258669065e+04 4.686138693511703224e+01 8.719874859551349999e+00 3.220329439032481901e-25
1.959166314274992880e-43 3.141590198429056909e+04 3.141590198429056909e+04 2.252391813731388126e+01 3.425013415223406188e+00 3.206038606642878408e-25
1.051957307503492300e-25 3.141472199167490908e+04 3.141472199167490908e+04 1.212359288728283424e+01 1.345486122286250863e+00 3.194783837327343483e-25
1.640924812023231988e-17 3.140650375101502141e+04 3.140650375101502141e+04 7.529927696777190427e+00 -1.721396199018554451e-02 3.189144328102992296e-25
7.385140925360308548e-12 3.141342858089536458e+04 3.141342858089535730e+04 6.701473913845288344e+00 6.632705211947405033e-01 3.200590240383558395e-25
2.657623380010046276e+03 2.858957503674284817e+04 2.593195165673280280e+04 4.337357894805050407e+00 -1.887925895439432900e-01 1.392367625162532868e-22
1.639117784481575291e+04 1.372868854907366040e+04 -2.662489295742092509e+03 1.655471088250240186e+01 2.833858141800985053e-02 9.555799856864796934e-22
2.421709840839355093e+04 5.087957691808488562e+03 -1.912914071658506145e+04 1.067279056321564745e+01 1.298601754095615214e-02 1.381201166020824201e-21
2.622891894512450381e+04 2.784674908382139620e+03 -2.344424403674236237e+04 9.771654526949481223e+00 2.082640341054520228e-01 1.539582553198344251e-21
2.657670754521813069e+04 2.425239901717982320e+03 -2.415146764350014928e+04 9.674961205173195467e+00 5.412493591413761185e-02 1.551056044914145628e-21
2.671896883564504606e+04 2.253590264588908212e+03 -2.446537857105613875e+04 1.248096739591693538e+00 6.479809578082608434e-02 1.551950554248117627e-21
2.674323537896062408e+04 2.248218263432863296e+03 -2.449501711552776032e+04 1.128083073891517296e+00 -1.508924588254274834e-01 1.548444008725271370e-21
2.666575793572411567e+04 2.291137102615197364e+03 -2.437462083310891830e+04 1.025512364149760325e+00 -9.402365258961375982e-02 1.520485081117408775e-21
2.671301449119191238e+04 2.268720543687138161e+03 -2.444429394750477513e+04 6.302570062572233622e-01 4.499740832700710458e-02 1.532644006387039262e-21
2.667519250560980436e+04 2.279588945262561538e+03 -2.439560356034724100e+04 1.011627456202556008e+00 6.793972954840206413e-02 1.471139349725347436e-21
2.668432337464559532e+04 2.270697001556985015e+03 -2.441362637308860940e+04 1.133092779521419180e+00 -1.276203535457509919e-01 1.510730192125569581e-21
2.652067538091385723e+04 2.449584121251443776e+03 -2.407109125966241481e+04 1.733397774576334482e+00 -1.593586896675802970e-03 1.508601601999751109e-21
2.652751962862784058e+04 2.472069027794660997e+03 -2.405545060083318094e+04 1.942954643419984251e+00 2.920613367580771058e-02 1.542914391756448828e-21
2.642662948160684391e+04 2.635932583799453823e+03 -2.379069689780738918e+04 4.450002512238463659e+00 7.713082931526747676e-02 1.482303062153707535e-21
2.627927946639361835e+04 2.762864763948690779e+03 -2.351641470244492666e+04 2.097070205337251636e+00 1.152942790807564566e-01 1.543622975754187170e-21
2.612426028758624670e+04 2.945007338492332110e+03 -2.317925294909391596e+04 3.003419643632172509e+00 9.021541713724166855e-02 1.542256903321014787e-21
2.626157555884776593e+04 2.777709409303636221e+03 -2.348386614954413017e+04 2.027936929566553026e+00 8.265005268823571657e-04 1.572849679636461705e-21
2.623505467573425994e+04 2.812041598447643082e+03 -2.342301307728661777e+04 2.401495379842947475e+00 -2.206431300106444227e-02 1.526327954158400953e-21
2.579354357628406797e+04 3.241659252774922152e+03 -2.255188432350914445e+04 3.243675885579421436e+00 -1.445431445737583274e-02 1.478254458257636690e-21
2.595622748890327057e+04 3.083751291973915158e+03 -2.287247619692935405e+04 1.474079506849892640e+00 1.418725595653100302e-02 1.492024202662651768e-21
2.549642764545080354e+04 3.659381225833463304e+03 -2.183704641961734160e+04 3.374683078083948740e+00 -1.099469498746036694e-01 1.506870683567449264e-21
2.481599154058936256e+04 4.393176243868183519e+03 -2.042281529672117904e+04 3.839830809607550410e+00 5.552196131598791801e-02 1.403973234742288792e-21
2.412796587788060788e+04 5.182517963477140256e+03 -1.894544791440346671e+04 3.719770926798807498e+00 4.893439702632524507e-02 1.380893507650403697e-21
2.346450593821406801e+04 5.916728002129079869e+03 -1.754777793608498905e+04 2.891673626074551251e+00 -1.491046886701454799e-01 1.339781449014142058e-21
2.180099157083664613e+04 7.787887926669796798e+03 -1.401310364416684934e+04 4.018226511727987393e+00 -7.577115099072095905e-02 1.220959515105959491e-21
