0.000000000000000000e+00 3.142161649644380668e+04 3.142161649644380668e+04 nan 3.078202876096363738e+01 3.226252596429866637e-25
1.986771572631795011e-94 3.142046301837300416e+04 3.142046301837300416e+04 5.254616518215870968e+01 8.343384214485604744e+00 3.225244688276493881e-25
1.642538124624134095e-43 3.141352625743645331e+04 3.141352625743645331e+04 2.100004402437264872e+01 3.775062673168206206e+00 3.215208582480575021e-25
1.152971317383412465e-25 3.141321329593655537e+04 3.141321329593655537e+04 1.269445246323114418e+01 1.444531982545657955e+00 3.199830802822595940e-25
2.116316902317778698e-17 3.142409663906619244e+04 3.142409663906619244e+04 7.686491420737628033e+00 4.057949693275177405e-01 3.228681816861828317e-25
3.436129138173569909e-12 3.142075083255103891e+04 3.142075083255103527e+04 6.320911281038675611e+00 5.960681485474660368e-01 3.215081166148066253e-25
2.463922537012470457e+03 2.878733050804642698e+04 2.632340797103395744e+04 4.718511648829600169e+00 -9.655590691213238042e-02 2.104403233418718264e-22
1.568651426393098154e+04 1.451821912242879807e+04 -1.168295141502183469e+03 1.211494189231288487e+01 -6.691857621244769183e-02 1.508984837253787375e-21
2.399149246178639441e+04 5.317919007200339365e+03 -1.867357345458605414e+04 1.247454373290811880e+01 1.078246659875128771e-01 2.444286346130076691e-21
2.612861627489899183e+04 2.879509390648261615e+03 -2.324910688425073022e+04 1.085154872519829006e+01 1.290486436388379732e-01 2.613129066920456349e-21
2.658196748212530292e+04 2.350049742893329039e+03 -2.423191773923197252e+04 7.723016194311372873e-01 1.841001357701301314e-02 2.640242308005714177e-21
2.665746251231123824e+04 2.274096607015477275e+03 -2.438336590529575915e+04 9.665527211861455470e-01 -1.365846924097761927e-01 2.571729488668269963e-21
2.669194360472778862e+04 2.255740169350434826e+03 -2.443620343537735243e+04 9.993240283515910649e-01 -8.503282304182914128e-03 2.676277523328064040e-21
2.667063116539123803e+04 2.279646215949454472e+03 -2.439098494944178310e+04 9.116356089191021139e-01 -8.216850792307635321e-02 2.598811633142902620e-21
2.668546964106290761e+04 2.274072926985865251e+03 -2.441139671407704373e+04 8.776081157884602080e-01 1.061793151040138355e-01 2.762154989654275003e-21
2.669673537198908161e+04 2.284489763413652781e+03 -2.441224560857542747e+04 1.048802415974124269e+00 3.779391986274546061e-02 2.594546521233033278e-21
2.666747293215104219e+04 2.322725923771068665e+03 -2.434474700837997443e+04 1.644838581314368442e+00 9.527680071289941488e-02 2.715281865308719792e-21
2.650960728319748887e+04 2.409790086456189783e+03 -2.409981719674129999e+04 6.736337615159735392e-01 1.980436692944022650e-02 2.490472640064845680e-21
2.648137645858744509e+04 2.493626500455116002e+03 -2.398774995813232817e+04 1.961304198768223372e+00 2.701939883645984586e-02 2.681495545132491423e-21
2.627568155455528540e+04 2.712308024018164815e+03 -2.356337353053711922e+04 3.366320446588579429e+00 5.317784678244374952e-02 2.573473357157493071e-21
2.629261590931759565e+04 2.762246146591038269e+03 -2.353036976272655738e+04 1.948996216334895060e+00 1.927393470306208376e-02 2.470523139019106481e-21
2.611103012749532354e+04 2.905628057346242258e+03 -2.320540207014908083e+04 1.596171984553866885e+00 -4.449063606387575892e-02 2.609065312245063890e-21
2.598952175604845615e+04 3.058217495472251358e+03 -2.293130426057620571e+04 2.771748771081429918e+00 -5.858537180372690861e-02 2.506310523071380307e-21
2.598343242861270119e+04 3.076640656107537325e+03 -2.290679177250516295e+04 5.370218164469528155e+00 7.181845359253657968e-02 2.584881629215984786e-21
2.588591123217666245e+04 3.240145923298800881e+03 -2.264576530887786066e+04 2.452502757171286518e+00 -6.810196850108339583e-02 2.540695409108746499e-21
2.588696007122509036e+04 3.210728283437003938e+03 -2.267623178778808506e+04 4.000524544470548172e+00 2.830827565394092651e-02 2.608392800190442188e-21
2.525012810520948187e+04 3.884676257956824884e+03 -2.136545184725265790e+04 3.162009305904402101e+00 6.844541101325356258e-02 2.479768321252036588e-21
2.481067372907335084e+04 4.438768507570302063e+03 -2.037190522150304969e+04 2.677969759886066115e+00 1.763905247691365322e-02 2.384822897870666765e-21
2.448410910898512157e+04 4.777386316250965137e+03 -1.970672279273415552e+04 3.185211758379608238e+00 -1.281077780226770818e-03 2.301041422594029524e-21
2.369425059435241201e+04 5.651505913881955166e+03 -1.804274468047045593e+04 2.370108932074810770e+00 -1.048997758481870490e-02 2.390151109009707891e-21
2.236206616816176393e+04 7.154788888829011739e+03 -1.520727727933275310e+04 3.892187903872837751e+00 -1.528635942474101117e-01 2.217077410941020881e-21
