0.000000000000000000e+00 3.140803834339438981e+04 3.140803834339438981e+04 nan 3.592598970681451931e+01 3.188386436087240599e-25
2.341024640842291249e-94 3.142011577979252615e+04 3.142011577979252615e+04 5.177165727439159326e+01 8.396332337550589386e+00 3.220303227635787884e-25
1.403345309943869878e-43 3.141839037000852841e+04 3.141839037000852841e+04 2.369566845898481589e+01 3.302476748111706772e+00 3.221447283081643938e-25
9.608941637809236315e-26 3.142257300818742806e+04 3.142257300818742806e+04 1.307736581593828795e+01 1.177166883265887032e+00 3.237775468186785035e-25
2.114056560822556911e-17 3.141045105196959412e+04 3.141045105196959412e+04 8.033506524227371770e+00 2.730598918464582359e-01 3.209716041274843264e-25
4.592464282711806917e-12 3.141665459949062642e+04 3.141665459949062279e+04 7.064984639210181605e+00 6.692191793130116695e-01 3.215374596089128110e-25
2.049412899062896940e+03 2.924228629845008254e+04 2.719287339938718651e+04 4.118313282808480302e+00 -2.604362692226325215e-01 1.823875336420878213e-22
1.610256756665016837e+04 1.400864224801178352e+04 -2.093925318638384852e+03 1.287650524026994958e+01 -1.451836021386609110e-01 1.475961267201718900e-21
2.382464394731900757e+04 5.507275682118408440e+03 -1.831736826520059913e+04 7.000045402088360902e+00 5.919488527655834137e-02 2.338861549710324108e-21
2.616091020669730642e+04 2.849486784379678738e+03 -2.331142342231762814e+04 6.159110519324683786e+00 7.582648671994657308e-02 2.604355515688883394e-21
2.664352425369937919e+04 2.287007751898250717e+03 -2.435651650180112847e+04 7.891369934803189601e-01 5.784949400320981393e-03 2.550888627973691245e-21
2.670793900088798546e+04 2.267535761072780133e+03 -2.444040323981520487e+04 9.235107589428114272e-01 1.316631062620323700e-01 2.569685537971026583e-21
2.668397758162418904e+04 2.278132980405569924e+03 -2.440584460121861775e+04 9.446330283477696321e-01 -4.560259358683632636e-02 2.564259924184103708e-21
2.669978174941480756e+04 2.267322281681051663e+03 -2.443245946773375545e+04 9.497561864802458453e-01 5.647742862306004419e-02 2.647469192511230105e-21
2.670597187909250715e+04 2.276377455751328398e+03 -2.442959442334117921e+04 8.934257468948588743e-01 -2.744421530128388163e-03 2.615043681819332812e-21
2.663628911599884668e+04 2.294731598211418714e+03 -2.434155751778742706e+04 1.051403531832872940e+00 5.232071873086185237e-02 2.593347979024119566e-21
2.659899531707351343e+04 2.331065527356420716e+03 -2.426792978971709090e+04 8.876495319847214072e-01 3.811936715396129632e-02 2.651990025778392468e-21
2.656668308764946414e+04 2.410863332002047628e+03 -2.415581975564741515e+04 2.456947456154211284e+00 -5.455857651645370371e-02 2.634764682796355699e-21
2.641817518437577746e+04 2.585105404155222914e+03 -2.383306978022055409e+04 2.153309899438321295e+00 1.742167211125716653e-01 2.710666352316907043e-21
2.642714032865484478e+04 2.566162080660619722e+03 -2.386097824799422597e+04 1.090566426826599766e+00 -1.359118400366189638e-01 2.695072281386203792e-21
2.621312538113642950e+04 2.792550848055691858e+03 -2.342057453308073673e+04 2.886582745618721191e+00 -1.831913562845940147e-01 2.437157954613454057e-21
2.628214649819073747e+04 2.701627451168290463e+03 -2.358051904702244792e+04 2.695612027410160483e+00 6.263408882503994357e-02 2.622127046090400662e-21
2.619997572056820718e+04 2.834309705259420753e+03 -2.336566601530878688e+04 2.422388922847471537e+00 -9.547427292922447406e-03 2.597584854559879260e-21
2.582704452281428166e+04 3.236565564893393002e+03 -2.259047895792088821e+04 3.419703259581581722e+00 1.070628267669781510e-02 2.619833231531588238e-21
2.597532275221692180e+04 3.087835873756505407e+03 -2.288748687846041503e+04 3.146883533874364147e+00 5.876046431422655286e-02 2.514234708306704200e-21
2.575156442372477977e+04 3.333691279320900321e+03 -2.241787314440387854e+04 2.170501581425690052e+00 1.739697220214630746e-01 2.559953542961924926e-21
2.548542064103405573e+04 3.676458187143940904e+03 -2.180896245389011528e+04 3.126114860322118716e+00 -9.086485873880128031e-03 2.580537204262924351e-21
2.510239730500613587e+04 4.098978357413405320e+03 -2.100341894759273055e+04 2.424273518786142834e+00 -1.558561345652364760e-01 2.379665464155784881e-21
2.434017487253373474e+04 4.910994173934195715e+03 -1.942918069859953903e+04 2.878024732978463174e+00 -9.704595183326397700e-02 2.336227986828146115e-21
2.349291743431535360e+04 5.937633779921298810e+03 -1.755528365439405388e+04 4.627527369436414517e+00 -2.257521796788525548e-01 2.307239852672825189e-21
2.182714740416803397e+04 7.737208877464417128e+03 -1.408993852670361593e+04 3.787409537488238609e+00 -9.326026002680232185e-03 2.172807249562173569e-21
