0.000000000000000000e+00 3.142446842987908894e+04 3.142446842987908894e+04 nan 3.607181561645008827e+01 3.225665564821512577e-25
2.149157005208620706e-94 3.142134006258187583e+04 3.142134006258187583e+04 5.289914479378173695e+01 8.364035835677450237e+00 3.225616982011635273e-25
1.455155876840617745e-43 3.142003995698019935e+04 3.142003995698019935e+04 2.519699215877734844e+01 3.397795885796733639e+00 3.220547804099934053e-25
1.252396164826083262e-25 3.141951361906972306e+04 3.141951361906972306e+04 1.296708839136066160e+01 1.555552724795040476e+00 3.216372098405993371e-25
2.663246272246066234e-17 3.142301023945125780e+04 3.142301023945125780e+04 8.557572722137299692e+00 3.154351915791177574e-01 3.231508589385806143e-25
5.085924250576441319e-12 3.141339879352082426e+04 3.141339879352082062e+04 5.944669761044721668e+00 6.299213319249523657e-01 3.209376934729282279e-25
2.215666421057984735e+03 2.905473970483377707e+04 2.683907328377579324e+04 3.889470380458655452e+00 -1.983052033589133012e-01 2.310864338444864777e-22
1.652409543510761796e+04 1.361541621146702710e+04 -2.908679223640590862e+03 8.298698214118022776e+00 -1.527444920978851322e-03 1.569065102685959375e-21
2.411365695896225225e+04 5.188097087577326420e+03 -1.892555987138492492e+04 1.040589640658511073e+01 -1.089941318884454086e-01 2.360194654495091154e-21
2.616601336158055346e+04 2.840151760925237795e+03 -2.332586160065531658e+04 6.742084647825563160e+00 5.484303009603076068e-02 2.541038681191585876e-21
2.662025424129895691e+04 2.323220846853609601e+03 -2.429703339444534868e+04 8.506524457321978261e+00 3.914601170261152591e-02 2.586356061990528249e-21
2.665428550222358535e+04 2.297656342761062206e+03 -2.435662915946252178e+04 7.612749829312642769e-01 4.488338344224399035e-02 2.673238796844069581e-21
2.661718399050848166e+04 2.285309550061076152e+03 -2.433187444044740550e+04 1.142375240584583507e+00 -1.107527218653324604e-02 2.656059943307038452e-21
2.673128736517390280e+04 2.259483677813032500e+03 -2.447180368736086893e+04 1.284400173415900293e+00 5.555411074806429483e-02 2.701830453226446597e-21
2.664022144501859293e+04 2.274788742437484416e+03 -2.436543270258110715e+04 8.751339278737576555e-01 -4.132001783382952681e-02 2.577878273906771294e-21
2.668982513394984198e+04 2.256437657388678872e+03 -2.443338747656116175e+04 7.752131756390098216e-01 -1.930877654424455539e-02 2.618713961389535619e-21
2.667338224214804359e+04 2.287467588667509972e+03 -2.438591465348053316e+04 9.979415855077210518e-01 -1.706223415956093772e-03 2.569157190229500652e-21
2.662490398771197943e+04 2.344871409117705298e+03 -2.428003257859427322e+04 6.521690221145997057e-01 2.027807998687844795e-02 2.551714405859367911e-21
2.660634809728555774e+04 2.401135854991324777e+03 -2.420521224229423387e+04 8.014354610552844038e-01 6.194721287284234851e-02 2.738184175291481337e-21
2.646359132651517939e+04 2.521524301066522639e+03 -2.394206702544865766e+04 2.150219396784179171e+00 2.322622615107438129e-02 2.615200618859812325e-21
2.623671416865253195e+04 2.737680814906750584e+03 -2.349903335374578091e+04 1.497555699790783512e+00 -5.079547328347113616e-02 2.647516452422960602e-21
2.600008975002891384e+04 3.032173660520891644e+03 -2.296791608950802038e+04 2.148599017486907403e+00 -9.132030064466961639e-02 2.486574107314482956e-21
2.579535249961784211e+04 3.266766918522146625e+03 -2.252858558109569640e+04 2.823538396705160824e+00 2.369978881226195155e-02 2.473225560579348542e-21
2.609626040551872939e+04 2.979529016431239143e+03 -2.311673138908749024e+04 2.708515637932944031e+00 1.199747502966563711e-01 2.670542236122990330e-21
2.615688168568486435e+04 2.908533843878261905e+03 -2.324834784180660063e+04 1.678882879014071960e+00 -7.489508912265766157e-03 2.622918862271699184e-21
2.552911142403571284e+04 3.542433803607611026e+03 -2.198667762042810136e+04 6.147181065419744073e+00 -6.891061596571544656e-02 2.525745737485192358e-21
2.521060876258621647e+04 3.987844663993434551e+03 -2.122276409859278283e+04 2.145615367612601077e+00 -5.390681742725222936e-02 2.476155314329109048e-21
2.475689461593480519e+04 4.445384485949598457e+03 -2.031151012998520673e+04 3.671082008106817174e+00 -4.715319451205707280e-02 2.492389292338028573e-21
2.474409493320845286e+04 4.485180322917432932e+03 -2.025891461029101993e+04 2.753667606410955315e+00 6.165458051663014194e-02 2.471693751900362166e-21
2.299322232942080154e+04 6.475564902581568276e+03 -1.651765742683923236e+04 4.015490328495032735e+00 -4.826850193965086938e-02 2.322790238207454450e-21
2.276342711541492463e+04 6.730164151579289864e+03 -1.603326296383563385e+04 3.924540740721820686e+00 -1.613095274669186507e-01 2.338142729697598762e-21
