0.000000000000000000e+00 3.141905412702139438e+04 3.141905412702139438e+04 nan 4.696204821358784187e+01 3.219348477113586320e-25
1.788430832344948322e-94 3.140911618832240492e+04 3.140911618832240492e+04 5.296896335427695135e+01 8.736225362472042733e+00 3.203262083707268278e-25
1.389040572382625201e-43 3.141835922772904451e+04 3.141835922772904451e+04 2.186162796957652077e+01 3.223491789391296436e+00 3.219339409298475387e-25
1.337009626108905547e-25 3.142163110919516112e+04 3.142163110919516112e+04 1.478589529636027500e+01 1.702269774712337869e+00 3.222351184467537105e-25
2.065327908505330373e-17 3.141214276125366450e+04 3.141214276125366450e+04 8.044715716363244340e+00 1.981429693981409945e-01 3.201373627984122317e-25
3.411413235582894377e-12 3.141640325420043519e+04 3.141640325420043155e+04 5.728349892404726695e+00 6.755267434779458346e-01 3.211870056195876440e-25
2.536323504114153366e+03 2.873282427183800246e+04 2.619650076772385000e+04 4.496018364249761312e+00 -1.331647919915001366e-01 1.491119172432226125e-22
1.653596944466623972e+04 1.352542036201041810e+04 -3.010549082655821621e+03 1.107194099459128189e+01 2.740410198907246644e-02 9.208151978289757471e-22
2.435463083233515135e+04 4.891116787673788167e+03 -1.946351404466136228e+04 1.060606183340336273e+01 -5.635648391027437559e-02 1.413310335870564127e-21
2.618465006349849136e+04 2.855209991270522096e+03 -2.332944007222796790e+04 1.470274373859234984e+00 -5.560360804771376925e-02 1.540745243429087274e-21
2.663213079986775483e+04 2.352256730207538112e+03 -2.427987406966021808e+04 7.309530801895547825e+00 5.113420597837325249e-02 1.514995667094701728e-21
2.660998236154042024e+04 2.310953556162490713e+03 -2.429902880537792953e+04 9.765487569201715123e-01 1.168406790883195871e-02 1.540200208661137481e-21
2.667542652056103907e+04 2.284884527990139304e+03 -2.439054199257089931e+04 9.688038688726824388e-01 -5.295980308393679475e-02 1.523950369461048829e-21
2.663838160858960691e+04 2.299971687573539839e+03 -2.433840992101606753e+04 8.390745787986807480e-01 9.116196051813042767e-02 1.530817786854726770e-21
2.662675458544160938e+04 2.311683563084676734e+03 -2.431507102235693310e+04 7.022979129047911551e-01 -5.187504437789312514e-04 1.497129758008359461e-21
2.670834581047163738e+04 2.273412117069791293e+03 -2.443493369340184654e+04 7.895680347077752570e-01 -9.602292986846014747e-03 1.551411570886241892e-21
2.665157385553391578e+04 2.335041025350027667e+03 -2.431653283018388902e+04 8.719486519669339408e-01 -2.793812831509191394e-02 1.538798430971743630e-21
2.661342791960703835e+04 2.373720229333815951e+03 -2.423970769027322240e+04 1.819947138265596065e+00 -5.646335727195376554e-03 1.563065724659670332e-21
2.661195472379791681e+04 2.402756167662997996e+03 -2.420919855613491745e+04 1.135336407320221674e+00 -7.763650272778852002e-02 1.543493927345999335e-21
2.636034706627253036e+04 2.680404776693237636e+03 -2.367994228957929226e+04 1.850969595500206566e+00 9.911765648389581074e-02 1.533214847327879466e-21
2.609697452190298281e+04 2.936711988459130680e+03 -2.316026253344385259e+04 1.999252104581618283e+00 5.021375088419418459e-02 1.523223667861119503e-21
2.617652952564786756e+04 2.850232468982408591e+03 -2.332629705666545851e+04 2.404723096797649173e+00 -2.909033771067202814e-03 1.496145384680230301e-21
2.631846695417353840e+04 2.764735738309028420e+03 -2.355373121586451089e+04 2.533128009693242255e+00 -9.397588365686378176e-02 1.521815516940815029e-21
2.629284490075420399e+04 2.756108656022126979e+03 -2.353673624473207747e+04 2.979010817340544293e+00 -2.187023677563243104e-02 1.487624612069951422e-21
2.589487150316091720e+04 3.198349717797455469e+03 -2.269652178536346037e+04 2.651379210761050320e+00 -2.494852914295117574e-02 1.472958544449878562e-21
2.578313900274513435e+04 3.300429614327349555e+03 -2.248270938841778479e+04 4.524870851939970073e+00 -1.180077415654517820e-01 1.479016096882214732e-21
2.581051769843272268e+04 3.270718659506828772e+03 -2.253979903892589209e+04 2.488114367657742410e+00 -5.025798919026117778e-02 1.470057299620316597e-21
2.504240469483704146e+04 4.154698284174836772e+03 -2.088770641066220560e+04 2.941244248088390023e+00 1.462462087082207034e-02 1.452431135327288978e-21
2.447267307721852922e+04 4.821632111069807252e+03 -1.965104096614872105e+04 5.928630879476926907e+00 2.365611452022698194e-02 1.444227802200325441e-21
2.373701973917449504e+04 5.668076664391022859e+03 -1.806894307478347037e+04 5.410704138587983714e+00 -5.943297013238698495e-02 1.381019641133171261e-21
2.234212175304805351e+04 7.150333718773946202e+03 -1.519178803427410821e+04 3.911843039432775893e+00 6.340772298857978717e-02 1.241174832959526761e-21
