0.000000000000000000e+00 3.141260888084833277e+04 3.141260888084833277e+04 nan 3.629840351065756465e+01 3.199032329749632069e-25
1.980852016601898264e-94 3.141595182910017684e+04 3.141595182910017684e+04 5.192275278065233834e+01 7.587546810434756317e+00 3.210125283912044710e-25
1.500090366251740607e-43 3.141600880233095450e+04 3.141600880233095450e+04 2.313864246868365626e+01 3.021694897752165598e+00 3.208296217890797890e-25
1.077648683888703832e-25 3.140953983896887439e+04 3.140953983896887439e+04 1.370895263402542419e+01 1.277970896037290860e+00 3.193965434565794468e-25
2.128355669032003983e-17 3.141320699578286803e+04 3.141320699578286803e+04 8.070620666165764234e+00 -3.041542121119604203e-01 3.208094217923483700e-25
3.864611237772235253e-12 3.141473646540575646e+04 3.141473646540575282e+04 5.825529513403182591e+00 5.582850471134902515e-01 3.197530055678523490e-25
2.185447991211267436e+03 2.911152606553369333e+04 2.692607807432242407e+04 3.904298019781041518e+00 -1.845712818524614385e-01 1.255805265684418064e-22
1.577971477784074887e+04 1.441225848781688364e+04 -1.367456290023865222e+03 4.608663967895307856e+00 -4.297489969081280670e-02 8.983564179607391492e-22
2.453502794300026653e+04 4.679781299297294026e+03 -1.985524664370297251e+04 9.898679247083000732e+00 -4.409482784474374334e-02 1.392104810951538707e-21
2.609734076932768949e+04 2.944938331411780837e+03 -2.315240243791590910e+04 8.473260643108661228e+00 1.360591064609368017e-01 1.492610308693367707e-21
2.651131662448917996e+04 2.457374207597139048e+03 -2.405394241689204136e+04 5.755968966952939025e-01 8.561893753661752038e-02 1.473496631177162805e-21
2.669501211345845513e+04 2.264121699692146194e+03 -2.443089041376630848e+04 9.148139065799748559e-01 1.019342067710922277e-02 1.573124339010223176e-21
2.661226506838978457e+04 2.299089718290848850e+03 -2.431317535009893618e+04 7.124578435103948726e-01 2.419553190242395777e-02 1.550893811352200779e-21
2.667016045497454252e+04 2.281486456057516079e+03 -2.438867399891702735e+04 1.077308384930450336e+00 1.863312746612094672e-01 1.548261226487685762e-21
2.664836137189256624e+04 2.289996812094027518e+03 -2.435836455979853781e+04 7.806431237428484993e-01 1.503754439292705747e-01 1.518547354998625971e-21
2.668664231424109312e+04 2.267082439877763591e+03 -2.441955987436333089e+04 7.858961298436151210e-01 -9.840147300580791637e-03 1.535836094150108253e-21
2.663640994529237287e+04 2.345868392010140269e+03 -2.429054155328223351e+04 1.070987149920503700e+00 1.748747981188275846e-01 1.513915121862990849e-21
2.659842558914901019e+04 2.404553606151358508e+03 -2.419387198299765078e+04 1.236400482406120771e+00 1.968425309702571610e-02 1.529771208940427708e-21
2.651876830056360632e+04 2.435324476932604739e+03 -2.408344382363100158e+04 1.573505464291090838e+00 5.448633730108363299e-02 1.532163569169040669e-21
2.638059535313742163e+04 2.645543161176544345e+03 -2.373505219196087637e+04 2.680332842169633523e+00 8.682328363242210190e-02 1.534325299608713265e-21
2.617575577434917795e+04 2.876702847069688687e+03 -2.329905292727948836e+04 1.994361165668308011e+00 1.143608851920324687e-01 1.506692791058406923e-21
2.619636582767985237e+04 2.873334449787641915e+03 -2.332303137789221000e+04 2.081504843327565801e+00 8.781631171309352279e-02 1.544507043940814800e-21
2.606634601330192891e+04 2.988271880496612084e+03 -2.307807413280531546e+04 1.722315727677797170e+00 -3.186131808457472875e-02 1.551056785114232348e-21
2.581177599826664664e+04 3.252095424373263540e+03 -2.255968057389338355e+04 2.598648406558059065e+00 -1.596649600900957033e-01 1.494791804432229804e-21
2.607505549607744251e+04 3.002668472188533997e+03 -2.307238702388890670e+04 4.293305715332651040e+00 -3.502235741067039748e-02 1.530342195573752281e-21
2.593173790929708775e+04 3.153955668892854192e+03 -2.277778224040423447e+04 2.709521583807552592e+00 -1.158048300037026745e-01 1.461527945563153195e-21
2.545996261571763534e+04 3.699826273147497432e+03 -2.176013634257013837e+04 9.093494838035377725e+00 5.096586067108308665e-02 1.527556912023659517e-21
2.496486829855744509e+04 4.236857243609560101e+03 -2.072801105494788499e+04 2.847717968514061226e+00 9.465445232578111046e-02 1.513459578967996610e-21
2.441828993937909399e+04 4.828789401154924235e+03 -1.958950053822416885e+04 4.888385638895616836e+00 -8.469143072657296656e-02 1.446708813249852625e-21
2.381645316346634354e+04 5.538854487880290435e+03 -1.827759867558605401e+04 2.197587045215522839e+00 9.410259310597109128e-02 1.424030567415572717e-21
2.233400697326804220e+04 7.154785697481338502e+03 -1.517922127578670370e+04 5.376135452842613738e+00 7.658176805467821480e-02 1.291503450354556888e-21
