0.000000000000000000e+00 3.142335733141176388e+04 3.142335733141176388e+04 nan 3.300478886149863911e+01 3.218438790686408451e-25
1.844425190038123131e-94 3.141877814898599536e+04 3.141877814898599536e+04 4.818215265017268933e+01 7.541187625764045777e+00 3.224967310696255335e-25
1.587341091548424137e-43 3.142003059296672291e+04 3.142003059296672291e+04 2.478436071104437133e+01 3.371336101326889878e+00 3.229418647130274735e-25
1.066361445725575174e-25 3.141670036570017692e+04 3.141670036570017692e+04 1.219569736025354523e+01 1.149362078462089709e+00 3.212844626768395504e-25
1.940944281138904900e-17 3.142796917927369577e+04 3.142796917927369577e+04 8.338588348847734366e+00 2.276903689099604444e-01 3.253152775070011399e-25
9.030658461016179683e-13 3.141712351375434082e+04 3.141712351375434082e+04 5.615404241869200064e+00 4.928620101721692404e-01 3.205647735330833251e-25
2.182651856669363497e+03 2.908486020898459174e+04 2.690220835231522869e+04 4.604670622732740526e+00 -2.771145358025952077e-01 1.271572528346099338e-22
1.556227906239687582e+04 1.466533665302403278e+04 -8.969424093728430307e+02 1.239937297855975551e+01 -4.195550821569809380e-02 8.964551910679957062e-22
2.458426382683560587e+04 4.632620837416829090e+03 -1.995164298941877496e+04 1.242640941446792091e+01 2.059843627651792852e-01 1.429340651303003015e-21
2.609661093377461657e+04 2.978714814987733007e+03 -2.311789611878688447e+04 5.457799045377608849e+00 -2.395129023693831627e-02 1.439765665719642645e-21
2.659563258872221559e+04 2.392899915915178099e+03 -2.420273267280703658e+04 8.755248682079026068e+00 -2.351783171075402454e-02 1.545188606385138568e-21
2.669214409390553192e+04 2.275991339907444853e+03 -2.441615275399808888e+04 8.287909419211011430e-01 9.039916843608269970e-02 1.495088648085769469e-21
2.662397086764464621e+04 2.305271016481133302e+03 -2.431869985116351381e+04 9.160736796412165539e-01 5.580148696803024361e-02 1.469733798210980249e-21
2.671268119553161887e+04 2.258060565490762656e+03 -2.445462063004085576e+04 6.100930289350512403e-01 6.052476846203375116e-02 1.558750498924505041e-21
2.667215176749064995e+04 2.272140798693388660e+03 -2.440001096879726174e+04 7.610775584860043352e-01 1.391018469200874519e-01 1.544896004603865083e-21
2.670936250497378205e+04 2.254699222782917786e+03 -2.445466328219086427e+04 8.671295396374226749e-01 -1.107965485798011324e-01 1.491720313578812375e-21
2.661434302761000072e+04 2.336998668096318397e+03 -2.427734435951368141e+04 1.166415257936570304e+00 3.369562702968689066e-02 1.476572926970862303e-21
2.664392736879895529e+04 2.321940575840653764e+03 -2.432198679295830152e+04 1.122140293910941278e+00 5.730926309160974501e-03 1.502905610222605401e-21
2.658880778642954829e+04 2.437207681323374345e+03 -2.415160010510617576e+04 1.594164979723871056e+00 1.471181952836183582e-01 1.545412352956597234e-21
2.631047609040278257e+04 2.745616231623394469e+03 -2.356485985877938947e+04 3.434522985121899463e+00 3.180758283119532875e-02 1.536500886549118171e-21
2.624718906477015844e+04 2.772355457306309290e+03 -2.347483360746385006e+04 2.654614973991920923e+00 -2.318814135026337278e-02 1.519702537659143160e-21
2.622890002983438899e+04 2.841574546201949943e+03 -2.338732548363243768e+04 1.687698435096844918e+00 2.590863749798387183e-01 1.508292353370732416e-21
2.636272295331735586e+04 2.681504084558788236e+03 -2.368121886875856580e+04 1.639312665228302324e+00 1.098343535841093122e-01 1.565562050215802705e-21
2.593584171241909644e+04 3.097890331784431055e+03 -2.283795138063466584e+04 2.527786621329565886e+00 -3.075437336990291537e-02 1.501254294109003230e-21
2.572649065146268185e+04 3.395500766818763623e+03 -2.233098988464391732e+04 2.493792873745392491e+00 3.774329761505991476e-02 1.454063393302237862e-21
2.551547943022690379e+04 3.576129584366412473e+03 -2.193934984586049177e+04 5.533001289576414017e+00 1.436850859726285061e-02 1.508640821187895891e-21
2.562411754725167702e+04 3.482839509829813778e+03 -2.214127803742186370e+04 3.437557825508170239e+00 1.811547831167534478e-03 1.475454943494230458e-21
2.490245853964833077e+04 4.305526997476787983e+03 -2.059693154217154370e+04 3.287398046427027598e+00 2.115023275513622236e-02 1.443862186260516693e-21
2.413805484093246196e+04 5.153069592293593814e+03 -1.898498524863886996e+04 5.524975680866592853e+00 1.145016654994842065e-01 1.406323090066039750e-21
2.290536795078978321e+04 6.547633034756043344e+03 -1.635773491603373986e+04 4.198947660320823339e+00 -5.956414308105232452e-02 1.375295193065866005e-21
2.187621170573902782e+04 7.711160828083757224e+03 -1.416505087765527060e+04 3.272152050850313021e+00 -3.572623522117490680e-02 1.245928724211444266e-21
