0.000000000000000000e+00 3.141467640975652466e+04 3.141467640975652466e+04 nan 3.787295291913032003e+01 3.192946000162980541e-25
2.102038026972041401e-94 3.140855589081429571e+04 3.140855589081429571e+04 4.929838553409950208e+01 8.325841785960399477e+00 3.183539722744719218e-25
1.530502328468809529e-43 3.142439726546396196e+04 3.142439726546396196e+04 2.297855215763148706e+01 3.355909168675457632e+00 3.235629166427769055e-25
9.632426007132341527e-26 3.141541620786272324e+04 3.141541620786272324e+04 1.421075065675400140e+01 1.252699824411059870e+00 3.190297697388582455e-25
2.433772017282122717e-17 3.141483606475577108e+04 3.141483606475577108e+04 8.671187359983562715e+00 3.274801347098935111e-01 3.209107986930969272e-25
5.926863716415090443e-12 3.141398959808220388e+04 3.141398959808219661e+04 6.004349733124755950e+00 6.287848107865706693e-01 3.196116282760851286e-25
2.529790933303490874e+03 2.873933350637518015e+04 2.620954257307168882e+04 4.165511179546905751e+00 -3.332137849549987041e-01 2.190847417799844572e-22
1.631253252713137772e+04 1.381840399781505403e+04 -2.494128529316323693e+03 1.273006505538814714e+01 -1.095884228894329349e-01 1.568385515799483529e-21
2.413538496807867341e+04 5.122452327907741164e+03 -1.901293264017093315e+04 7.165313098890554677e+00 -1.441376765555008564e-02 2.437280269890283969e-21
2.599458576272760183e+04 2.999620972129635447e+03 -2.299496479059796548e+04 1.349119754773924562e+01 -3.934701554823314545e-02 2.577041866268412391e-21
2.670798341474014524e+04 2.274613047793660371e+03 -2.443337036694648486e+04 6.705312004630528122e-01 1.255626937020626810e-03 2.563755736909875215e-21
2.660711080378276529e+04 2.294740866194647879e+03 -2.431236993758811877e+04 1.288073579363146814e+00 6.717002053367658598e-02 2.541111685418489552e-21
2.665444446404468908e+04 2.274350411796338449e+03 -2.438009405224835064e+04 1.339568869645830107e+00 -8.658677927980000522e-02 2.543617827399508684e-21
2.665425571092885002e+04 2.299472651621052137e+03 -2.435478305930779607e+04 8.110034428286342356e-01 1.472113970850444375e-02 2.602313364438109005e-21
2.670255291048696381e+04 2.265681488373008506e+03 -2.443687142211395621e+04 7.529554327752913112e-01 -4.288797598350766599e-02 2.598815161658876458e-21
2.669417411562420239e+04 2.276319172940215140e+03 -2.441785494268398907e+04 1.066565667644261195e+00 4.643862472479381998e-02 2.657428220284940214e-21
2.665746811780951612e+04 2.308139142504484425e+03 -2.434932897530503033e+04 1.164791569415970285e+00 -3.687334827024724431e-04 2.594560843882776491e-21
2.655425992482098445e+04 2.414601965637388730e+03 -2.413965795918359436e+04 1.230415200666420628e+00 1.026284720208309326e-01 2.558940226446288997e-21
2.639317295457101136e+04 2.624996267463415734e+03 -2.376817668710759608e+04 3.149334504478346730e+00 1.187202886949860203e-01 2.499294054422551058e-21
2.646436682726934669e+04 2.551865715738196286e+03 -2.391250111153114995e+04 2.628837359743737778e+00 -9.562590300034572166e-02 2.712837685061881833e-21
2.633134747857104230e+04 2.659606231172700518e+03 -2.367174124739834224e+04 4.545831349051202785e+00 1.672615496645377675e-01 2.663940347038484122e-21
2.608991391489680609e+04 2.961607526036739273e+03 -2.312830638886006636e+04 1.520686781782569552e+00 1.184554251526780261e-01 2.730975116385519162e-21
2.615609096186864917e+04 2.861951708631884230e+03 -2.329413925323676449e+04 1.430548140751994657e+00 7.770353391011226851e-02 2.646515842675120762e-21
2.619484385674114310e+04 2.886649305589512096e+03 -2.330819455115163146e+04 1.482743596561040711e+00 -8.129285334377317485e-02 2.671007876760372114e-21
2.584983990993296902e+04 3.209931961046562265e+03 -2.263990794888640812e+04 2.590120639078214548e+00 2.887117540823070858e-02 2.598253446204212791e-21
2.567778011251276621e+04 3.430314798493703620e+03 -2.224746531401906395e+04 2.274793586331066209e+00 5.078306602491786809e-02 2.583262069483154843e-21
2.527357183695450658e+04 3.877539179844900900e+03 -2.139603265710960477e+04 3.856546282689622185e+00 -1.214042175732247680e-01 2.537580517370693636e-21
2.483221372426312882e+04 4.393474232267595653e+03 -2.043873949199553317e+04 2.229721360409613329e+00 5.112709983675468167e-02 2.371602881368709628e-21
2.437021824603252753e+04 4.899551392238931840e+03 -1.947066685379359478e+04 4.180373589289184899e+00 3.728702253957564411e-02 2.336374577048036450e-21
2.325587083650266140e+04 6.162238607317357491e+03 -1.709363222918530300e+04 3.585419228635339461e+00 2.748270871031453441e-02 2.194727220396833628e-21
2.205489068600008250e+04 7.446127137042475624e+03 -1.460876354895760596e+04 4.355963891610618255e+00 -1.388958099413208080e-01 2.143236339186548112e-21
