0.000000000000000000e+00 3.142064178118665586e+04 3.142064178118665586e+04 nan 3.756959134379287235e+01 3.222957316319833144e-25
2.247746588539877921e-94 3.141962632387038320e+04 3.141962632387038320e+04 4.925789982586161386e+01 8.712402732439285202e+00 3.208113678318674890e-25
1.524884457640550375e-43 3.141800499676066465e+04 3.141800499676066465e+04 2.260202217004456671e+01 3.394266238940859548e+00 3.207437323421141443e-25
1.321406966033219533e-25 3.141721095640907515e+04 3.141721095640907515e+04 1.315582806371618041e+01 1.660903551439441017e+00 3.222203079340384471e-25
2.341615864521979213e-17 3.141148778472394770e+04 3.141148778472394770e+04 8.666996822915530529e+00 2.621527724299936666e-03 3.191241542305559238e-25
3.962515302844530012e-12 3.141380269816601867e+04 3.141380269816601503e+04 5.741826945882955613e+00 7.386326899201017815e-01 3.204222426437998287e-25
2.073241251605495563e+03 2.920422503048313956e+04 2.713098377887764218e+04 4.181205771060516163e+00 -2.615977999957145861e-01 1.136310002989606613e-22
1.645467117264712942e+04 1.362661360067316673e+04 -2.828057571973962695e+03 9.015509783501769903e+00 -1.445657962518597517e-01 9.019226893635307576e-22
2.426708155855502628e+04 4.938361908124646106e+03 -1.932871965043037926e+04 8.607461409726340662e+00 4.308178791896965371e-02 1.391178379245586276e-21
2.621091425850872838e+04 2.782583573613900626e+03 -2.342833068489482685e+04 3.560903161483039536e+00 1.271085004027789900e-01 1.489993240747364153e-21
2.658784574213672386e+04 2.403098383189423203e+03 -2.418474735894730111e+04 7.916331006310809437e-01 1.029028209400183885e-01 1.493840337059997753e-21
2.665533088256824340e+04 2.293644952439934968e+03 -2.436168593012830752e+04 5.910744389868136217e+00 4.003851219568499431e-02 1.558847138532308287e-21
2.665454171113379198e+04 2.288497272957205951e+03 -2.436604443817658466e+04 9.094861191365043451e-01 4.224828538099418412e-02 1.535449687243481445e-21
2.668340277972920740e+04 2.266910730776141918e+03 -2.441649204895306684e+04 9.564295415629217034e-01 -7.440777529458826589e-02 1.497974422362118433e-21
2.674100732158939718e+04 2.274700016200924438e+03 -2.446630730538847274e+04 8.315982509442111370e-01 -1.156281050918286750e-02 1.510001202004035311e-21
2.678256752356998913e+04 2.232878487286939162e+03 -2.454968903628304906e+04 9.347744853519323049e-01 3.605317284244224929e-02 1.560515749013433861e-21
2.658960328559235495e+04 2.357886576678634356e+03 -2.423171670891372196e+04 9.634640388888762175e-01 4.191494794270810703e-02 1.498196589297313864e-21
2.655434256026127696e+04 2.439960867681054424e+03 -2.411438169258022390e+04 3.936402423712969334e+00 7.758642818063123114e-02 1.545819761285424765e-21
2.660378713983401758e+04 2.423313760182175884e+03 -2.418047337965184124e+04 1.849581129629767728e+00 1.575178169904419001e-02 1.544041860868394917e-21
2.626724938697065227e+04 2.741297812264758250e+03 -2.352595157470589402e+04 2.775864141298463039e+00 1.674901818245433729e-02 1.511422825482699252e-21
2.648073475652642082e+04 2.512449756114206139e+03 -2.396828500041221560e+04 2.243516571523991754e+00 -3.476520884608133577e-02 1.527538935693148671e-21
2.632004277009700309e+04 2.658949604672848636e+03 -2.366109316542415399e+04 2.115050853820724885e+00 -1.961282612073986589e-02 1.506599560635815409e-21
2.631615029948494339e+04 2.717452227047487213e+03 -2.359869807243745527e+04 3.050887872310822146e+00 6.029139404305590942e-03 1.576845364227904931e-21
2.605616884977902373e+04 2.952461973886290707e+03 -2.310370687589273439e+04 3.073644700272217367e+00 -1.215776605001074873e-01 1.503971953912924879e-21
2.574374818001067615e+04 3.309303309039390570e+03 -2.243444487097128513e+04 5.344736497374619866e+00 1.725420222516987553e-02 1.490936961060993651e-21
2.584285719707158569e+04 3.255633157496474723e+03 -2.258722403957511051e+04 3.008815529168224145e+00 -3.933857822489653100e-02 1.512504469638291235e-21
2.541063320094850860e+04 3.706614946577371938e+03 -2.170401825437113803e+04 3.454650194633448024e+00 -7.947829442906957642e-02 1.503602169619809121e-21
2.548212976139451348e+04 3.644168197343788961e+03 -2.183796156405072543e+04 1.918424033650612870e+00 3.355813742127472521e-02 1.488224936798350854e-21
2.397869577359300820e+04 5.335962251607266808e+03 -1.864273352198574139e+04 3.381925479036518301e+00 6.219007179146474919e-03 1.366952478101907418e-21
2.336775492307650347e+04 6.097743239581115631e+03 -1.727001168349538784e+04 2.204950052825273676e+00 5.830381414836899312e-02 1.366637938233622359e-21
2.247301617731368242e+04 7.066084343846279808e+03 -1.540693183346740261e+04 4.086204762685074598e+00 6.719084157589001738e-02 1.255130911674438007e-21
