0.000000000000000000e+00 3.141217006626871807e+04 3.141217006626871807e+04 nan 3.592598875400133096e+01 3.213631528397102825e-25
2.075932409558499341e-94 3.141805462695460665e+04 3.141805462695460665e+04 5.690689023010468617e+01 8.363493362957255428e+00 3.209871458066030739e-25
1.726830715480114053e-43 3.142149799262418674e+04 3.142149799262418674e+04 2.441778456691070787e+01 3.288899543508921663e+00 3.232202926456904718e-25
1.144842160705407578e-25 3.141513774734224717e+04 3.141513774734224717e+04 1.195809674345363760e+01 1.752439831342857302e+00 3.211375141752055130e-25
1.975720084199142204e-17 3.141545477503562870e+04 3.141545477503562870e+04 7.605759833549974758e+00 1.648342060831533284e-01 3.215274129716445205e-25
2.884072551255658662e-12 3.141687286897662125e+04 3.141687286897661761e+04 5.590810708712453447e+00 5.094346232157560550e-01 3.208905543266618015e-25
2.621534144949618167e+03 2.862793483915426623e+04 2.600640069420464715e+04 4.025785233958504072e+00 -8.311331784016862123e-02 1.441786077302239944e-22
1.664706877954418815e+04 1.346977997631556173e+04 -3.177288803228626421e+03 1.160288287827274267e+01 2.462775297454482606e-02 9.210795873824926563e-22
2.430493502084250576e+04 4.982232830484141232e+03 -1.932270219035836635e+04 1.270045395980150182e+01 5.530297966649459079e-02 1.362025518016979887e-21
2.590890780060692850e+04 3.087671804110037101e+03 -2.282123599649689277e+04 5.367476106466217978e+00 -1.154303039363169074e-02 1.471288684497406262e-21
2.646091464947153145e+04 2.523339363899386626e+03 -2.393757528557214391e+04 5.133179246054375255e+00 1.894325109000951496e-02 1.463516508675213135e-21
2.657904764591626736e+04 2.366719995016113899e+03 -2.421232765090015164e+04 4.622715658669878103e+00 3.016004647284583132e-02 1.511642901683494856e-21
2.670027905766298136e+04 2.262279016178177699e+03 -2.443800004148480366e+04 1.053111847031733328e+00 -4.651581570669096471e-02 1.552276151931379018e-21
2.666795477850798852e+04 2.262644395704353883e+03 -2.440531038280363282e+04 6.439233673888589138e-01 -1.644259755340995721e-01 1.518211657444814854e-21
2.673889829911699417e+04 2.256370942734729397e+03 -2.448252735638226295e+04 1.049087916447453583e+00 9.166430812767727143e-02 1.528392191757024880e-21
2.665130324153916081e+04 2.309428972215461272e+03 -2.434187426932369999e+04 7.215305097292463721e-01 1.144811434555368379e-01 1.509356356869634120e-21
2.658668052504620209e+04 2.385044817182506449e+03 -2.420163570786369382e+04 1.316191424472983096e+00 -5.772052723060282914e-02 1.517901220134189048e-21
2.668275364443970102e+04 2.296538689684441579e+03 -2.438621495475525808e+04 9.279669294941244040e-01 7.362526737841666551e-03 1.522331994938955490e-21
2.642841107736088452e+04 2.555584948799547874e+03 -2.387282612856133710e+04 3.347993092592611131e+00 2.680606543959406299e-02 1.516306005235170245e-21
2.634756543681195762e+04 2.687802626970259098e+03 -2.365976280984169716e+04 2.250829886766426480e+00 1.401675467695556732e-01 1.583009436898965189e-21
2.624258614479042444e+04 2.788376842903318447e+03 -2.345420930188710554e+04 1.697331786801437259e+00 1.009330164283526593e-01 1.520978482701302192e-21
2.625909613260729020e+04 2.757870767084526960e+03 -2.350122536552276142e+04 2.307621846423541623e+00 -9.111491009142906605e-02 1.564151918044579201e-21
2.616040844240456499e+04 2.846705336953655660e+03 -2.331370310545090979e+04 1.467385928354491442e+00 1.093258500404054451e-01 1.547161814713053898e-21
2.603139221601283498e+04 3.018050825895710204e+03 -2.301334139011712614e+04 3.128026579328575085e+00 3.721701637363059728e-02 1.520559434830934526e-21
2.603915840031846892e+04 3.025430220121656021e+03 -2.301372818019681290e+04 2.744408932284274627e+00 -1.099012656852622061e-01 1.560658215451000071e-21
2.554604128457753541e+04 3.542137516416493327e+03 -2.200390376816104254e+04 2.745208935134906270e+00 -1.713119005413275484e-02 1.456014739920392791e-21
2.521192063048147611e+04 3.882216153759325607e+03 -2.132970447672215232e+04 3.081404088079751968e+00 -5.228045191037911793e-02 1.451131372849283619e-21
2.478966913279469372e+04 4.429351894594911755e+03 -2.036031723819978288e+04 2.347107192756007432e+00 -1.394387665451039295e-02 1.474347679382052779e-21
2.454998497845459133e+04 4.670006590645921278e+03 -1.987997838780867096e+04 2.782812389039081236e+00 -1.167475023302783077e-01 1.426223639525307265e-21
2.352429289539431920e+04 5.913250895585440958e+03 -1.761104199980887643e+04 3.138104633801297894e+00 7.587276372949412762e-02 1.336433122047384489e-21
2.279147806819934340e+04 6.674511835275167869e+03 -1.611696623292417644e+04 4.699518063883142638e+00 1.988847545988014706e-02 1.261941700889671812e-21
