0.000000000000000000e+00 3.140915954447173863e+04 3.140915954447173863e+04 nan 3.456124565040993701e+01 3.204685888534682864e-25
1.701776694322956297e-94 3.142536902693840966e+04 3.142536902693840966e+04 5.286195870295528465e+01 7.543984811174870408e+00 3.243529878840960722e-25
1.743541450307005588e-43 3.141687547848380564e+04 3.141687547848380564e+04 2.610831065057523759e+01 3.649541015258007448e+00 3.220068104890935973e-25
1.138359167157713308e-25 3.140983536462604025e+04 3.140983536462604025e+04 1.289215988621440623e+01 1.719618246842432585e+00 3.201127496672895380e-25
2.053635328529653011e-17 3.141967196765011977e+04 3.141967196765011977e+04 8.088192219634306568e+00 1.262489768481443175e-01 3.228867757089017953e-25
8.639654160670241170e-13 3.140875037934115608e+04 3.140875037934115608e+04 6.013100426201730464e+00 5.862766590401721212e-01 3.190186446574799521e-25
2.766016069624261945e+03 2.847104916615459297e+04 2.570503309653032920e+04 3.963979496839142858e+00 -1.802009269166617578e-01 1.522710199454876274e-22
1.601571277435742377e+04 1.414484329047474967e+04 -1.870869483882674103e+03 1.148071574575620524e+01 7.708499501868222581e-02 8.872494194224259830e-22
2.389027837977725721e+04 5.407541778854299992e+03 -1.848273660092295904e+04 1.465549211056134027e+01 2.878791651067937399e-02 1.347327310707960532e-21
2.626364801516587613e+04 2.757655309675423723e+03 -2.350599270549045104e+04 1.166046647269005554e+01 1.292689458389547352e-01 1.507398523799462614e-21
2.651964523132226532e+04 2.454672566001317591e+03 -2.406497266532094727e+04 9.364209139851730868e+00 -5.147611678571872851e-02 1.496905870630109865e-21
2.667850678379065721e+04 2.299627205679490089e+03 -2.437887957811116576e+04 3.846805808636306612e+00 1.392576224786146177e-01 1.525798598449097674e-21
2.661996575559714984e+04 2.320666384927011677e+03 -2.429929937067013816e+04 3.832839439189712039e+00 3.916371868554664043e-02 1.504388252100370510e-21
2.668437791583703438e+04 2.271453085629239922e+03 -2.441292483020779400e+04 8.801318301118904452e-01 1.297998224138878498e-02 1.512432395240970347e-21
2.667345977307620342e+04 2.292649323044133325e+03 -2.438081045003206964e+04 9.148707966553221160e-01 1.062225084976340349e-02 1.530462140333403618e-21
2.664562051336681179e+04 2.279693283393144611e+03 -2.436592722997366582e+04 9.069503531877147751e-01 -3.230602984427855673e-05 1.519209381033673943e-21
2.666849042336617276e+04 2.322321237984069739e+03 -2.434616918538210302e+04 1.074060956044336823e+00 1.399218637290946532e-01 1.527218097674286700e-21
2.661268795658836461e+04 2.379779490059168893e+03 -2.423290846652919572e+04 5.298839510096374106e+00 -6.120502728368083095e-02 1.549290280189417367e-21
2.652790663304220652e+04 2.491689947630955885e+03 -2.403621668541125109e+04 1.526498517627196350e+00 -4.654581337568550019e-03 1.550677640988479185e-21
2.637917012384317786e+04 2.641253787252793245e+03 -2.373791633659038416e+04 3.671205021324976059e+00 -1.004949342055674738e-01 1.560903299408240702e-21
2.623094891023597665e+04 2.792502510884606181e+03 -2.343844639935137093e+04 2.251611453686298336e+00 3.482721321059605024e-02 1.520485536481729019e-21
2.615837418436559892e+04 2.928033555310041720e+03 -2.323034062905555766e+04 5.953062153189378591e+00 -9.400450715852293193e-02 1.534950492322374119e-21
2.591284739277481276e+04 3.124700498108302327e+03 -2.278814689466651180e+04 2.627467086943330088e+00 2.586455820306440834e-02 1.511965822301025398e-21
2.620948354882107742e+04 2.821732153831053438e+03 -2.338775139499002398e+04 1.229799890535588469e+00 8.118220417911263531e-02 1.527394012391180074e-21
2.592541463762919739e+04 3.154434039501458756e+03 -2.277098059812773863e+04 2.506033201685654799e+00 5.615752922955991044e-02 1.493682301419085785e-21
2.581760325506019944e+04 3.270154316460161226e+03 -2.254744893860003867e+04 1.706965822988522063e+00 -5.375244284134671896e-03 1.528539668048336924e-21
2.521381946699184482e+04 3.875744783025967990e+03 -2.133807468396587501e+04 3.921696778304531339e+00 2.049533597031526488e-01 1.416801032769873599e-21
2.473322879700749036e+04 4.521447964640095961e+03 -2.021178083236739621e+04 2.924018853382337912e+00 6.057605657504263469e-02 1.435136629715561121e-21
2.449053717863556813e+04 4.779850873473182219e+03 -1.971068630516238773e+04 2.008711097966160875e+00 -8.303384233183959406e-02 1.422308443327371785e-21
2.368647176862247215e+04 5.735942400592275590e+03 -1.795052936803019838e+04 5.748529143225763249e+00 2.797762621335106795e-02 1.377660467589425230e-21
2.227873149832410127e+04 7.264949595424499421e+03 -1.501378190289960185e+04 3.545855236976807490e+00 7.103936169972298320e-02 1.287850626721239309e-21
