0.000000000000000000e+00 3.141094776382625059e+04 3.141094776382625059e+04 nan 3.606542143900833963e+01 3.204503669772582711e-25
2.120921541075844250e-94 3.141613319085441617e+04 3.141613319085441617e+04 4.784027778413886978e+01 7.113804890610936127e+00 3.205281613694854785e-25
1.926382116342330971e-43 3.141744832316210886e+04 3.141744832316210886e+04 2.225106060708993994e+01 3.783884182722305756e+00 3.216316172655746657e-25
1.050695282931720871e-25 3.141613679142402179e+04 3.141613679142402179e+04 1.387612812116857519e+01 1.188260639211035530e+00 3.210008187680357361e-25
2.395057465046149928e-17 3.140902089517652348e+04 3.140902089517652348e+04 8.378197250234302729e+00 3.321331439882324044e-01 3.195815210430298681e-25
4.315968738306358031e-12 3.141906201983580831e+04 3.141906201983580468e+04 5.970899436756411660e+00 6.157348789283854096e-01 3.220955966651628919e-25
2.388931166809426486e+03 2.885092654234931979e+04 2.646199537553989285e+04 3.756369115918184676e+00 -1.244720089278479186e-01 2.022123503039850523e-22
1.645027059631374141e+04 1.367071078622753157e+04 -2.779559810086209836e+03 1.193886746199807369e+01 -1.268111226547367354e-01 1.547478807423950487e-21
2.410635255525985485e+04 5.168360061916901032e+03 -1.893799249334295382e+04 9.381188013133469283e+00 -3.849892484974928170e-02 2.367572886418499229e-21
2.637273832628121090e+04 2.661330705773467798e+03 -2.371140762050774356e+04 3.136467517065715693e+00 -1.113147025793706085e-01 2.486118301026034502e-21
2.661079678949216759e+04 2.360335802980421249e+03 -2.425046098651174543e+04 7.986463194293970114e-01 -8.737613525308700335e-02 2.539363297175425079e-21
2.668372541532213290e+04 2.282293258009189231e+03 -2.440143215731294185e+04 1.550802757163054046e+00 4.335699077261248591e-02 2.587855167091232834e-21
2.668757679497689242e+04 2.264009503850338660e+03 -2.442356729112655376e+04 1.051727774006239846e+00 -7.203929882147379858e-03 2.591043448960425987e-21
2.662465153009019559e+04 2.310967705765796836e+03 -2.431368382432439830e+04 1.368432619941883921e+00 -3.182950320143158179e-02 2.530961167344485102e-21
2.671117363875644878e+04 2.278922655315176598e+03 -2.443225098344127036e+04 8.443977925487220482e-01 -1.003515056214716004e-02 2.621077486208017818e-21
2.672953521538800851e+04 2.264911714013119763e+03 -2.446462350137488829e+04 8.904219419456832485e-01 6.932532229084985287e-02 2.589503418546478299e-21
2.665750635554794644e+04 2.318777713089117697e+03 -2.433872864245882738e+04 2.328776585894764217e+00 -4.733093972450650583e-02 2.704781532877299987e-21
2.664707772682320137e+04 2.355805444326375437e+03 -2.429127228249682594e+04 1.407560575895020039e+00 -1.081045316101132518e-02 2.659743506063641177e-21
2.645829660492260155e+04 2.544424688032152062e+03 -2.391387191689044994e+04 1.453560146240198359e+00 -1.458376096893619460e-02 2.610161255192599220e-21
2.636686896704285391e+04 2.636646004064994941e+03 -2.373022296297785942e+04 3.334473438265018075e+00 -6.650045213800739874e-02 2.688383943446484341e-21
2.621571623242532951e+04 2.845024661049293627e+03 -2.337069157137603543e+04 2.232019252485863969e+00 6.943672705904012366e-02 2.578530653002501171e-21
2.594491042142299921e+04 3.101707064648712731e+03 -2.284320335677428739e+04 3.238810378007864088e+00 2.016079109474018874e-02 2.582243156161803046e-21
2.616869909363690022e+04 2.909610348542547399e+03 -2.325908874509435191e+04 2.657835207555242274e+00 -2.829291726209838195e-02 2.571209493897964326e-21
2.590294356984317346e+04 3.185156755418404828e+03 -2.271778681442476955e+04 2.152040810293883943e+00 2.556456234452053611e-02 2.534272871899135706e-21
2.594702428987423991e+04 3.186439786436814757e+03 -2.276058450343742516e+04 4.596016063502458060e+00 1.265119983587104924e-01 2.493942885312295611e-21
2.560001687623292673e+04 3.560511127270339784e+03 -2.203950574896258695e+04 3.578318354654394184e+00 -6.384808745539354013e-02 2.530816520192179628e-21
2.553392858063217500e+04 3.623652771777834914e+03 -2.191027580885434145e+04 2.472675537462768691e+00 1.478771620678351606e-01 2.495934475067422435e-21
2.511288508400296996e+04 4.099314663207382182e+03 -2.101357042079558596e+04 2.231309845055252872e+00 -7.447296007965561321e-03 2.584137120109922720e-21
2.383106518294472698e+04 5.488537044857744149e+03 -1.834252813808698193e+04 3.798395879709649758e+00 2.423005204796670718e-03 2.355792886871699365e-21
2.295610130184169975e+04 6.471667766527924869e+03 -1.648443353531377579e+04 3.178349670300210317e+00 -4.738694745010039316e-02 2.165112728608935258e-21
2.196891371319434256e+04 7.558805477834384874e+03 -1.441010823535995769e+04 3.144392555860655136e+00 1.426362893920645435e-02 2.008121710766788654e-21
