0.000000000000000000e+00 3.141139548919968729e+04 3.141139548919968729e+04 nan 5.134448481163563116e+01 3.199466764454244065e-25
2.500035836778474557e-94 3.141036000862127185e+04 3.141036000862127185e+04 5.142046786345211018e+01 1.258793744835573669e+01 3.206714755364961769e-25
1.586124390913543750e-43 3.140905616769823610e+04 3.140905616769823610e+04 2.367199044840735667e+01 3.355909016151814139e+00 3.202154804965280949e-25
1.150201659780215130e-25 3.141827441285870009e+04 3.141827441285870009e+04 1.360626988288682782e+01 1.698738168389590797e+00 3.216942923035831153e-25
1.615739959939627325e-17 3.142293770055457207e+04 3.142293770055457207e+04 8.407268407336019322e+00 -3.333138815982710779e-01 3.245256325339661173e-25
6.052109467868666567e-12 3.141818127341769650e+04 3.141818127341768923e+04 6.453077714891811922e+00 7.238980623736104292e-01 3.210931972919297811e-25
2.425793070605911453e+03 2.881980198299357653e+04 2.639400891238766417e+04 3.741812574410811276e+00 -3.779506261303668957e-01 1.250093757396463195e-22
1.549607245607732148e+04 1.473532169496686402e+04 -7.607507611104574607e+02 1.771345628858827226e+01 -1.773565851351747991e-02 8.984522119760049876e-22
2.393960843367510824e+04 5.346669519154673253e+03 -1.859293891452043317e+04 5.428282299369254993e+00 2.130266236294360831e-03 1.383919597058914856e-21
2.626063974884514755e+04 2.763627492608695775e+03 -2.349701225623645223e+04 1.080405537366974578e+01 9.564764873482593799e-02 1.489225240407756549e-21
2.659997589437009810e+04 2.395475279912286624e+03 -2.420450061445781103e+04 6.112555455635503954e+00 1.834696746742029705e-01 1.514905695697881554e-21
2.661332357318896538e+04 2.335387454755897579e+03 -2.427793611843306644e+04 7.601346888092909149e-01 -6.499538469766710791e-04 1.542374362386481622e-21
2.657596168495465099e+04 2.339593451903953792e+03 -2.423636823305069629e+04 4.463653970822026196e+00 1.359620566822295762e-01 1.521963318021465786e-21
2.665053889162885753e+04 2.290356258728329522e+03 -2.436018263290052710e+04 6.893863658596944832e-01 -1.948984448233669342e-01 1.491950340547652622e-21
2.666911411656556083e+04 2.274858930280098775e+03 -2.439425518628546342e+04 1.130125371396332845e+00 -7.494823118514830351e-02 1.524834022302284622e-21
2.665519646350818948e+04 2.295249989618240306e+03 -2.435994647388994781e+04 1.050565357806789502e+00 7.644745912735996518e-02 1.559333308730068189e-21
2.666584631041023749e+04 2.333968260473431656e+03 -2.433187804993680766e+04 6.339686806582973677e-01 -1.004295840279728208e-01 1.513217819785026657e-21
2.653175497919852569e+04 2.423971022764761074e+03 -2.410778395643376280e+04 1.854819957737173786e+00 1.980938085884135502e-01 1.533930171653584237e-21
2.644067214538789995e+04 2.557456661611468007e+03 -2.388321548377643194e+04 1.613783304667875562e+00 9.439371131840050555e-02 1.533073802879473124e-21
2.633467100012542505e+04 2.646928902249776002e+03 -2.368774209787564905e+04 1.407170235124031832e+00 -2.768119572561214201e-02 1.485114044384308512e-21
2.647662399837498742e+04 2.541960514640662041e+03 -2.393466348373432629e+04 1.163221267178519591e+00 -7.586756193661466086e-02 1.591015605105365387e-21
2.632410887128739341e+04 2.687330552964238450e+03 -2.363677831832315496e+04 2.374370321151422214e+00 6.055382195931238026e-03 1.559858533618137893e-21
2.599195652348254225e+04 2.987857156012179075e+03 -2.300409936747036409e+04 4.053954898762103021e+00 -7.860143844499889454e-02 1.489037897926977169e-21
2.623422930597044615e+04 2.811492367061848654e+03 -2.342273693890859795e+04 1.753393235734398869e+00 -5.799419107428740311e-02 1.513736281833585378e-21
2.596865546547384656e+04 3.096042067323462106e+03 -2.287261339815038446e+04 6.905207217000903341e+00 2.070922893032164092e-01 1.468649785944298985e-21
2.548248437568490772e+04 3.614470064107942562e+03 -2.186801431157696425e+04 2.739180297540608766e+00 -4.867617248041270113e-03 1.419811988637225124e-21
2.544619713341520037e+04 3.670404756259464648e+03 -2.177579237715573618e+04 2.775813812089621191e+00 -8.720954747258224948e-02 1.488189266561079781e-21
2.522937748009118150e+04 3.953276533736834153e+03 -2.127610094635434871e+04 2.236897321223466850e+00 -4.944654870784678108e-02 1.482847546027511198e-21
2.452290575976995387e+04 4.643385934391576484e+03 -1.987951982537837830e+04 1.992701118122596426e+00 -6.074613538243273797e-02 1.400692099448098472e-21
2.332622283396638522e+04 6.044039858132912741e+03 -1.728218297583347157e+04 3.044524768384354818e+00 -1.293609251021128614e-01 1.380698319883945661e-21
2.241464746219338485e+04 7.117236814838073769e+03 -1.529741064735531108e+04 5.810341688655760173e+00 1.580692932441235821e-01 1.271122547272095323e-21
