0.000000000000000000e+00 3.141255841458205396e+04 3.141255841458205396e+04 nan 3.756959134379287235e+01 3.203971879697858128e-25
1.883559437884842232e-94 3.141928638075793060e+04 3.141928638075793060e+04 4.895942268088855798e+01 7.531601137946306146e+00 3.217182202782259669e-25
1.766920649817428962e-43 3.141704625772327563e+04 3.141704625772327563e+04 2.247925334629022132e+01 5.228322894509773278e+00 3.215523725150464607e-25
1.091646566857773110e-25 3.142223009992445441e+04 3.142223009992445441e+04 1.289787710670766607e+01 1.326242773342628745e+00 3.224838320392359484e-25
2.430702033483677638e-17 3.141748985187454673e+04 3.141748985187454673e+04 8.404593963797204026e+00 1.313159552057034385e-01 3.214394280683373100e-25
5.735958980370726542e-12 3.141264045158856970e+04 3.141264045158856243e+04 6.023475144465915143e+00 6.459609821028724497e-01 3.204132568759098989e-25
1.914871039877350995e+03 2.937844955041655703e+04 2.746357851053920604e+04 4.177584897388032736e+00 -3.669879697636126425e-01 1.713087927647888977e-22
1.654650755789009418e+04 1.352765889042574781e+04 -3.018848667464346363e+03 1.123782844853551666e+01 -5.744424505150969029e-02 1.594494765498622566e-21
2.441824559412880262e+04 4.801990759315051037e+03 -1.961625483481374977e+04 1.319584808123231312e+01 1.146505491655977656e-02 2.508039482662997178e-21
2.605856687413007239e+04 3.007684087330286275e+03 -2.305088278679978612e+04 6.653538758319988311e+00 -3.008418394035367385e-04 2.597242989647912698e-21
2.643491817523327700e+04 2.539500431858649790e+03 -2.389541774337462630e+04 1.186743934548655943e+01 7.016204958526563173e-02 2.466971594505165261e-21
2.667920239131850394e+04 2.283045562656538550e+03 -2.439615682866196585e+04 8.175103923621134250e-01 5.765457935962495922e-02 2.717989268037095533e-21
2.664384477782682370e+04 2.289473859667928082e+03 -2.435437091815889653e+04 4.515896475891510442e-01 5.929427023843306804e-02 2.516504686342288125e-21
2.669485612238792964e+04 2.276379228079784752e+03 -2.441847689430814353e+04 1.179228403861503738e+00 1.005749758083132744e-01 2.585308075737699653e-21
2.663401219002056678e+04 2.276813031463608240e+03 -2.435719915855695945e+04 8.171043225561583911e-01 -1.218726490273130958e-01 2.458826850728830968e-21
2.667107633241473013e+04 2.256452734975199292e+03 -2.441462359743953130e+04 9.827825847876763277e-01 -2.151436869666307691e-02 2.704403664440606096e-21
2.666496098600895129e+04 2.280677757473408292e+03 -2.438428322853554346e+04 6.917820295707860501e-01 4.974173351988358388e-02 2.646714274183544378e-21
2.665148447561607463e+04 2.358890780297604579e+03 -2.429259369531847187e+04 1.314733025283115753e+00 3.738420743326379553e-02 2.511704322585019667e-21
2.647170553575537633e+04 2.533269524538663973e+03 -2.393843601121671236e+04 1.922730322299387895e+00 2.487685119001943959e-02 2.593164899812755756e-21
2.622745937753271573e+04 2.840453529040659760e+03 -2.338700584849205552e+04 3.841025748698454922e+00 7.119264240379913344e-02 2.520608537454834714e-21
2.608568351568324579e+04 2.939901012116726633e+03 -2.314578250356651915e+04 2.831419870899170466e+00 7.244277763074180587e-02 2.605465155907729767e-21
2.642206493511715598e+04 2.599519064251597683e+03 -2.382254587086555694e+04 1.722546760783640662e+00 1.164484002179611011e-01 2.703742184641379256e-21
2.605292493307123004e+04 2.988864732583028399e+03 -2.306406020048820210e+04 1.629300400884407418e+00 -9.451386661245092524e-02 2.508915625352947296e-21
2.598365834107764022e+04 3.040464398535903911e+03 -2.294319394254173676e+04 1.782640686398575758e+00 -2.879733977684130128e-02 2.462826623956991886e-21
2.606599894249965655e+04 2.963935931280866043e+03 -2.310206301121879005e+04 3.281464808391130195e+00 3.898957321267620957e-02 2.607203795152554590e-21
2.565320448310453139e+04 3.475426800946842377e+03 -2.217777768215768810e+04 2.772031055821237544e+00 -3.348755897750606975e-02 2.509281813967795551e-21
2.527520204430023659e+04 3.856190646609854866e+03 -2.141901139769038127e+04 2.422710140790597322e+00 -2.859916948598278594e-02 2.487676803429659552e-21
2.497115929104607130e+04 4.230655723769349606e+03 -2.074050356727672261e+04 2.853428518309614415e+00 -6.493382271124970018e-02 2.492696728376428584e-21
2.423598017734178939e+04 5.087986024045838349e+03 -1.914799415329594922e+04 2.510032332514263942e+00 1.496132196219809030e-01 2.480988250858118168e-21
2.300098334738789345e+04 6.445717229621104707e+03 -1.655526611776679056e+04 4.137247568374114337e+00 -3.669390805426422843e-03 2.227996877916863228e-21
2.240959982564820530e+04 7.094925594865321727e+03 -1.531467423078288266e+04 2.760243829649368319e+00 -6.428771594658218291e-02 2.327914121681543244e-21
