0.000000000000000000e+00 3.141140566856645091e+04 3.141140566856645091e+04 nan 3.351091397074990397e+01 3.195062998619757390e-25
2.082879396086342161e-94 3.141562583567059119e+04 3.141562583567059119e+04 5.268644769900405578e+01 7.552263431122070436e+00 3.208874072685445257e-25
1.331413232196075457e-43 3.141883090519187317e+04 3.141883090519187317e+04 2.358169103756709362e+01 3.398141348073131507e+00 3.192743558484717448e-25
1.026218532439710738e-25 3.141295335647839238e+04 3.141295335647839238e+04 1.158101692238361125e+01 1.304113174304768918e+00 3.204875662193426134e-25
2.221075226800281303e-17 3.141722221820588311e+04 3.141722221820588311e+04 8.013551063965364207e+00 1.324088425419868431e-01 3.217704836459549511e-25
5.693027055344873108e-12 3.141463117254538156e+04 3.141463117254537428e+04 6.209793110394390858e+00 5.170363929673560399e-01 3.217159208769824625e-25
2.739251498989777247e+03 2.850439309381403291e+04 2.576514159482425748e+04 4.122048326433765730e+00 -1.354879440658386669e-01 2.430086254339483048e-22
1.644386629532278675e+04 1.367672949078439160e+04 -2.767136804538395154e+03 1.227673289736168272e+01 -7.089864315853493248e-02 1.584815958761056299e-21
2.407270326547204240e+04 5.189301600752083687e+03 -1.888340166471996054e+04 9.695573758839078238e+00 -1.139441292061105226e-01 2.285032237109538478e-21
2.606310825201002444e+04 2.934958309619355987e+03 -2.312814994239066800e+04 9.699793981824454292e+00 9.350446203293753811e-02 2.662837598829565730e-21
2.646664504412440510e+04 2.481492273050490894e+03 -2.398515277107391375e+04 2.011433655368314977e+00 5.078569374606437675e-02 2.549770099480795600e-21
2.658396365065450664e+04 2.298773034218544581e+03 -2.428519061643596069e+04 1.387153755652052789e+00 3.709746751851123597e-02 2.537358493312225976e-21
2.668148428695669645e+04 2.268433564173375999e+03 -2.441305072278332227e+04 7.002227228096152833e-01 1.273674240611378204e-02 2.589908947801493496e-21
2.667396935371284053e+04 2.278657234313618574e+03 -2.439531211939922287e+04 7.372407491282292336e-01 1.320499063692595065e-01 2.730154308393712809e-21
2.670206160583714518e+04 2.305232403027109740e+03 -2.439682920281003680e+04 1.523202158897464242e+00 -2.348834477377778965e-02 2.525897212412359841e-21
2.667851282209011333e+04 2.269932806776719644e+03 -2.440858001531339323e+04 8.544675748779594349e-01 -6.901377321059908032e-02 2.722005038470146756e-21
2.659509831189681790e+04 2.371664016436256588e+03 -2.422343429546055995e+04 1.829998368159445610e+00 1.035700087557743787e-01 2.636348761638304579e-21
2.662765019768033380e+04 2.314150921820283656e+03 -2.431349927586004924e+04 1.201015398515827171e+00 6.416733457317586042e-02 2.669112949772870890e-21
2.637783219490961346e+04 2.576721850984758476e+03 -2.380111034392485453e+04 4.124899292875247703e+00 -5.365306404002864737e-02 2.585062709811793233e-21
2.641048179891502514e+04 2.588505414356568963e+03 -2.382197638455845663e+04 1.477982327132409068e+00 1.671032252565623393e-03 2.552728329041614125e-21
2.618184050926139025e+04 2.913566391651940648e+03 -2.326827411760944960e+04 4.576181481087850500e+00 -7.141126834537749914e-03 2.611039716273620525e-21
2.620664066711455234e+04 2.848614202760082662e+03 -2.335802646435446877e+04 3.656368966682876032e+00 4.760454460926669129e-02 2.603523261141659725e-21
2.625394526943385426e+04 2.823511796955315731e+03 -2.343043347247853671e+04 4.406426374961525561e+00 2.485608788618214327e-01 2.681414741588689988e-21
2.603401116764872495e+04 3.008436788108421297e+03 -2.302557437954030320e+04 3.071120176773291632e+00 9.391844123490727947e-02 2.600487368924239883e-21
2.608422156785643165e+04 2.961221586783004113e+03 -2.312299998107342617e+04 2.564355528613758040e+00 1.813596760888802895e-01 2.487521617585000005e-21
2.567097754402075589e+04 3.408273708780077868e+03 -2.226270383524067802e+04 4.683869965248667278e+00 -1.866328999162895907e-02 2.389990766247906035e-21
2.545494771287018375e+04 3.717673490348928681e+03 -2.173727422252125689e+04 2.672757283096782288e+00 2.072393944682223224e-02 2.560785587408701654e-21
2.484783041665281780e+04 4.359711126613834494e+03 -2.048811929003898331e+04 2.272701984376986672e+00 -4.515629720292802657e-02 2.524081019826438611e-21
2.358576672740032154e+04 5.749138126705001923e+03 -1.783662860069531962e+04 4.706238552061913438e+00 -4.951243536472907034e-03 2.446575781910460616e-21
2.301724658056949920e+04 6.398576761829415773e+03 -1.661866981874008343e+04 1.231332957211368040e+01 2.005293996226127293e-02 2.198111986265236245e-21
2.239969730943594186e+04 7.098801437624364553e+03 -1.530089587181157731e+04 6.895751073126535680e+00 -7.095978362392348082e-02 2.128005270736375730e-21
