0.000000000000000000e+00 3.142385240613627320e+04 3.142385240613627320e+04 nan 3.305707267244142855e+01 3.227888806509931056e-25
2.247011200645596787e-94 3.141131814191334342e+04 3.141131814191334342e+04 5.265321795471728450e+01 7.221909892742782944e+00 3.192892160658926727e-25
1.296153402130930440e-43 3.141670980726936614e+04 3.141670980726936614e+04 2.323444007631583830e+01 3.362721895629275703e+00 3.220617555081071660e-25
1.211417755148884841e-25 3.141488214735029760e+04 3.141488214735029760e+04 1.289880715711221626e+01 1.758797426226291760e+00 3.206322137475505026e-25
1.683192936302625152e-17 3.141909788298436979e+04 3.141909788298436979e+04 7.919280362251807759e+00 1.312925700257177308e-01 3.204638299149417880e-25
4.799355846896307963e-12 3.142112208469130201e+04 3.142112208469129837e+04 5.582994132429948131e+00 6.122302005413114978e-01 3.222575225225118975e-25
2.993702433640662548e+03 2.824053826623381610e+04 2.524683583259315492e+04 4.263890449226570567e+00 -6.306973801553769632e-02 2.359969871669282130e-22
1.596192033975204868e+04 1.418548742768908050e+04 -1.776432912062968171e+03 8.318634832198663176e+00 1.044305380254568864e-02 1.464799808868266711e-21
2.388725488839605896e+04 5.423736848951197317e+03 -1.846351803944486164e+04 1.059906496896281247e+01 -2.908443592289063420e-02 2.456355620097671043e-21
2.631029780065397426e+04 2.693652887052305232e+03 -2.361664491360166721e+04 6.569254592379721203e+00 1.611066997592442004e-03 2.587395598039319527e-21
2.653161719701288166e+04 2.451040588767652480e+03 -2.408057660824522827e+04 1.036360430804353250e+01 7.456755939232036223e-02 2.687133132079654666e-21
2.667170212576079575e+04 2.260296702272066796e+03 -2.441140542348872987e+04 9.025269111870058980e-01 -1.178070125624058884e-01 2.625132302453378201e-21
2.665809505567486121e+04 2.288712884354323251e+03 -2.436938217132053978e+04 1.378429846894750455e+00 -1.180726475520843671e-01 2.552602070620275431e-21
2.672479066016278739e+04 2.255478385850348332e+03 -2.446931227431244042e+04 6.779181160256501082e-01 -2.959976567149054730e-02 2.701702367169034405e-21
2.663335102986201673e+04 2.288476517191668790e+03 -2.434487451267034703e+04 7.931248112747629753e-01 -1.471392570381263067e-02 2.540931274895778290e-21
2.667837305292941164e+04 2.273457967321658089e+03 -2.440491508560775401e+04 9.071013149501814254e-01 2.927363139772630116e-02 2.645666032434574354e-21
2.665998202424154806e+04 2.328064357089669556e+03 -2.433191766715187987e+04 2.652460788824645199e+00 1.616037674418416628e-02 2.492681922259332488e-21
2.658969363779846390e+04 2.374009010874649448e+03 -2.421568462692381581e+04 2.848962293455155059e+00 2.485309250814857554e-02 2.555369468494267188e-21
2.661515878559416524e+04 2.342540470875829214e+03 -2.427261831471833648e+04 9.554170944626040329e-01 -4.091093843605123764e-02 2.573600632780262812e-21
2.626106562160565227e+04 2.798213963128217074e+03 -2.346285165847743338e+04 5.606076205569318738e+00 -2.996749627471176347e-02 2.500485380877383894e-21
2.624515415869590652e+04 2.793863931539239729e+03 -2.345129022715666724e+04 4.608077457207857996e+00 6.270344576036850082e-02 2.433986315432349517e-21
2.603155354467756115e+04 2.987254779874102951e+03 -2.304429876480345774e+04 1.730995167437198168e+00 1.060131358386723899e-01 2.716704282099476612e-21
2.609257517580695276e+04 2.953419317469588350e+03 -2.313915585833736259e+04 5.078741068500227662e+00 -9.664180903947290624e-02 2.727186128945367133e-21
2.622080418139649555e+04 2.814188651150049736e+03 -2.340661553024644672e+04 3.048800642437683894e+00 6.904961561447928121e-04 2.643198151140008766e-21
2.589375252521478978e+04 3.159757070757718793e+03 -2.273399545445707190e+04 1.799177506577558594e+00 8.208585805423605775e-02 2.625390183353455908e-21
2.550024777806353450e+04 3.564407107344911310e+03 -2.193584067071862228e+04 2.068811615330864218e+00 -1.319427981951958317e-01 2.520477726982309400e-21
2.548969684788037557e+04 3.636005582571686318e+03 -2.185369126530869107e+04 2.593067922322854546e+00 9.133841215888337250e-02 2.545853609552814972e-21
2.525633927264988961e+04 3.968464523903935060e+03 -2.128787474874595500e+04 4.207415849909625472e+00 -7.516222859689264575e-03 2.632057332373106858e-21
2.387267180441210803e+04 5.415478883426672837e+03 -1.845719292098543519e+04 3.626904346319451466e+00 -3.163859626883792214e-02 2.308920184284469872e-21
2.335291714512687759e+04 6.047347743442496721e+03 -1.730556940168438086e+04 2.993227680563212090e+00 6.253246543616249042e-02 2.289952883821870328e-21
2.206386078962269676e+04 7.484377591392448267e+03 -1.457948319823024940e+04 4.496301398001799399e+00 -7.941256456861907342e-02 2.222116491705711099e-21
