0.000000000000000000e+00 3.141988128721362955e+04 3.141988128721362955e+04 nan 3.039835987680448781e+01 3.222104732486297883e-25
2.074482309797156802e-94 3.142441873481491348e+04 3.142441873481491348e+04 4.909519195660874402e+01 8.362778209049748668e+00 3.225437588858603315e-25
1.549491363729927502e-43 3.142531609475773075e+04 3.142531609475773075e+04 2.373498737421186888e+01 3.287609481891008656e+00 3.236522766747354964e-25
1.174313144975096158e-25 3.141794546452976283e+04 3.141794546452976283e+04 1.381104729691019095e+01 1.461852689064008004e+00 3.224403115582067417e-25
2.160277652393393842e-17 3.141867252752119384e+04 3.141867252752119384e+04 8.894455150832811796e+00 3.316019967967783755e-01 3.211548426547228396e-25
6.571000918642276786e-13 3.141946595211602107e+04 3.141946595211602107e+04 5.519301842286647997e+00 3.458323562179721478e-01 3.214409131726339570e-25
2.795982147208808328e+03 2.844497282877478210e+04 2.564899068156597423e+04 4.143518518263408446e+00 3.127816649038515223e-02 2.277947422325968079e-22
1.652662600627436041e+04 1.355550755593709982e+04 -2.971118450337260583e+03 9.025554193404682124e+00 -8.595199397849666301e-02 1.548191661375398613e-21
2.421926316735634828e+04 5.029744941168729383e+03 -1.918951822618761798e+04 1.235220713412081217e+01 1.083499196509629808e-01 2.354399278448711227e-21
2.625738068938648576e+04 2.720931478770751710e+03 -2.353644921061573405e+04 1.165617784539755597e+01 2.376896393135859500e-02 2.623417918678571116e-21
2.655108390399927157e+04 2.392061216035937832e+03 -2.415902268796333374e+04 1.823290925521190431e+00 1.885423450870322634e-02 2.566028474433615145e-21
2.669433499978476902e+04 2.265857294611492762e+03 -2.442847770517327444e+04 8.420343008177016975e-01 1.117276203813292318e-01 2.689099159299490518e-21
2.670099690926904805e+04 2.271494853720132596e+03 -2.442950205554891727e+04 8.665572805239939447e-01 7.978167747007144928e-02 2.650180179211338015e-21
2.674050339518944020e+04 2.250887047078342221e+03 -2.448961634811109980e+04 6.852471170455650684e-01 -2.888177045530427103e-02 2.675741490311227257e-21
2.668155501264204577e+04 2.284997497578039656e+03 -2.439655751506400702e+04 5.800420997887212327e-01 1.391220333500130801e-01 2.550029870031418183e-21
2.662717688168530003e+04 2.301133279615643460e+03 -2.432604360206965794e+04 1.154439303509610548e+00 1.714409211427265767e-01 2.533972275110918003e-21
2.668021985277043495e+04 2.303096299183355313e+03 -2.437712355358708010e+04 1.016013310200241104e+00 6.320068795515854099e-02 2.550743630774613904e-21
2.659840789704589042e+04 2.302217836293400978e+03 -2.429619006075248762e+04 8.339034488481619212e-01 1.236862359447717975e-02 2.583549215452895056e-21
2.635221953792934801e+04 2.669604537170187996e+03 -2.368261500075916047e+04 3.492187333900995672e+00 7.622666754946444932e-03 2.530425515850536121e-21
2.639045576920528765e+04 2.631359128245683678e+03 -2.375909664095960397e+04 1.922663299166943673e+00 2.473107954845089884e-01 2.581049390427730470e-21
2.630019921799734948e+04 2.708868469489034396e+03 -2.359133074850831326e+04 2.684226727030821547e+00 8.971329917589963843e-02 2.621206481003430812e-21
2.596833246500156383e+04 3.074080991745114261e+03 -2.289425147325644866e+04 2.215611064310172296e+00 -9.039087098006813592e-02 2.656138522968876165e-21
2.619306134026281870e+04 2.797219466185408692e+03 -2.339584187407741047e+04 1.506892654918072116e+00 5.653426125760806741e-03 2.546424088325433451e-21
2.598441426886494446e+04 3.087294643348368027e+03 -2.289711962551657780e+04 3.538880479966321158e+00 -1.145644313965357014e-01 2.632059204158935467e-21
2.603008234472214099e+04 3.063551643910142957e+03 -2.296653070081199985e+04 2.820559587872475404e+00 -1.677583659888855772e-01 2.492537379169911590e-21
2.541135174523366732e+04 3.684821508876220378e+03 -2.172653023635744830e+04 3.526256223037536941e+00 1.716306144866458494e-02 2.516641783299120869e-21
2.534629263868151247e+04 3.828917381148728509e+03 -2.151737525753278533e+04 4.752727403409529927e+00 -5.607623095423173304e-02 2.518006254343382170e-21
2.517805098357671886e+04 4.023935429004794969e+03 -2.115411555457192298e+04 2.735788185810905215e+00 -6.088340987361310491e-02 2.465130823920556750e-21
2.446126029837023452e+04 4.819664440406497306e+03 -1.964159585796373722e+04 2.777363659197492396e+00 -1.249778785905479167e-01 2.453050405899523505e-21
2.331826740701038216e+04 6.133840235607052819e+03 -1.718442717140333116e+04 2.793408736364038081e+00 2.140004959804376813e-02 2.324097607795055052e-21
2.182979693320432852e+04 7.732979769141076758e+03 -1.409681716406325177e+04 2.987940739538024193e+00 -1.028362335441698611e-01 2.030674058413756324e-21
