0.000000000000000000e+00 3.141253644025799804e+04 3.141253644025799804e+04 nan 3.592816867261668534e+01 3.210531099877652739e-25
2.148768096436583994e-94 3.141658454996360160e+04 3.141658454996360160e+04 5.187088720791536645e+01 1.258075031814128408e+01 3.206723317314079075e-25
1.276143131917714768e-43 3.141487447201586110e+04 3.141487447201586110e+04 2.270554763481279892e+01 3.265732146533598890e+00 3.207089581587638763e-25
1.183791601260459252e-25 3.141024791169614764e+04 3.141024791169614764e+04 1.409142833753895196e+01 1.564417634050094152e+00 3.200760125868816731e-25
2.422887548253266069e-17 3.142129352707850194e+04 3.142129352707850194e+04 7.704587101670089311e+00 3.395823785985944698e-01 3.226487596009226044e-25
9.208711463502266923e-12 3.141420283742684114e+04 3.141420283742683023e+04 5.329823961161682000e+00 6.328118046768111959e-01 3.227736725843958659e-25
2.392326861367029323e+03 2.887991248588111921e+04 2.648758562451408943e+04 3.907805421425392556e+00 -1.750837655418460981e-01 2.027724348836170058e-22
1.601402067074489787e+04 1.410674126775082186e+04 -1.907279402994076008e+03 1.898589409770671921e+01 -1.580250379800656468e-01 1.625924876315777946e-21
2.456346813883882351e+04 4.677608265517972541e+03 -1.988585987332084915e+04 9.095732539722289900e+00 8.035780573165453300e-02 2.475027194514961197e-21
2.604852200695070132e+04 2.999151453070927346e+03 -2.304937055387977307e+04 1.348963445896537472e+01 -3.813572475087460140e-02 2.485031424103809513e-21
2.656710773599941967e+04 2.399286434586885207e+03 -2.416782130141253583e+04 7.131927111506203509e+00 -7.601598391935064647e-02 2.632830830011156431e-21
2.664210155517548628e+04 2.318082396978236829e+03 -2.432401915819725036e+04 1.199524407194483944e+00 1.149656056864869075e-01 2.646688894263191001e-21
2.666922941709537918e+04 2.282008212688931053e+03 -2.438722120440644721e+04 7.361214971278006169e-01 -2.518124266483141860e-02 2.611242053876251428e-21
2.672179635629672703e+04 2.251546297832321216e+03 -2.447025005846440763e+04 1.049099642350694639e+00 -9.756533759602979694e-02 2.639421890917863464e-21
2.665900904660978995e+04 2.289640765110906159e+03 -2.436936828149888242e+04 6.434170175592121010e-01 5.572120988810116277e-02 2.661428842241884739e-21
2.668126921058259904e+04 2.273768520783090025e+03 -2.440750068979950811e+04 1.057434320060114619e+00 5.433800822301599470e-02 2.555020707642632211e-21
2.672414742799532905e+04 2.283215427287721923e+03 -2.444093200070760577e+04 3.071295227874531353e+00 8.640688628272930050e-02 2.646401612638081978e-21
2.670159931460177540e+04 2.260233213780451479e+03 -2.444136610082132393e+04 8.285763031681095958e-01 -1.666936728650162194e-02 2.565663574253083224e-21
2.648245549414281049e+04 2.569419504491331736e+03 -2.391303598965147830e+04 3.215119273494302377e+00 -4.757472954374006996e-02 2.576760117689579343e-21
2.635829484088389654e+04 2.661820306168949173e+03 -2.369647453471494737e+04 3.009088928299114230e+00 5.046183941974177051e-02 2.679135759564623687e-21
2.618141569339978378e+04 2.854284905062712824e+03 -2.332713078833707186e+04 1.956658425642753718e+00 1.002377950164731919e-02 2.668544513827930666e-21
2.633735996435233028e+04 2.659878093189217907e+03 -2.367748187116311237e+04 3.295684536853089597e+00 -4.859636519220527501e-02 2.522653482271822931e-21
2.600793947181871408e+04 3.083775810251116582e+03 -2.292416366156759614e+04 1.830915780088295364e+00 3.114535718155079722e-02 2.578470367408776762e-21
2.618755825474306766e+04 2.874305382218690738e+03 -2.331325287252437556e+04 1.923675989985645929e+00 3.630748609263733523e-02 2.669895684821363545e-21
2.585119708510988494e+04 3.256691181555046569e+03 -2.259450590355484019e+04 2.801062599568803879e+00 -7.808696630939941652e-02 2.546646301816847752e-21
2.568329165188976549e+04 3.388148545289543563e+03 -2.229514310660022238e+04 1.958756345381862829e+00 -1.777103890718942716e-02 2.573642453596401787e-21
2.516420298494956660e+04 3.965063737500767729e+03 -2.119913924744879841e+04 3.123862564334747294e+00 5.310826939014657438e-02 2.502642541404208196e-21
2.505724351995434699e+04 4.146637327730291872e+03 -2.091060619222405512e+04 2.891275368945064539e+00 1.034247195278351072e-02 2.423327877232219281e-21
2.399423607273594098e+04 5.356109197832279278e+03 -1.863812687490366079e+04 2.880751195353859373e+00 -4.029427700909121723e-02 2.370616594177502187e-21
2.355800217057085683e+04 5.810132631059160303e+03 -1.774786953951169562e+04 4.996769057633875910e+00 6.872715713337936017e-02 2.306140273838930765e-21
2.236181840008591098e+04 7.121230792674300574e+03 -1.524058760741160950e+04 3.571492170303839586e+00 -5.129844807241500798e-02 2.055836650573469287e-21
