0.000000000000000000e+00 3.141218296108628783e+04 3.141218296108628783e+04 nan 3.351091392734389274e+01 3.211700660339292450e-25
2.402219520034937444e-94 3.140928918121074094e+04 3.140928918121074094e+04 5.115861233661064489e+01 8.711933982873761195e+00 3.200344050470404240e-25
1.628592766866221303e-43 3.141651154372720339e+04 3.141651154372720339e+04 2.224980943507310371e+01 3.385028723919193627e+00 3.209797505868412064e-25
1.157365817402058280e-25 3.141143535306660124e+04 3.141143535306660124e+04 1.287455093562931552e+01 1.805676707779345191e+00 3.198292686751458504e-25
2.153888143352352122e-17 3.142005976633680621e+04 3.142005976633680621e+04 8.174282275735491154e+00 -4.486596672544804210e-01 3.206276413381028155e-25
6.892453099565654197e-12 3.142057348561778781e+04 3.142057348561778053e+04 5.542141773978734420e+00 6.674469052421615478e-01 3.215605212709307004e-25
2.672323678073077645e+03 2.858884309996410957e+04 2.591651942189103283e+04 4.263109081998116778e+00 -1.982664603162957173e-01 1.539864274274352263e-22
1.715110653492854544e+04 1.291211229241107867e+04 -4.238994242517466773e+03 1.221986972944660543e+01 3.475584262515820505e-02 9.739613694999729986e-22
2.428225995499077908e+04 4.967716613983869138e+03 -1.931454334100690903e+04 8.245262051640279921e+00 1.064545712410011093e-02 1.360133007077009775e-21
2.624120340854943424e+04 2.744704082809907050e+03 -2.349649932573952537e+04 8.417439440147584051e+00 4.184327300823204032e-02 1.531841865869270422e-21
2.653694484932285195e+04 2.417320718780421430e+03 -2.411962413054243007e+04 5.032648092304395959e+01 1.692888885936605636e-01 1.521251106305735089e-21
2.660333215776160068e+04 2.334660232406395153e+03 -2.426867192535520735e+04 8.554421490848175269e-01 1.018437426849881366e-01 1.510271901085008078e-21
2.669842175824873993e+04 2.258304974818217943e+03 -2.444011678343052336e+04 1.076050928721968836e+00 6.349866055903811979e-02 1.589859358448937613e-21
2.666304502716952629e+04 2.280017288991071382e+03 -2.438302773817845446e+04 8.805220241887492527e-01 2.429546948756246619e-02 1.517038699438194194e-21
2.675993435149573634e+04 2.244517192680241351e+03 -2.451541715881549317e+04 9.621892212251221821e-01 -9.422428035505166222e-02 1.569873765746730239e-21
2.665131667494801513e+04 2.284457001744478930e+03 -2.436685967320353666e+04 8.665412114727533144e-01 7.779825580849518418e-02 1.547372870799891047e-21
2.672551101908172859e+04 2.265468120368570453e+03 -2.446004289871315996e+04 1.003543787171423007e+00 1.633313671813537912e-02 1.489241369350789261e-21
2.670878789376355053e+04 2.287269317665807193e+03 -2.442151857609774379e+04 1.177325452441369436e+00 -8.401018622827077786e-02 1.547749366871755477e-21
2.648080416313754176e+04 2.494206802398624859e+03 -2.398659736073891690e+04 1.616254346693270394e+00 -1.173426029258688025e-01 1.558657695646574412e-21
2.641644399730459190e+04 2.609619345571214126e+03 -2.380682465173337914e+04 3.234150265587348638e+00 1.946390414245296741e-01 1.539675015927411227e-21
2.617635438873864041e+04 2.828811443031001545e+03 -2.334754294570763886e+04 3.079770912124196069e+00 1.214927294716474648e-01 1.460210300824715934e-21
2.623071008836346664e+04 2.836388019673305735e+03 -2.339432206869016227e+04 2.688457518721413919e+00 3.860789169760766443e-02 1.555969074120531840e-21
2.601484992766136929e+04 3.043536433046087495e+03 -2.297131349461528225e+04 3.500048206647880189e+00 -1.108752879729313356e-01 1.511164401537204928e-21
2.610274248803174487e+04 2.988587718370466064e+03 -2.311415476966127972e+04 1.869104960203414878e+00 1.389685305192678300e-01 1.518399327030532122e-21
2.569432267921824314e+04 3.420433933570614954e+03 -2.227388874564762955e+04 3.479726673858099417e+00 1.254626888965521270e-01 1.492041631559651917e-21
2.588208763245853697e+04 3.250971521743040739e+03 -2.263111611071549487e+04 2.442415353556500079e+00 -1.001701071801466662e-02 1.510548314496840816e-21
2.539367319724083427e+04 3.762416185377614966e+03 -2.163125701186322112e+04 2.339261702211780314e+00 -1.387884270784165153e-01 1.496830026920762456e-21
2.463550532930162444e+04 4.600092392427233790e+03 -2.003541293687438883e+04 5.482253545848709386e+00 -4.625963077108925098e-02 1.400000201276695101e-21
2.407710430045323301e+04 5.260797247170145965e+03 -1.881630705328308613e+04 3.343334010177538840e+00 -5.835548581588510114e-02 1.407319459302939687e-21
2.320306020894209723e+04 6.228938496750097329e+03 -1.697412171219199809e+04 3.777153886911737590e+00 2.909016668685315832e-03 1.330256725371247452e-21
2.242523568914506541e+04 7.088596901233813696e+03 -1.533663878791125171e+04 2.748911362005231229e+00 -4.496901073792470421e-02 1.316650474829732008e-21
