0.000000000000000000e+00 3.141244409378102137e+04 3.141244409378102137e+04 nan 3.792311288437425532e+01 3.210251813229607038e-25
2.240688927414624030e-94 3.141194223374479770e+04 3.141194223374479770e+04 5.364213737445214747e+01 8.386284928480298717e+00 3.206228562221688526e-25
1.757913712488088634e-43 3.141346685333524510e+04 3.141346685333524510e+04 2.160222113413557210e+01 3.466278631401898291e+00 3.207604123190596493e-25
1.091180468484819995e-25 3.142314276241759580e+04 3.142314276241759580e+04 1.376363013060042029e+01 1.303782594728494004e+00 3.218076752672694686e-25
2.135191955721841733e-17 3.142149754283279253e+04 3.142149754283279253e+04 7.947270772116818982e+00 -1.402334959295893461e-02 3.212066333934558145e-25
1.169516948056586715e-11 3.141324151247417103e+04 3.141324151247416012e+04 5.300942643802353693e+00 7.858190178259115699e-01 3.197070733442101592e-25
2.407550461962689951e+03 2.886418712751365456e+04 2.645663666555096279e+04 3.954540010141691653e+00 -2.310962786194377394e-01 2.336889056535045319e-22
1.647383271337181941e+04 1.366824887166996632e+04 -2.805583841701853089e+03 1.655210029225441204e+01 -2.785895677926812988e-02 1.567652184998741068e-21
2.454141773816973364e+04 4.693910004726240913e+03 -1.984750773344349363e+04 1.466297341943553079e+01 5.481911155505860694e-02 2.383250928015024253e-21
2.607240280754469859e+04 2.985072025684781693e+03 -2.308733078185991690e+04 1.268869647011324808e+01 5.042249162622262221e-02 2.562407453632598008e-21
2.648647383956852354e+04 2.466306207681160231e+03 -2.402016763188736513e+04 7.783997464628728657e+00 6.405671588762157365e-02 2.627501001518964215e-21
2.667917796932809506e+04 2.266198271556012969e+03 -2.441297969777208345e+04 7.411627877900229810e-01 6.136984532428424455e-02 2.654414258602875435e-21
2.667465947744261575e+04 2.275949962313729429e+03 -2.439870951512888496e+04 1.217304797766284752e+00 8.146459384606043186e-03 2.505550519987111862e-21
2.667722220700944308e+04 2.295997438503348349e+03 -2.438122476850609382e+04 6.939446590546940463e-01 1.137497985515851899e-02 2.617246358711094773e-21
2.663518383675371297e+04 2.281099207771917463e+03 -2.435408462898179641e+04 8.590624814785057239e-01 7.366409416888415607e-02 2.542263835433633989e-21
2.668110658352900282e+04 2.250867994866713161e+03 -2.443023858866229057e+04 6.678505312231468594e-01 -6.530155042749584415e-02 2.600843955955880087e-21
2.668149359955634645e+04 2.288019412493513755e+03 -2.439347418706283133e+04 8.005245834011067707e-01 -3.975320239675381867e-02 2.715960140626147643e-21
2.657552821319483701e+04 2.376782538362986998e+03 -2.419874567483185092e+04 2.537348041727245818e+00 -1.109731220582204220e-01 2.606374266421048383e-21
2.647197344446575153e+04 2.483202114064576108e+03 -2.398877133040117405e+04 1.377045308567162563e+00 2.553744468636430509e-02 2.531495343708564551e-21
2.657385850902153106e+04 2.448794558305371083e+03 -2.412506395071616134e+04 2.342372290607774854e+00 1.118872757094605125e-01 2.624651132751002709e-21
2.627148020888672545e+04 2.718006801787401400e+03 -2.355347340709932541e+04 2.875763750880427239e+00 6.122552577080021124e-02 2.493594601622753602e-21
2.615754984757856437e+04 2.896617014128716164e+03 -2.326093283344984957e+04 1.576933104436489375e+00 1.209059099836185397e-01 2.563181243189434825e-21
2.619485963151993201e+04 2.839514055738142815e+03 -2.335534557578179010e+04 2.372178953882334351e+00 4.156184491289089539e-02 2.539773989682949825e-21
2.626149495056371961e+04 2.731454778066532072e+03 -2.353004017249718891e+04 2.105114288192693195e+00 -3.880780822099235555e-02 2.645338529306083641e-21
2.609009926606487352e+04 2.930486830676444242e+03 -2.315961243538842973e+04 2.344815668209105475e+00 -6.045941068796078371e-02 2.460625533697469606e-21
2.583236517350616487e+04 3.285224142272002155e+03 -2.254714103123416135e+04 2.538647503758012736e+00 1.561633442211838585e-01 2.458388028197547641e-21
2.576607685955697525e+04 3.361936680283346959e+03 -2.240414017927362875e+04 2.135956993372094548e+00 -3.714134218221375877e-02 2.657537816627348332e-21
2.487517673795018345e+04 4.327878582693824683e+03 -2.054729815525635786e+04 3.179224813425539420e+00 3.153340827613560719e-03 2.393564786618987818e-21
2.442913058994397579e+04 4.852787131010181838e+03 -1.957634345893379214e+04 5.214166672945617087e+00 -1.467194880421067438e-02 2.315989026935175219e-21
2.346476632793249883e+04 5.923972742123227363e+03 -1.754079358580927146e+04 2.857368625499471904e+00 1.584076252174161344e-03 2.283405251784025564e-21
2.182101972813059911e+04 7.749942204770081844e+03 -1.407107752336051635e+04 4.875374098088878227e+00 1.198864708015568992e-01 2.042608815370642204e-21
