0.000000000000000000e+00 3.141724819861917786e+04 3.141724819861917786e+04 nan 3.336043390048413926e+01 3.206918984327243582e-25
1.904711198967276936e-94 3.141109180115718482e+04 3.141109180115718482e+04 5.514404848458863739e+01 8.370919994924674867e+00 3.197292425844631451e-25
1.647294231476106028e-43 3.140901552644707408e+04 3.140901552644707408e+04 2.619433756072606556e+01 3.434905225259587080e+00 3.192944658861143834e-25
1.221499598643074656e-25 3.141766906183785977e+04 3.141766906183785977e+04 1.212341861206026827e+01 1.745337123829628689e+00 3.215093863303759613e-25
2.197580109595908748e-17 3.141372401535479366e+04 3.141372401535479366e+04 8.114468236670852264e+00 -3.002461585761981855e-01 3.200801402359896952e-25
6.831005216357188083e-12 3.141736415070516523e+04 3.141736415070515795e+04 5.374040654782091586e+00 6.154343638820237716e-01 3.201979287080678342e-25
1.769232514129748097e+03 2.952829344412058708e+04 2.775906092999083921e+04 4.159466063573764139e+00 -3.099451377757529436e-01 1.776390460571595352e-22
1.663633001695292842e+04 1.343516275655392201e+04 -3.201167260399006409e+03 1.643182551258648161e+01 -1.391162438187868444e-01 1.673844582303389998e-21
2.436329249903890741e+04 4.868434374106067480e+03 -1.949485812493284175e+04 8.416051873544526885e+00 -6.438854108192171299e-02 2.343048544049594748e-21
2.609217669750777713e+04 2.930780084237566371e+03 -2.316139661327021167e+04 8.360421975083040635e+00 -5.938791357838517186e-03 2.525306028405092923e-21
2.653849936070712647e+04 2.440290723437851739e+03 -2.409820863726927564e+04 8.200436690302619347e-01 -1.599579569290536796e-01 2.572621054909631134e-21
2.662771837577062615e+04 2.338857014082979276e+03 -2.428886136168764642e+04 7.568317821899948505e+00 5.023959485350759646e-02 2.644018817499407738e-21
2.662541593728523367e+04 2.292413238115929289e+03 -2.433300269916930483e+04 8.305668059717463692e-01 9.853825365571979022e-03 2.664624293538066505e-21
2.667419658363082999e+04 2.267758559218727896e+03 -2.440643802441210210e+04 9.534647911408106191e-01 -1.600814452479754901e-01 2.707347071931408434e-21
2.667114543923586825e+04 2.294321245975237616e+03 -2.437682419326063246e+04 1.367072737155292428e+00 9.013915657514505464e-03 2.589586348672242320e-21
2.663361714896040939e+04 2.286633642417925330e+03 -2.434698350654248497e+04 1.047720295781543909e+00 4.815596923280842517e-02 2.585101159632098380e-21
2.661757997083243390e+04 2.348497876859104053e+03 -2.426908209397333121e+04 7.518065178376085456e-01 -3.058038810516998038e-03 2.621340835022481580e-21
2.668304910321383795e+04 2.300560189436847850e+03 -2.438248891377698965e+04 1.373390464743782902e+00 8.186087019080884319e-02 2.551504117867355719e-21
2.648309237249900252e+04 2.510542768529061959e+03 -2.397254960396993920e+04 2.430905907465727100e+00 4.672008404818428495e-02 2.516055419641061400e-21
2.654204208020133228e+04 2.505957971542960877e+03 -2.403608410865837141e+04 1.464163574384390598e+00 -5.328548470822067062e-02 2.774625045118672633e-21
2.624448917477120995e+04 2.804070370855665715e+03 -2.344041880391554514e+04 3.949971284396440740e+00 6.749453964466130274e-02 2.534621480031094191e-21
2.609875552645339121e+04 2.949223625468276623e+03 -2.314953190098511550e+04 1.993277139053352798e+00 -3.274290125718577055e-02 2.613921786087085684e-21
2.593317918549407113e+04 3.139632338367677221e+03 -2.279354684712639573e+04 3.134942613480532714e+00 -5.586885267331262450e-02 2.608671801034663806e-21
2.613293391398643143e+04 2.877008986018288397e+03 -2.325592492796814258e+04 2.145029102131436272e+00 -5.997060649227096280e-02 2.552957324900949948e-21
2.606212192155497542e+04 3.026053531415624548e+03 -2.303606839013934950e+04 2.963928939282210795e+00 -1.110515451889535071e-01 2.501250378696792250e-21
2.589207698405743940e+04 3.207107573522130224e+03 -2.268496941053530827e+04 4.106803966208736334e+00 -2.476554726293081835e-02 2.688070343434864551e-21
2.568114699174475390e+04 3.463621005335826339e+03 -2.221752598640892757e+04 1.932295674055718449e+00 -3.176183726202762986e-02 2.544610240059167601e-21
2.505327301271453689e+04 4.153937499122613190e+03 -2.089933551359192279e+04 3.403988610137907767e+00 -3.414275291026021286e-02 2.542376311088256141e-21
2.439420906462975108e+04 4.867201739503191675e+03 -1.952700732512656032e+04 3.494706844397323930e+00 1.137295195311439217e-01 2.330311910394567181e-21
2.342553981180077972e+04 5.910986038196234404e+03 -1.751455377360454440e+04 5.149454979266605115e+00 -6.912394231376123299e-02 2.358879270766761287e-21
2.310865946859990436e+04 6.348626649722888942e+03 -1.676003281887701451e+04 4.526804940751036455e+00 9.294598671384657340e-02 2.224839301797598175e-21
