0.000000000000000000e+00 3.141493759425780809e+04 3.141493759425780809e+04 nan 3.456124562700125580e+01 3.196275892333110378e-25
2.198169974085660908e-94 3.141584327686692632e+04 3.141584327686692632e+04 4.797051228437416626e+01 8.635677259949053663e+00 3.208552323408121091e-25
1.704828612110624900e-43 3.141363125237198619e+04 3.141363125237198619e+04 2.700332238378599925e+01 3.340731930404051919e+00 3.211616876734849359e-25
1.187155396659891481e-25 3.142105439974642286e+04 3.142105439974642286e+04 1.233775226821461501e+01 1.550136528602023001e+00 3.229002201169748591e-25
1.990624715560118944e-17 3.141561171923695292e+04 3.141561171923695292e+04 7.966255826978373200e+00 -2.774573350623788515e-01 3.206856316693199443e-25
6.565229847537070332e-11 3.141370331175373940e+04 3.141370331175367392e+04 6.010178441351240686e+00 6.639819093740505496e-01 3.207669727926535541e-25
2.580810567863237793e+03 2.866628772135052714e+04 2.608547715348728889e+04 4.048599028318405679e+00 -9.377741024149310878e-02 1.255496093760534146e-22
1.578243316588653943e+04 1.438945696343413692e+04 -1.392976202452402504e+03 1.880103749875780750e+01 -4.550658391836707312e-02 8.991357709057000876e-22
2.436623524386849022e+04 4.877341076845143107e+03 -1.948889416702334711e+04 9.342943893564543245e+00 -2.839371611545945043e-02 1.370984258369691269e-21
2.589049649894569666e+04 3.132818525610729921e+03 -2.275767797333496856e+04 1.325360345580149080e+01 1.364109214021563777e-03 1.464285027782715853e-21
2.655726133486224717e+04 2.445835042058557065e+03 -2.411142629280369147e+04 1.404975780002470254e+00 -1.609025807495238422e-02 1.550631776859996848e-21
2.671001752386738735e+04 2.256015921882739804e+03 -2.445400160198464800e+04 7.060731615917786863e-01 -1.068368927481494340e-01 1.538454432068694653e-21
2.669545797591893279e+04 2.259701545557673398e+03 -2.443575643036125985e+04 4.933865972497886720e-01 9.865857289916706019e-02 1.578395373906229245e-21
2.681055274582509446e+04 2.239715322717554045e+03 -2.457083742310753951e+04 1.236479205658116864e+00 1.263293179459896998e-01 1.544428343610427554e-21
2.665585564743439681e+04 2.296168994734112857e+03 -2.435968665270028578e+04 8.696829745273735313e-01 1.421049860403086618e-01 1.526651270169618031e-21
2.673842475141728937e+04 2.257133584623870320e+03 -2.448129116679342042e+04 1.332250612884406049e+00 8.916671168776170442e-02 1.542568826407979199e-21
2.663559652977952646e+04 2.315192145479336887e+03 -2.432040438430018912e+04 1.066173009163793539e+00 9.483322844288200049e-02 1.499657314451117485e-21
2.657689182381717183e+04 2.364086321949846479e+03 -2.421280550186732580e+04 1.206316434036729612e+00 1.803538173044979265e-01 1.522448069421151557e-21
2.652251370143820168e+04 2.443975055638076356e+03 -2.407853864580012669e+04 2.002636968919649707e+00 -6.162569191125497753e-02 1.526046887657739502e-21
2.638947874231446258e+04 2.618718028682139447e+03 -2.377076071363232404e+04 3.497171411079289083e+00 7.365148744920732571e-02 1.536745135077433500e-21
2.627841612008380616e+04 2.738300885899780951e+03 -2.354011523418402430e+04 1.498417962789099223e+00 1.194040562978623959e-01 1.550394905302832325e-21
2.618468269727918960e+04 2.813497108820116409e+03 -2.337118558845907319e+04 4.633379903407320199e+00 -8.496080217768991680e-03 1.506699923088389599e-21
2.624379473589371992e+04 2.837603543978894777e+03 -2.340619119191482605e+04 1.640283314942508452e+00 6.369311191689089324e-02 1.517474800799052116e-21
2.614101390002114204e+04 2.906058963255643448e+03 -2.323495493676549813e+04 2.249055093986977560e+00 3.825964078182426259e-02 1.532839286807379018e-21
2.615479573671664548e+04 2.919776330915884955e+03 -2.323501940580076189e+04 2.291538477650696848e+00 -6.270623987898755330e-04 1.570057074815247388e-21
2.580044934086627472e+04 3.210384892001191020e+03 -2.259006444886508325e+04 3.314472320225499313e+00 -2.467137424968659024e-02 1.495263281298635955e-21
2.510290650031412224e+04 4.083925587972553785e+03 -2.101898091234156891e+04 3.543159545056368653e+00 6.837014515486407318e-02 1.431636844084496029e-21
2.496236336956312880e+04 4.259645105600159695e+03 -2.070271826396296819e+04 4.262549458775502842e+00 6.952862090101229187e-02 1.443803611747194941e-21
2.414069906931941659e+04 5.108871391623321870e+03 -1.903182767769609563e+04 2.344136647031410448e+00 -2.045088086969079275e-02 1.397300577168296548e-21
2.257184320178537382e+04 6.948692928378000033e+03 -1.562315027340737288e+04 3.989676313578856881e+00 -3.437151035647304648e-02 1.303608587684220552e-21
2.228885780117515242e+04 7.219274494613687239e+03 -1.506958330656146427e+04 7.181333117342208361e+00 -4.204146254491871598e-02 1.293542467388325458e-21
