0.000000000000000000e+00 3.142169738729198070e+04 3.142169738729198070e+04 nan 3.141347013073620431e+01 3.225194207547116571e-25
2.496998814615024658e-94 3.140846415346512003e+04 3.140846415346512003e+04 4.994158292897424900e+01 8.776906785996002824e+00 3.196832642565559938e-25
1.315343542452094845e-43 3.142155864824460878e+04 3.142155864824460878e+04 2.352131478753821980e+01 3.280051563328322928e+00 3.213944796478789688e-25
1.008161774349449179e-25 3.141172164904202873e+04 3.141172164904202873e+04 1.298857380090585956e+01 1.610192919653601562e+00 3.188013857556761159e-25
2.096763604049351235e-17 3.141763136130515340e+04 3.141763136130515340e+04 8.576162614257070160e+00 3.366254013207337636e-01 3.208243404601724935e-25
1.070194948617517873e-11 3.141306005145419476e+04 3.141306005145418385e+04 5.541935540930578163e+00 5.093256032750270723e-01 3.208937693340187591e-25
2.058066041007666172e+03 2.923890591429420601e+04 2.718083987328653893e+04 3.937505441620850366e+00 -7.642796781692064167e-02 1.038800405854695833e-22
1.619551250120250188e+04 1.392381752726158811e+04 -2.271694973940913769e+03 8.048524985353891381e+00 -5.061364601992395656e-02 8.837070885349100921e-22
2.452843818876238220e+04 4.720868071136054823e+03 -1.980757011762632828e+04 9.676318315579671037e+00 4.443077141861834223e-02 1.413798213079358400e-21
2.618382953898707638e+04 2.787380432841284346e+03 -2.339644910614579203e+04 7.594254654334176458e+00 -8.522458216493072891e-02 1.469042240006206142e-21
2.648472308195862934e+04 2.475497219696792854e+03 -2.400922586226183557e+04 2.701863518580235990e+00 -1.144969259218767271e-01 1.501018902102160388e-21
2.662631307045838548e+04 2.284897719076664998e+03 -2.434141535138172185e+04 6.043361090586075735e-01 -3.568959828585948485e-02 1.502310489915401158e-21
2.670263929405202362e+04 2.272107897858764318e+03 -2.443053139619325884e+04 1.279207578945469104e+00 1.835622553330273077e-01 1.532045743689938217e-21
2.669371336852240711e+04 2.259277315643832480e+03 -2.443443605287857645e+04 1.029030375380680873e+00 -8.576148558151434897e-02 1.536586083537963849e-21
2.665964121907651861e+04 2.286484949960132326e+03 -2.437315626911638537e+04 8.361330163135084481e-01 1.156193979821456934e-02 1.533645837790039201e-21
2.667175829323219295e+04 2.319919581794413716e+03 -2.435183871143778015e+04 1.083197401620858757e+00 -3.459048079864492087e-02 1.546251141241670084e-21
2.662220096153925988e+04 2.311041096519294115e+03 -2.431115986501996667e+04 7.346506796083592805e-01 9.607712564113513043e-02 1.542501157890603340e-21
2.666786530185011725e+04 2.272158575552621642e+03 -2.439570672629749606e+04 7.542500936511795651e-01 1.591234101475469051e-02 1.513758097614787290e-21
2.637347520018861542e+04 2.671400589888145987e+03 -2.370207461030047125e+04 1.608080125670652061e+00 -1.068252243860629003e-01 1.497045378143480246e-21
2.624213516007821454e+04 2.750870412199634302e+03 -2.349126474787858024e+04 2.280881119765369558e+00 1.718262752222331491e-01 1.505158132336363402e-21
2.644681941136393289e+04 2.573135217715362614e+03 -2.387368419364856891e+04 1.795197179130623155e+00 1.080471365211046059e-01 1.549156322345089198e-21
2.620770305651005401e+04 2.834417806945364191e+03 -2.337328524956469118e+04 2.432506969032271371e+00 5.549797991323185409e-02 1.505479343179293984e-21
2.579314026631421802e+04 3.257760150964689274e+03 -2.253538011534952966e+04 2.162240306120087663e+00 -1.657291257930964060e-02 1.492170137565895890e-21
2.605932383012853461e+04 2.959860070686249855e+03 -2.309946375944228566e+04 3.645921306135237128e+00 5.676158542521109185e-02 1.518943050562248909e-21
2.621445294747035223e+04 2.807696716498572187e+03 -2.340675623097177959e+04 1.575570727495076540e+00 -4.154207900840031081e-02 1.546382018570248521e-21
2.569076496773386316e+04 3.351300289537861772e+03 -2.233946467819600002e+04 2.992395474749818707e+00 -8.650561209830216758e-02 1.488902600758967964e-21
2.574176756889679382e+04 3.352243003207825041e+03 -2.238952456568896741e+04 4.383930307428758333e+00 6.793164585480536422e-02 1.469285787890443891e-21
2.509305406563612632e+04 4.146388769279617918e+03 -2.094666529635650659e+04 2.922480982469818134e+00 9.875298273575925170e-03 1.414295847595853554e-21
2.454918022506609850e+04 4.744691845911997916e+03 -1.980448837915409968e+04 3.137619007583259734e+00 -9.526679638828321195e-02 1.427527290983467754e-21
2.328036427363232360e+04 6.100357626704739232e+03 -1.718000664692758437e+04 4.303854398416672389e+00 1.690714223809497777e-02 1.343349481495653926e-21
2.219834881498782488e+04 7.358054203432447139e+03 -1.484029461155537865e+04 4.213190234887406405e+00 -7.557559365937870088e-02 1.278206365625376243e-21
