0.000000000000000000e+00 3.141684385884609219e+04 3.141684385884609219e+04 nan 3.612361060004981539e+01 3.221422871503999587e-25
1.658254309753054795e-94 3.142078670270597286e+04 3.142078670270597286e+04 5.538315309785894414e+01 8.350919358381650781e+00 3.225084784079020383e-25
1.578681355304420685e-43 3.141637100563519562e+04 3.141637100563519562e+04 2.217735059660108377e+01 3.396333818305954377e+00 3.213786390697216586e-25
1.067976634467695660e-25 3.141663735528534744e+04 3.141663735528534744e+04 1.257081472886021345e+01 1.733903294580498411e+00 3.215919447584946054e-25
2.470855075895007396e-17 3.142745098942302138e+04 3.142745098942302138e+04 8.474005728068888743e+00 2.988174179953584364e-01 3.244159736788820124e-25
8.148510547842021386e-13 3.141820559636709731e+04 3.141820559636709731e+04 6.097256316382455132e+00 3.491415789752510546e-01 3.214056276921465792e-25
2.408022283810442332e+03 2.885455261272718781e+04 2.644653032891674593e+04 4.352527264036640808e+00 -2.197037382301066655e-01 2.394506150198644338e-22
1.608459872645904761e+04 1.406436524282360187e+04 -2.020233483635445737e+03 1.286471713125098582e+01 -1.543996000638937494e-01 1.623928551102917979e-21
2.399716126121370326e+04 5.316371564593649964e+03 -1.868078969662005329e+04 1.405020059801887022e+01 5.292022032318902808e-02 2.333490144923001374e-21
2.593611104667412656e+04 3.080951037262047976e+03 -2.285516000941208040e+04 1.088405545875615665e+01 4.858431701248799167e-02 2.460289375981109860e-21
2.653289259274580400e+04 2.489192628759878517e+03 -2.404369996398592411e+04 9.029768829950727271e-01 -9.471749806402840477e-02 2.683682275094278453e-21
2.662753930549914003e+04 2.335364104929580208e+03 -2.429217520056955982e+04 1.032404561360959816e+00 -3.813688063028840974e-02 2.479421650871451207e-21
2.666876795889300411e+04 2.289975830299277732e+03 -2.437879212859372637e+04 5.910966060237721642e+00 -6.385346825876268839e-02 2.605139272031294627e-21
2.665179474030010533e+04 2.288457516894038690e+03 -2.436333722340606619e+04 8.271506945473628969e-01 -3.657674873086170370e-02 2.591369252036965744e-21
2.670515119639447221e+04 2.254577626456633425e+03 -2.445057356993783833e+04 1.197722345485580542e+00 2.548898059209206979e-01 2.499096192502066382e-21
2.665187296194617738e+04 2.312782042765862570e+03 -2.433909091918031481e+04 1.036918993114559706e+00 2.858357276414607781e-02 2.423047177213373624e-21
2.669696313626103074e+04 2.302030636532725566e+03 -2.439493249972830381e+04 1.083919250628892827e+00 1.468315403176849443e-01 2.623116896862452789e-21
2.657802540118875550e+04 2.366370093466043272e+03 -2.421165530772271086e+04 1.155499358830534895e+00 1.051519453628857043e-01 2.607303946301408772e-21
2.638198171101389744e+04 2.563780991852217994e+03 -2.381820071916167944e+04 1.071110560564308978e+00 5.151093504724558320e-02 2.572537640078245096e-21
2.624557811425942054e+04 2.836415599201357963e+03 -2.340916251505806213e+04 4.366749791677579040e+00 -3.343504156091188506e-02 2.629983675490182982e-21
2.625043353123954148e+04 2.766821198574791651e+03 -2.348361233266475028e+04 2.193481848192780692e+00 2.512259978753003664e-02 2.550707619727496863e-21
2.624019224189618035e+04 2.859374751218145775e+03 -2.338081749067803321e+04 1.813172808245857581e+00 1.650963332429218264e-02 2.603118774990176726e-21
2.621463445577332823e+04 2.845806050247335406e+03 -2.336882840552599373e+04 2.346367290061340594e+00 1.390638043817884750e-01 2.761512996992031164e-21
2.595950041363411219e+04 3.057645670892463386e+03 -2.290185474274164881e+04 3.103241131754508775e+00 2.753609214793712248e-02 2.516171197833665689e-21
2.601573433194738391e+04 3.045450742107015230e+03 -2.297028358984036822e+04 2.925803278838350341e+00 9.031055722401286345e-02 2.532274148481636385e-21
2.581449565775958763e+04 3.270706605518822471e+03 -2.254378905224076516e+04 8.088081830670700967e+00 -1.933788832245366407e-01 2.540072541164274263e-21
2.534927477397101029e+04 3.842385053809833153e+03 -2.150688972016117623e+04 3.282843438361499722e+00 -1.366236547381668720e-01 2.457039341715135800e-21
2.494811190825722588e+04 4.260601042135271200e+03 -2.068751086612195650e+04 3.324837376015597812e+00 -3.830876617217521263e-02 2.389653142739724510e-21
2.418618919723568615e+04 5.120812111440735862e+03 -1.906537708579494938e+04 4.911272982248270580e+00 9.138327833796864794e-04 2.344096207364764898e-21
2.292548559326205941e+04 6.510025610480264731e+03 -1.641545998278179468e+04 3.392373082472024404e+00 -3.777180465381085178e-02 2.265503364531110744e-21
2.186930799449067126e+04 7.688532857525618965e+03 -1.418077513696505230e+04 3.521203845690159095e+00 1.610345854161553472e-02 2.186354291261518166e-21
