0.000000000000000000e+00 3.141691416831993047e+04 3.141691416831993047e+04 nan 5.272042595727220515e+01 3.222664127567340446e-25
2.156397031802659188e-94 3.141285996678822630e+04 3.141285996678822630e+04 4.822326244107549087e+01 8.354597258661497605e+00 3.197109312826361037e-25
1.529323554475783679e-43 3.141425500367668428e+04 3.141425500367668428e+04 2.363739211450760536e+01 3.283296452741043314e+00 3.202192287719684591e-25
9.554210878891926839e-26 3.140863872622324925e+04 3.140863872622324925e+04 1.333019965949184815e+01 1.447897977637670364e+00 3.198335102939332789e-25
1.913067018440657058e-17 3.141465418798755854e+04 3.141465418798755854e+04 9.407227714404433172e+00 1.603154829333483262e-04 3.206794755180759269e-25
6.056966463018556786e-12 3.141595442862932396e+04 3.141595442862931668e+04 6.191195128876771037e+00 5.739431551505317364e-01 3.196574379173033838e-25
2.399444288647560370e+03 2.885924854738143040e+04 2.645980425873387139e+04 4.847682706188815693e+00 -1.449255326289473379e-02 2.251709714099415412e-22
1.611426839235597436e+04 1.404525136741070492e+04 -2.069017024945269441e+03 1.072207419787368643e+01 6.408538390737898716e-02 1.550412691386004828e-21
2.427289567868427912e+04 4.982842783646816315e+03 -1.929005289503746462e+04 1.174181167212524635e+01 1.005839916603500916e-01 2.509814801100993983e-21
2.604268450831076552e+04 3.006168471926935126e+03 -2.303651603638382949e+04 8.572147360672984107e+00 -1.168467173085030869e-01 2.478808998826595185e-21
2.652485399966691330e+04 2.462134374297660088e+03 -2.406271962536925275e+04 7.951368082821620442e-01 -1.471595010515281549e-02 2.569437569434144492e-21
2.667881432784583012e+04 2.251267127088381130e+03 -2.442754720075744990e+04 9.108101284911024331e-01 -1.456914488218364889e-01 2.669410448629785568e-21
2.664288374543062309e+04 2.279719501094180941e+03 -2.436316424433644352e+04 1.096380082423335400e+00 1.441804800905618390e-02 2.661104353782841410e-21
2.679105252382083563e+04 2.253670230254233957e+03 -2.453738229356660304e+04 1.309472496682723364e+00 1.097694825193042817e-01 2.666858986053126688e-21
2.668978925899776004e+04 2.272625882285364696e+03 -2.441716337671239671e+04 8.214619467651721463e-01 -7.576100782537925626e-02 2.663550930635182790e-21
2.670415726519302189e+04 2.270382344172746798e+03 -2.443377492102027463e+04 7.186105941131977204e-01 -9.096490075790363006e-02 2.543549365627671143e-21
2.668568093302618217e+04 2.311305266693425438e+03 -2.437437566633275856e+04 1.346444740330497325e+00 1.175576017879287199e-01 2.633846177328788000e-21
2.652796898963045169e+04 2.462430736559212619e+03 -2.406553825307123770e+04 3.214093600825250974e+00 1.977133322351195821e-01 2.607203474761445352e-21
2.638946785687653028e+04 2.657604339778129997e+03 -2.373186351709840164e+04 3.240739813972332239e+00 6.043076883776266062e-02 2.643988399309823096e-21
2.647944101724039865e+04 2.542034529035056948e+03 -2.393740648820534261e+04 1.886081091263886123e+00 1.737686029300885941e-03 2.668614060361049622e-21
2.634831357196341196e+04 2.663761900330738172e+03 -2.368455167163267470e+04 3.446710305658585494e+00 -5.254674556137101105e-02 2.619018712662878155e-21
2.599042777566267614e+04 3.043734058569067201e+03 -2.294669371709360712e+04 2.469603442567869234e+00 -3.364016278858805720e-02 2.593628925526563250e-21
2.616141835611720307e+04 2.857234831572015992e+03 -2.330418352454518754e+04 3.105828956165918697e+00 3.863386748977585411e-02 2.573964954635856921e-21
2.605200556713674086e+04 2.993062169690846986e+03 -2.305894339744589524e+04 2.065107743405981022e+00 -2.903191424687999803e-02 2.550959362859372372e-21
2.604333225649022643e+04 3.000714408634138636e+03 -2.304261784785608688e+04 1.643295460410093556e+00 3.553384304428941487e-02 2.557222241321282262e-21
2.585106345902017711e+04 3.230694583844889166e+03 -2.262036887517528885e+04 3.751892702111183198e+00 4.678981937876641045e-02 2.440365704500500099e-21
2.548212301025511988e+04 3.596060896649778897e+03 -2.188606211360534144e+04 3.166543114184853902e+00 4.796499813214952918e-02 2.436745304089789301e-21
2.494784420988228521e+04 4.254263156504831386e+03 -2.069358105337745292e+04 1.757341109631052278e+00 -1.362769988222808752e-02 2.409029145886921592e-21
2.406706698473615688e+04 5.271473925149429306e+03 -1.879559305958672849e+04 5.133261086481810231e+00 1.663401222230861121e-01 2.303986024407703133e-21
2.333101472414718228e+04 6.081933076945882021e+03 -1.724908164720129935e+04 8.631425528701315741e+00 -1.118856607064682047e-04 2.212051826618970969e-21
2.234246070388100998e+04 7.176379391173228214e+03 -1.516608131270778176e+04 5.136669034012791180e+00 -6.266031035475382038e-02 2.239860064818171229e-21
