0.000000000000000000e+00 3.142125826808853890e+04 3.142125826808853890e+04 nan 5.256504122983398020e+01 3.220132784338153024e-25
2.090124586198406225e-94 3.142174268018295697e+04 3.142174268018295697e+04 5.014452162045884620e+01 7.539825202777623581e+00 3.213879526826185071e-25
1.610801834015951737e-43 3.141353374881147101e+04 3.141353374881147101e+04 2.658875380196165850e+01 3.302377414429321423e+00 3.203295897868738308e-25
1.079950836475203035e-25 3.141658933289014021e+04 3.141658933289014021e+04 1.379771888092206389e+01 1.848371243975469369e+00 3.226197685451394242e-25
1.960946143893835398e-17 3.141652469661058785e+04 3.141652469661058785e+04 8.411587444287556892e+00 -2.999024612971738502e-01 3.223715644814540173e-25
8.624954680541179719e-13 3.142975210109984255e+04 3.142975210109984255e+04 5.954587489404890022e+00 4.265509929677571144e-01 3.238994336645598471e-25
2.051616905547954048e+03 2.923418724871603627e+04 2.718257034316808131e+04 4.738740543668995997e+00 -1.252341359953490774e-01 1.223612145899730433e-22
1.637220645526364569e+04 1.374627120203723643e+04 -2.625935253226409259e+03 1.464247404822495646e+01 -1.588513555582064807e-01 9.384920939263927095e-22
2.425827297523565721e+04 4.994871989666344234e+03 -1.926340098556931480e+04 1.448850690968204447e+01 3.788209599373205949e-02 1.397693548879566856e-21
2.604730239171620633e+04 2.966900626340137933e+03 -2.308040176537606749e+04 4.717483463867218063e+00 -4.906097302336457494e-02 1.457322525090281196e-21
2.652489235839955290e+04 2.434820790460820263e+03 -2.409007156793873219e+04 1.020421176882101877e+00 3.311575508401545104e-02 1.514583594938984900e-21
2.664200185635693924e+04 2.298243392037771173e+03 -2.434375846431916943e+04 1.055770314175253910e+00 -1.908361410207362260e-02 1.519917873466066358e-21
2.672462662118808657e+04 2.262829291606064089e+03 -2.446179732958202294e+04 9.646991653170488012e-01 -7.613766543523713126e-02 1.531408260005263505e-21
2.671942330232438326e+04 2.272113378951992672e+03 -2.444730992337239149e+04 8.532221979303226123e-01 3.198596888339788613e-02 1.522605143901716653e-21
2.666829294648921132e+04 2.283599033298709855e+03 -2.438469391319050192e+04 5.954247795678359045e-01 5.437491081863753649e-03 1.563458628451519903e-21
2.665381958098049654e+04 2.300848647123204501e+03 -2.435297093385729386e+04 6.943512459656088209e-01 -7.129801739740729456e-03 1.490920707909098146e-21
2.667022792212340937e+04 2.292338032236746130e+03 -2.437788988988666461e+04 8.510413500722638913e-01 -3.530935990385028478e-02 1.547744111284168056e-21
2.667842101087516130e+04 2.291074357893181968e+03 -2.438734665298197797e+04 6.650785325008068405e-01 1.072146910127482339e-01 1.539532584275339414e-21
2.636243653563562111e+04 2.612380119398739680e+03 -2.375005641623688280e+04 1.701783216489048955e+00 -1.000912268136893296e-01 1.519294340973237256e-21
2.639410550411540680e+04 2.624064049156424971e+03 -2.377004145495898047e+04 4.043567905770967030e+00 -6.941572091780728870e-02 1.557000151114301965e-21
2.609918543339883399e+04 2.958762226803042267e+03 -2.314042320659579127e+04 3.634254602351056462e+00 -6.016681276384361343e-02 1.532781650389114663e-21
2.616971517761575888e+04 2.913544315363785245e+03 -2.325617086225197272e+04 2.000731870064714091e+00 1.160576073136479619e-01 1.575888816496517292e-21
2.616091213445085305e+04 2.861829786320603944e+03 -2.329908234813025047e+04 1.842575433977468480e+00 5.947426677379394344e-02 1.522250603556796958e-21
2.590100690051729180e+04 3.143981377897194761e+03 -2.275702552262009704e+04 2.333250618443918345e+00 3.016336869590123884e-02 1.516090519114132476e-21
2.582350535675631909e+04 3.279313241927176023e+03 -2.254419211482914397e+04 2.601446362543333279e+00 -1.288996581726410962e-01 1.592269104309803493e-21
2.570176556714712206e+04 3.465919905316284712e+03 -2.223584566183083734e+04 2.365200672735619403e+00 -6.038480731189952572e-02 1.503990170226074529e-21
2.547220639471919640e+04 3.686266905825994399e+03 -2.178593948889320018e+04 3.272271849971536639e+00 -1.113371440098564896e-01 1.505451723625232777e-21
2.467953027242178723e+04 4.572457717375198627e+03 -2.010707255504658679e+04 2.512276911340586505e+00 7.481430788388804265e-02 1.406686516748695866e-21
2.438701212591120930e+04 4.850900954294827898e+03 -1.953611117161637958e+04 1.614722922430392060e+00 -7.673475982276382890e-02 1.416622921652738688e-21
2.340045630625451668e+04 5.948195198371553488e+03 -1.745226110788296501e+04 5.298095860886323116e+00 9.812133905290633396e-02 1.322312095697186995e-21
2.213134822354600328e+04 7.388992747140691790e+03 -1.474235547640531149e+04 5.287788902946289227e+00 9.872329915928311495e-02 1.271810217505868113e-21
