0.000000000000000000e+00 3.142169219896902723e+04 3.142169219896902723e+04 nan 3.756959115115739678e+01 3.217414521825069926e-25
2.475594528497365433e-94 3.141643247878055990e+04 3.141643247878055990e+04 5.184052029190399935e+01 8.384005322052134446e+00 3.216075953827874863e-25
1.562021106414590234e-43 3.142525561981683131e+04 3.142525561981683131e+04 2.187911101348432297e+01 3.293606419446307942e+00 3.238551872007129063e-25
1.065901429240335291e-25 3.141200914695781103e+04 3.141200914695781103e+04 1.293659268002806328e+01 1.737462332159725120e+00 3.202188018015271928e-25
2.431259047521567321e-17 3.141692280053882496e+04 3.141692280053882496e+04 7.577630178291705931e+00 3.308075111997884066e-01 3.204996793109020588e-25
3.095626251211902865e-12 3.141938053826757096e+04 3.141938053826756732e+04 5.723369430415619519e+00 6.691086056036565921e-01 3.205532687120383914e-25
2.708350922517808613e+03 2.853127399680116650e+04 2.582292307428335698e+04 4.271604988338915554e+00 -3.322613509529234177e-01 1.553541487798888671e-22
1.713112911623042601e+04 1.286771847128676382e+04 -4.263410644943662192e+03 1.775450517380686222e+01 -1.372057519209006760e-01 9.370039914613363181e-22
2.428595507437664128e+04 4.962441057163477126e+03 -1.932351401721316506e+04 1.292174407272715264e+01 6.044528138655323041e-02 1.338057175638079819e-21
2.618359576885887509e+04 2.878349014883880500e+03 -2.330524675397499595e+04 1.005584068282274579e+01 2.698233985322257555e-01 1.506492422677133117e-21
2.665681706535424746e+04 2.335754057030974764e+03 -2.432106300832327179e+04 8.037949015233772920e-01 1.634196572240393663e-01 1.514294254106061695e-21
2.660787973800303007e+04 2.312858917336314789e+03 -2.429502082066671574e+04 7.297864530203144184e-01 -8.900593381790945779e-02 1.519678124699229847e-21
2.663005171193051865e+04 2.292000583521420140e+03 -2.433805112840909715e+04 6.664121856894010820e-01 1.535053215265254345e-02 1.516045218271486070e-21
2.665144463978628846e+04 2.280592233816206772e+03 -2.437085240597008305e+04 8.610917534550001085e-01 6.948856150197582626e-02 1.502965809058088285e-21
2.664453196291232234e+04 2.288928315530194141e+03 -2.435560364738212957e+04 6.547823408957412772e-01 3.479538294490155254e-03 1.541507496975335896e-21
2.664354752715193172e+04 2.278580387353554215e+03 -2.436496713979837659e+04 1.018416328878868571e+00 -3.648973078779419593e-02 1.520507571259194682e-21
2.665968565139708517e+04 2.317367423781461184e+03 -2.434231822761562216e+04 6.214933949641396005e+00 -1.126836503566286396e-02 1.567459794849876320e-21
2.656916645496296769e+04 2.443209371563466448e+03 -2.412595708339950215e+04 2.626406060084042426e+00 1.179340946628384540e-01 1.509277282454870960e-21
2.655229030794752180e+04 2.459159169292017850e+03 -2.409313113865550258e+04 2.232838344154644883e+00 -3.197272214208882191e-02 1.496462416074452785e-21
2.649177453157685159e+04 2.496900966141889057e+03 -2.399487356543496207e+04 2.443729874204924712e+00 8.474273160622087633e-06 1.534828352724310560e-21
2.632055631600855486e+04 2.720582132690172784e+03 -2.359997418331838344e+04 1.977155431271081509e+00 -3.328948958605571200e-03 1.543289831637883962e-21
2.611264670570143062e+04 2.898303995289977593e+03 -2.321434271041145257e+04 3.309651157078357553e+00 2.097078062853005576e-02 1.467575802474441533e-21
2.614730787478046113e+04 2.867857899038458527e+03 -2.327944997574200170e+04 3.432364440089330060e+00 -1.023989430620419333e-01 1.492349078962940643e-21
2.598538881460153061e+04 3.028201941593179527e+03 -2.295718687300835154e+04 2.790892733304136897e+00 4.257007166877880416e-02 1.496714793784667318e-21
2.587397613665708923e+04 3.196523569054566906e+03 -2.267745256760252232e+04 3.444369987440898395e+00 -2.184687919359767916e-02 1.512850550239935016e-21
2.593472263405982085e+04 3.146302453986344062e+03 -2.278842018007347724e+04 2.695287353440148248e+00 3.997064479436356760e-02 1.512161400544353013e-21
2.536345763432070817e+04 3.792569444814695544e+03 -2.157088818950601126e+04 3.011803145223935108e+00 -1.290838721064415384e-01 1.450258179534868347e-21
2.454677617733328589e+04 4.697545550771633316e+03 -1.984923062656165348e+04 3.200490934586169178e+00 5.411315823588899732e-02 1.427066979457119188e-21
2.405277459596207700e+04 5.286144465508600661e+03 -1.876663013045347543e+04 4.126031002475141207e+00 -1.262879981747080105e-01 1.372117619100613060e-21
2.370925594432243452e+04 5.669760702364721510e+03 -1.803949524195771301e+04 2.618930739030720378e+00 -1.511588597824393698e-01 1.403845911586140691e-21
2.213287060512918470e+04 7.380398909582660963e+03 -1.475247169554652282e+04 3.346225640477805907e+00 -1.946848309190453152e-01 1.314601356732951053e-21
