0.000000000000000000e+00 3.142274126071698993e+04 3.142274126071698993e+04 nan 3.592598970681451931e+01 3.234513352522554091e-25
2.388335504850222363e-94 3.142006535803076986e+04 3.142006535803076986e+04 5.422703902237235951e+01 7.033951564272847179e+00 3.213420045833240002e-25
1.641270784151868364e-43 3.141446497313463260e+04 3.141446497313463260e+04 2.094485343219349360e+01 3.385028723919193183e+00 3.211701751577282398e-25
8.394739429010347038e-26 3.142281867706850971e+04 3.142281867706850971e+04 1.321832216137882199e+01 1.259337155965852384e+00 3.224468807589188925e-25
2.495400513378815380e-17 3.141670704016730451e+04 3.141670704016730451e+04 8.330697829186950898e+00 3.303148457530346582e-01 3.224719914473429059e-25
9.044263672937075749e-13 3.141655230873002438e+04 3.141655230873002438e+04 6.507116681329193852e+00 5.115807484611281097e-01 3.222512891393397768e-25
2.089516668311594003e+03 2.920134585785218951e+04 2.711182918954059642e+04 4.437673192639113751e+00 -7.405464973688852259e-02 1.216325485445713976e-22
1.619381177999133070e+04 1.392919235812739680e+04 -2.264619421863933894e+03 1.105581199172691242e+01 -5.333240955029897729e-02 9.243572516296960184e-22
2.431617343245869415e+04 4.876991815433136253e+03 -1.943918161702555881e+04 6.066675791631308101e+00 6.094982565489348580e-02 1.447392843087908055e-21
2.633902643409099255e+04 2.663221008788842028e+03 -2.367580542530215098e+04 9.257408001527814179e+00 3.679442364788755582e-02 1.523701472579305726e-21
2.651842825579970668e+04 2.446877964025068195e+03 -2.407155029177463803e+04 1.381744286669035260e+00 -7.937985303808878235e-02 1.480750603109078814e-21
2.670202667536519584e+04 2.259854772865812265e+03 -2.444217190249938358e+04 7.565556290351574953e-01 3.973843740688842024e-02 1.537342582298968888e-21
2.669031250872977034e+04 2.276531005956849640e+03 -2.441378150277291934e+04 5.307433517550332880e-01 -1.805259589857627182e-04 1.548907981845451983e-21
2.674989923579511378e+04 2.246771499212767139e+03 -2.450312773658234801e+04 1.159373493978655745e+00 4.648625787476875354e-02 1.566207696962529531e-21
2.664019269271512894e+04 2.287771811697995417e+03 -2.435242088101713307e+04 9.181097540589702177e-01 -1.595208223256643770e-02 1.476180820691927266e-21
2.660282865583691091e+04 2.310912762617994304e+03 -2.429191589321891661e+04 1.179619496842816195e+00 4.722475923478844373e-02 1.513880959074951288e-21
2.668255604389054133e+04 2.308404988096250690e+03 -2.437415105579428928e+04 1.414764013292046707e+00 9.754739567761960828e-02 1.516074997614582230e-21
2.655531769353520940e+04 2.432969297813424419e+03 -2.412234839572178316e+04 9.775271684550915774e-01 -1.206094771880762868e-02 1.522335464472374982e-21
2.643513261066004270e+04 2.556239672352962316e+03 -2.387889293830707902e+04 2.219656705503809668e+00 8.365329316207674101e-03 1.504226061591823898e-21
2.622447925288794067e+04 2.804510978672646615e+03 -2.341996827421529451e+04 1.265500559276135251e+00 -6.374245762196510678e-02 1.530754859768460160e-21
2.609374874200816703e+04 2.954084593711913385e+03 -2.313966414829625501e+04 3.162989552957482520e+00 -2.292138229283886552e-01 1.533546830283210181e-21
2.623796526788464325e+04 2.755128600238593208e+03 -2.348283666764605005e+04 4.122972855160195849e+00 -3.976920944746597381e-02 1.532160991536431843e-21
2.607200828941321379e+04 2.942532229501628535e+03 -2.312947605991158343e+04 2.413308096026911542e+00 2.151007413829529938e-02 1.497601425016843232e-21
2.615495362231885883e+04 2.894741383209969626e+03 -2.326021223910888875e+04 1.796902704595520150e+00 -3.525863529853329875e-02 1.552350696884647165e-21
2.594302431587152387e+04 3.134038198904018373e+03 -2.280898611696750595e+04 6.012885695093099336e+00 2.380292311615488446e-02 1.518800058954783732e-21
2.590684286918300131e+04 3.211033837260484233e+03 -2.269580903192251571e+04 3.825427446383336427e+00 -4.882324276884519865e-02 1.479465256097411067e-21
2.587578792525734752e+04 3.236725241106887552e+03 -2.263906268415045997e+04 4.042189170775158935e+00 -3.420647275493144540e-02 1.506055841584961024e-21
2.459814752164676247e+04 4.635200146776320253e+03 -1.996294737487044040e+04 2.769338614617556704e+00 4.958473382904275001e-02 1.443798073139788728e-21
2.395543151815240708e+04 5.371179556544388106e+03 -1.858425196160801715e+04 3.913920427271828206e+00 9.824226549257740471e-02 1.368218905035975611e-21
2.340010534181448747e+04 6.007076463800808597e+03 -1.739302887801367979e+04 4.936923055449503828e+00 3.049102541743301410e-03 1.374125679543222149e-21
2.256882311026199386e+04 6.960674303949894238e+03 -1.560814880631209962e+04 2.981174695176143086e+00 -6.336097576119344155e-02 1.290707185299564574e-21
