0.000000000000000000e+00 3.141407605263956066e+04 3.141407605263956066e+04 nan 3.756959434731098924e+01 3.197458700050451128e-25
1.859834427617610553e-94 3.142436058821424012e+04 3.142436058821424012e+04 5.052230461979257115e+01 8.373512196843774902e+00 3.225773285718158899e-25
1.247023637957981288e-43 3.142564949920143772e+04 3.142564949920143772e+04 2.617426814031275839e+01 3.390126044845354958e+00 3.241887521029931012e-25
1.103234995952112243e-25 3.141237340855185539e+04 3.141237340855185539e+04 1.322102284443815456e+01 1.728905307019261484e+00 3.202978516226277703e-25
1.697265888682073522e-17 3.142330627977041513e+04 3.142330627977041513e+04 9.098260889309145227e+00 -4.429742355589545433e-01 3.239636164238076507e-25
3.160021740973424987e-12 3.141604512782992242e+04 3.141604512782991878e+04 5.840370020686989072e+00 8.646504229895811688e-01 3.204008029143514356e-25
2.283992350193290349e+03 2.900820037975864761e+04 2.672420802956535772e+04 4.026973924058395049e+00 -2.022689227747710428e-01 1.279802992447370366e-22
1.614426934967675152e+04 1.400122570199562688e+04 -2.143043647681124639e+03 1.096429660992300903e+01 -1.143891413146024966e-01 8.857778563049794183e-22
2.421141119882405110e+04 5.079569819504001316e+03 -1.913184137932004887e+04 1.260078354364929432e+01 -1.738757854180894569e-01 1.348710249082885075e-21
2.622402531338901827e+04 2.874540051511673482e+03 -2.334948526187734387e+04 5.606600147535522716e+00 -1.477586335984031052e-02 1.525793394478980858e-21
2.662509591529233876e+04 2.359913060898632466e+03 -2.426518285439370811e+04 5.839584860208780981e+00 -6.954591775543722543e-03 1.573569595021150038e-21
2.671922590901275544e+04 2.270552894013428158e+03 -2.444867301499932728e+04 1.006518615296993824e+00 -1.647937784164052732e-01 1.488804317009259092e-21
2.670728528222906243e+04 2.262916077108971422e+03 -2.444436920512009237e+04 9.229253723354498007e-01 2.122792101026299560e-02 1.499523771229397512e-21
2.672990418229018906e+04 2.279290135286744771e+03 -2.445061404700344428e+04 6.939533291031482198e-01 6.071953026735804615e-02 1.508642674817241506e-21
2.670718959021575574e+04 2.265403696585190119e+03 -2.444178589363056381e+04 6.126242821663780980e-01 7.600701220416820891e-02 1.550151954307442100e-21
2.669349059738567303e+04 2.294917880019386303e+03 -2.439857271736628536e+04 1.317136749231396342e+00 1.965615006025321632e-01 1.525532387766387033e-21
2.670388124738907209e+04 2.282438638718664606e+03 -2.442144260867040794e+04 5.418444909375913499e-01 8.499920134432410734e-02 1.522850196285827330e-21
2.652734609556595751e+04 2.493399780624573850e+03 -2.403394631494138230e+04 2.050837140970138694e+00 -5.222691857974188362e-02 1.554106033936880976e-21
2.659474771880192202e+04 2.404239392943318762e+03 -2.419050832585860189e+04 1.987693128161667433e+00 6.049674275985009869e-02 1.460221516202419777e-21
2.636420097652745972e+04 2.673467691125911642e+03 -2.369073328540154762e+04 1.713213574035058473e+00 2.024241202827910605e-02 1.573068359309988747e-21
2.606102816819330474e+04 2.954092479013350385e+03 -2.310693568917995435e+04 2.269838475842340220e+00 -1.178217714406918359e-01 1.485754161719162201e-21
2.598403176576900296e+04 3.061282155312494069e+03 -2.292274961045650707e+04 3.116436268798707498e+00 2.152957114428243335e-01 1.473179697387602886e-21
2.619771907050762093e+04 2.813879265775929071e+03 -2.338383980473169140e+04 2.607636960915897806e+00 -1.069169794242415678e-01 1.491222302417060848e-21
2.597241239252709056e+04 3.066207363463657202e+03 -2.290620502906343245e+04 2.603915978423147148e+00 -8.786481950195106083e-02 1.488537207800486115e-21
2.603877067115332102e+04 3.048334216115727941e+03 -2.299043645503759399e+04 2.196409513598423402e+00 -3.991361141974746063e-02 1.501019488798490494e-21
2.573840413919742059e+04 3.331553610758032846e+03 -2.240685052843938684e+04 4.226791383276323977e+00 -2.091599144478176464e-01 1.507576103100260717e-21
2.553554532632238625e+04 3.611801161125836643e+03 -2.192374416519654915e+04 2.396144311283104233e+00 -1.489519993200461023e-01 1.519710391185361840e-21
2.520956381506833350e+04 3.963163413183020566e+03 -2.124640040188531202e+04 2.518943149253289437e+00 5.163525564681154673e-02 1.485525506272100973e-21
2.444257472200413031e+04 4.782883810328376967e+03 -1.965969091167575243e+04 3.405318421893313907e+00 -1.241187211657097667e-01 1.411111785869198430e-21
2.349770877202754491e+04 5.901597415780870506e+03 -1.759611135624667440e+04 3.616339869812065899e+00 2.391620132507457641e-02 1.354469471252388995e-21
2.254455629431747366e+04 7.004985858314536927e+03 -1.553957043600293764e+04 8.570651978785123859e+00 9.567616033841240542e-02 1.274265636323783886e-21
