0.000000000000000000e+00 3.141878447939870603e+04 3.141878447939870603e+04 nan 3.336043427374612946e+01 3.225876610815365634e-25
2.358135692639232396e-94 3.141764782026359899e+04 3.141764782026359899e+04 5.293315182024525001e+01 8.695675547322698762e+00 3.204326396693518099e-25
1.918592545522291056e-43 3.142392279777547083e+04 3.142392279777547083e+04 2.070246218711418251e+01 3.390329747575442809e+00 3.216777580103749185e-25
9.138554793080192214e-26 3.141861891275836388e+04 3.141861891275836388e+04 1.321849738674016095e+01 1.304113174313540791e+00 3.217079121901299270e-25
2.161892318955951085e-17 3.142555356898190075e+04 3.142555356898190075e+04 9.116962079274607333e+00 4.315979266616012944e-01 3.237787870531649298e-25
9.816563446311076885e-13 3.142410979590928400e+04 3.142410979590928400e+04 6.204221175932151056e+00 5.825207877398753675e-01 3.233527224004343316e-25
2.502517039714672592e+03 2.876620954333639020e+04 2.626369250362171806e+04 4.222465654783729150e+00 -1.916757009139821999e-01 2.305514464438096247e-22
1.615763400786875172e+04 1.394510841568028263e+04 -2.212525592188469091e+03 9.211028370742894822e+00 -7.764958404277856607e-02 1.603225813248727026e-21
2.405791908589275772e+04 5.200204814751731647e+03 -1.885771427114102698e+04 1.091434069780406446e+01 -2.091925653160845930e-02 2.336051256710874712e-21
2.611511615282626008e+04 2.950421062837652244e+03 -2.316469508998860692e+04 7.944464706709235990e+00 1.838964112884907201e-02 2.570972090625163742e-21
2.664211352325607368e+04 2.347845811938725092e+03 -2.429426771131734858e+04 3.704703378447781859e+00 3.422524547109647569e-02 2.665468103179406237e-21
2.664562956368390223e+04 2.336951645105114949e+03 -2.430867791857878910e+04 7.635811248402309959e-01 -1.027678447425642155e-01 2.615967909940120742e-21
2.671936084361133544e+04 2.255519212665566101e+03 -2.446384163094576797e+04 7.928556132128420364e-01 1.217662459672027020e-01 2.631517270351908910e-21
2.667184400222784461e+04 2.285890266005832927e+03 -2.438595373622201078e+04 8.355706445660423531e-01 7.810492630283109861e-02 2.627058826379539071e-21
2.664468901362890392e+04 2.282980428193789976e+03 -2.436170858543511349e+04 8.059849193757345764e-01 4.304739138032300655e-02 2.635472028557982765e-21
2.665536142490829661e+04 2.286209306112754348e+03 -2.436915211879554408e+04 1.176355683889386716e+00 6.936377725657327797e-02 2.627226736472354792e-21
2.662994705329789576e+04 2.322562851647705884e+03 -2.430738420165019124e+04 1.728203111340895326e+00 3.035856955129410603e-02 2.562618514281581582e-21
2.666266083072454785e+04 2.321987222130850114e+03 -2.434067360859369728e+04 5.456531981952688071e-01 6.225254544940374973e-02 2.720726664522628381e-21
2.648682432515401524e+04 2.500670210974804831e+03 -2.398615411417921132e+04 2.850334181291410474e+00 9.827480747516396942e-02 2.486661140610674319e-21
2.630878803775333654e+04 2.682870121693518740e+03 -2.362591791605981780e+04 3.017004938129449698e+00 9.460471217904109498e-02 2.631393737690379285e-21
2.636022139391520614e+04 2.608925279435127322e+03 -2.375129611448007927e+04 3.756246120200124494e+00 -8.637447494167106721e-02 2.565704599175653259e-21
2.627037193232419304e+04 2.799441791608248877e+03 -2.347093014071594371e+04 3.899600085350819700e+00 -9.384998769624774972e-02 2.660186254967435503e-21
2.618914093022503585e+04 2.910556278552572621e+03 -2.327858465167246322e+04 1.144200692582347578e+00 6.552489375284940853e-02 2.568201324394665278e-21
2.606785634441848742e+04 2.958722373053614774e+03 -2.310913397136487401e+04 2.146581127645650344e+00 4.035809269588513937e-02 2.490419433702999730e-21
2.597497624080253081e+04 3.070485877490838902e+03 -2.290449036331169191e+04 1.834060767932574665e+00 -4.877128418712468882e-03 2.522730908566136893e-21
2.562615774840478844e+04 3.453786376273114456e+03 -2.217237137213167443e+04 3.714550268220092821e+00 -9.586497984909636561e-02 2.728392383476338843e-21
2.570479834110704905e+04 3.420697268341152721e+03 -2.228410107276589770e+04 4.919489980367636406e+00 6.743267304779793254e-03 2.723716787270891748e-21
2.510607603523745274e+04 4.103348268448597082e+03 -2.100272776678885566e+04 2.522428375955976687e+00 2.308440104759999431e-02 2.552704071240195370e-21
2.401512814860307844e+04 5.304324640097109295e+03 -1.871080350850596733e+04 3.643565822816396516e+00 -8.549880868380706211e-02 2.352502540822411670e-21
2.384708204726301483e+04 5.504802091383207880e+03 -1.834227995587980695e+04 4.567749574482716568e+00 -7.480667531013583671e-02 2.472491196967777461e-21
2.254279620106057700e+04 6.987762212180768074e+03 -1.555503398887980802e+04 3.223732162127455947e+00 -8.295639807179838732e-02 2.225475667711360024e-21
