0.000000000000000000e+00 3.141768784076119846e+04 3.141768784076119846e+04 nan 3.374410361266831870e+01 3.208740642354724453e-25
2.005137158118033589e-94 3.142168267571386968e+04 3.142168267571386968e+04 5.339286018155823399e+01 8.387540721622883666e+00 3.216043473376561986e-25
1.658935147064580624e-43 3.142884750614803124e+04 3.142884750614803124e+04 2.473194895228077073e+01 3.478734019306005010e+00 3.234437293491821385e-25
1.090958270745415214e-25 3.142151682238295689e+04 3.142151682238295689e+04 1.317504180354834631e+01 1.165179006731553280e+00 3.231772048251967208e-25
2.376326829322610729e-17 3.141865361710676007e+04 3.141865361710676007e+04 9.139055934922536650e+00 2.710589267024228199e-01 3.209413067869194434e-25
3.616282980420872928e-12 3.141663732980408531e+04 3.141663732980408167e+04 5.418201636514070607e+00 6.464746043763240912e-01 3.221323257712948832e-25
2.387288727132760869e+03 2.887902173374030826e+04 2.649173300660754830e+04 3.861569592458407474e+00 -1.555379237741315313e-01 2.394100374993013418e-22
1.606303439176354186e+04 1.406652480156339516e+04 -1.996509590200146704e+03 1.293853911138340784e+01 -8.893803203646062638e-02 1.478165452739392329e-21
2.441607726653202189e+04 4.788367871182695126e+03 -1.962770939534932768e+04 1.618942026862261230e+01 -2.017790792630043753e-02 2.369214674319983981e-21
2.630723156411306991e+04 2.747614553140830139e+03 -2.355961701097224068e+04 3.394009207521623939e+00 -1.226207273348593335e-01 2.651516477808518191e-21
2.663205761678962517e+04 2.398083999683685761e+03 -2.423397361710594123e+04 7.106022175487684223e+00 -7.811603534385531955e-02 2.618588977113027511e-21
2.666870023550472615e+04 2.303717613242393782e+03 -2.436498262226233055e+04 6.830924594204675904e-01 4.089837948179714244e-02 2.510455170452845366e-21
2.668298459833901506e+04 2.264999377686715889e+03 -2.441798522065229918e+04 8.522916082845884977e-01 -5.931171232447962627e-02 2.590025032253200280e-21
2.666773594642203170e+04 2.263120628521455274e+03 -2.440461531790057779e+04 8.343525964111347948e-01 -1.031779636551478398e-02 2.586653756301367177e-21
2.669713677741973879e+04 2.280275099215403316e+03 -2.441686167820433548e+04 9.132578270482137883e-01 7.830287819793128878e-02 2.614755975387732133e-21
2.668556815292678584e+04 2.276371875201201874e+03 -2.440919627772558306e+04 8.995289835994083605e-01 -3.893897579496535116e-02 2.584238310089490201e-21
2.666758666155335231e+04 2.320223167769236170e+03 -2.434736349378411614e+04 1.441386848337842252e+00 -3.728049950026742637e-02 2.594388219927505744e-21
2.665230674620035643e+04 2.353832802810291014e+03 -2.429847394339006496e+04 2.012138206085988035e+00 5.614467335133064424e-02 2.763143503431458954e-21
2.653332888654517228e+04 2.453419977558691244e+03 -2.407990890898647922e+04 2.808745843459488967e+00 4.310372044269627362e-02 2.594259846483967386e-21
2.627501948409792021e+04 2.713798724782677709e+03 -2.356122075931524159e+04 2.614898211448626775e+00 4.367894984249753865e-02 2.547762424492947376e-21
2.626720704097906128e+04 2.809623938408495633e+03 -2.345758310257056655e+04 3.438681750502421419e+00 1.284607266043225893e-01 2.676542586885471998e-21
2.609953038069604008e+04 2.885626267965532406e+03 -2.321390411273050631e+04 2.784234526060307413e+00 -2.261910111892698194e-02 2.606837971169677327e-21
2.588904078873514663e+04 3.174199265661761729e+03 -2.271484152307338445e+04 2.652096627421195674e+00 1.554740420129144783e-02 2.606566294242290422e-21
2.614326236366497324e+04 2.910986723677223381e+03 -2.323227563998775076e+04 2.503167154263693295e+00 -7.159279823368387696e-02 2.581554369343654246e-21
2.581064017275468723e+04 3.344279259036964959e+03 -2.246636091371772272e+04 5.545317579380864004e+00 -1.215034123368661234e-01 2.493257061034153857e-21
2.544277503277075084e+04 3.668088849239946285e+03 -2.177468618353080456e+04 2.587032607657484995e+00 -6.184815188842579525e-02 2.505957682406736053e-21
2.557906919888195625e+04 3.525552954187530304e+03 -2.205351624469442686e+04 2.939237351826207600e+00 1.038126326812126715e-01 2.582786754666052741e-21
2.452955056920362767e+04 4.758178033668779790e+03 -1.977137253553484697e+04 4.250424395774257569e+00 -7.827691106399899124e-02 2.440470080788810648e-21
2.437037725426035831e+04 4.921373133997036348e+03 -1.944900412026332197e+04 4.237136984667791317e+00 -1.209560916967751254e-01 2.405784367159052096e-21
2.356851892922505067e+04 5.840091117035309253e+03 -1.772842781218974051e+04 2.991023242612246946e+00 1.142990451581835272e-02 2.301190950305964777e-21
2.176464999181435633e+04 7.807784654372483601e+03 -1.395686533744187182e+04 4.116550973084334153e+00 -1.985108374480712076e-02 2.070232437897733036e-21
