0.000000000000000000e+00 3.141555658100034634e+04 3.141555658100034634e+04 nan 3.070429921152572206e+01 3.203811251219210222e-25
2.386059571867476499e-94 3.142004316357359858e+04 3.142004316357359858e+04 4.752693156578853717e+01 1.259164699566622936e+01 3.222475873175886106e-25
1.373886547202858622e-43 3.141624225150842176e+04 3.141624225150842176e+04 2.596408118391726916e+01 3.357478287422571039e+00 3.219939232654961885e-25
9.600258596717127579e-26 3.141766143536291202e+04 3.141766143536291202e+04 1.260563195167438799e+01 1.544942079147754832e+00 3.228346245332489972e-25
2.031966818966823565e-17 3.141420125858806932e+04 3.141420125858806932e+04 8.297328576227402053e+00 1.347808249880336762e-01 3.216875305734620458e-25
1.115657154200830768e-11 3.141424335245699331e+04 3.141424335245698239e+04 7.188884375402555982e+00 6.659237235604743566e-01 3.211529492022624001e-25
2.305669520903458306e+03 2.897912121421259144e+04 2.667345169330913268e+04 4.104258795880570965e+00 -1.368227358648352321e-01 1.237513079655464856e-22
1.616845121506626310e+04 1.393697880321054072e+04 -2.231472411855722385e+03 4.914022095659103861e+00 -7.002626077628112955e-02 9.313823148842843829e-22
2.399691123379857527e+04 5.230116208840118816e+03 -1.876679502495845736e+04 1.092225366746603754e+01 -4.820739065109524990e-02 1.357753518942439375e-21
2.611321590104727511e+04 2.949542283813673748e+03 -2.316367361723360227e+04 1.293046909489586449e+00 -1.226816870674617664e-02 1.474719878245234151e-21
2.659853507732924118e+04 2.382333284531242498e+03 -2.421620179279799777e+04 9.876027438061338870e-01 9.850010625244091933e-02 1.511944719540549242e-21
2.661598755900200558e+04 2.312281955110262970e+03 -2.430370560389174352e+04 6.975213307387061468e-01 1.859915459844141070e-02 1.474137292646027584e-21
2.675091163193184912e+04 2.272597123853195626e+03 -2.447831450807865258e+04 7.914037080855980122e-01 8.082442633692861478e-02 1.509261601399410312e-21
2.668689856754645734e+04 2.273268491048423584e+03 -2.441363007649803330e+04 7.802488175407855664e-01 3.216168507432479867e-03 1.534826976355996357e-21
2.667229635609198158e+04 2.279336820234272636e+03 -2.439295953585770985e+04 8.094473376800820352e-01 -1.532846000826235677e-01 1.525898633789869842e-21
2.669309960175380911e+04 2.276608174245805003e+03 -2.441649142750800456e+04 8.873513580421299451e-01 -3.691952931979731317e-02 1.526545996384030090e-21
2.658687505307729953e+04 2.370696065865735363e+03 -2.421617898721156234e+04 1.798435480214424009e+00 5.349359159579011175e-02 1.534416588841365821e-21
2.657210763539310574e+04 2.362493132348513882e+03 -2.420961450304459140e+04 1.027252416767518772e+00 1.606242646376240465e-02 1.536299120387849968e-21
2.652706981217408975e+04 2.475893908699082203e+03 -2.405117590347500663e+04 1.777357044217662052e+00 2.161472775779892455e-02 1.507951733520304016e-21
2.639206224732774353e+04 2.618551677529985227e+03 -2.377351056979775967e+04 1.386940272423276221e+00 6.594620401952092092e-03 1.535434920465846237e-21
2.617451527980441824e+04 2.858609504929648665e+03 -2.331590577487476912e+04 5.531670314104128572e+00 6.938538852802318690e-02 1.500494810589098604e-21
2.608899760884831267e+04 2.948751228692201948e+03 -2.314024638015610981e+04 2.179887092375185631e+00 2.285275054385824123e-02 1.496777549272936840e-21
2.597632550986743081e+04 3.106995704581608152e+03 -2.286932980528582266e+04 2.686002994270874300e+00 1.844452302346838782e-02 1.493053784022931398e-21
2.589943497136719816e+04 3.188090392921184957e+03 -2.271134457844601275e+04 4.246892523197484337e+00 2.473621749883476995e-02 1.516030020208755815e-21
2.616122262465126187e+04 2.860218927050593720e+03 -2.330100369760066678e+04 4.748941686830401743e+00 4.896510379286499176e-05 1.506269906805193598e-21
2.575237367743588402e+04 3.343829319906948967e+03 -2.240854435752893551e+04 2.396555013550980995e+00 -2.698269172403253147e-02 1.573000722323264614e-21
2.553098126449991832e+04 3.602852101259355550e+03 -2.192812916324056278e+04 2.914215544784758194e+00 6.866343195715608749e-02 1.517414340770784321e-21
2.483953882001163947e+04 4.380773185722639937e+03 -2.045876563428900045e+04 2.141994569195551090e+00 5.614350301451948716e-02 1.383522466850392551e-21
2.378489846196172221e+04 5.551612516632568259e+03 -1.823328594532915304e+04 2.860523022450135233e+00 -1.134284231564383488e-01 1.377319684712825295e-21
2.303034588205628461e+04 6.430330442126749404e+03 -1.660001543992953521e+04 3.810004840823183248e+00 2.176446770746988217e-03 1.322003571949183866e-21
2.226275737415310141e+04 7.290762872761747531e+03 -1.497199450139135297e+04 3.227006501974110098e+00 4.582220767271916878e-02 1.277118953483247290e-21
