0.000000000000000000e+00 3.142075978908356046e+04 3.142075978908356046e+04 nan 3.629840352645127410e+01 3.225046039764730159e-25
2.417211100816660318e-94 3.141755421790796390e+04 3.141755421790796390e+04 5.354778700274055581e+01 8.728050111011695478e+00 3.221656590624593770e-25
1.369721630595920036e-43 3.141257024484578142e+04 3.141257024484578142e+04 2.249342298189290901e+01 3.378467289216024128e+00 3.205299984272038968e-25
1.339152091129593688e-25 3.140543115931947614e+04 3.140543115931947614e+04 1.201152748148581217e+01 1.818910486609116361e+00 3.186552588156603796e-25
1.761646009667103021e-17 3.141555069761204140e+04 3.141555069761204140e+04 8.848324174010080867e+00 2.734356232188029368e-01 3.211691766075457760e-25
8.235054072948337690e-12 3.141613595014761449e+04 3.141613595014760722e+04 5.815632562721373411e+00 6.503349613413297314e-01 3.210034626475795288e-25
2.350977793384624420e+03 2.893599615825679939e+04 2.658501836487217588e+04 4.407735508734171859e+00 -1.145488702988811530e-01 2.605411882801149631e-22
1.659961562646302991e+04 1.346272335909475441e+04 -3.136892267368275498e+03 1.175235224585792260e+01 -5.997803926086631154e-02 1.585883174094904331e-21
2.414849078521492993e+04 5.152117279533877991e+03 -1.899637350568105103e+04 1.302623167766062018e+01 -3.860258449901522032e-02 2.290266076909702615e-21
2.611973245415050042e+04 2.907185593032497763e+03 -2.321254686111800402e+04 5.426235094827681849e+00 -2.365587979159694456e-03 2.566408913858761985e-21
2.647278854237520500e+04 2.456512974235061392e+03 -2.401627556814014315e+04 9.554580444442086318e+00 6.922855315394467468e-02 2.578667341232977171e-21
2.671117672951692293e+04 2.275680064809123905e+03 -2.443549666470779994e+04 2.614275652770647440e+00 6.407961798156648625e-02 2.723408960217332828e-21
2.672198427746078232e+04 2.238739178261241705e+03 -2.448324509919953925e+04 9.133900214208789947e-01 1.120004598202104101e-01 2.659747774693471043e-21
2.666471540479359101e+04 2.272368499884255016e+03 -2.439234690490933644e+04 5.942511661204860074e-01 -9.043529611114502556e-03 2.661371465890173937e-21
2.669451173444027881e+04 2.265133943831504894e+03 -2.442937779060877438e+04 8.269468220147585535e-01 -9.946857310193880919e-03 2.579941139731757040e-21
2.670468205245013814e+04 2.272080675540755692e+03 -2.443260137690938427e+04 7.367113206636278777e-01 -2.952014769476687950e-02 2.474924746169191827e-21
2.671649474824807112e+04 2.263527482432230499e+03 -2.445296726581584153e+04 8.158180247681571240e-01 1.453679678063499459e-01 2.633382544526154628e-21
2.651569926953755567e+04 2.433497869989578703e+03 -2.408220139954797560e+04 1.179840690713612750e+00 7.399276019239191260e-02 2.663042302751390160e-21
2.652520002490024490e+04 2.466254324608992192e+03 -2.405894570029125316e+04 1.732312521014219397e+00 1.144535138178594397e-01 2.642298015879222320e-21
2.636977690496890136e+04 2.649915335304659038e+03 -2.371986156966424096e+04 2.693261755811656943e+00 6.054350165999302508e-02 2.674774229990761104e-21
2.616679468881538196e+04 2.853920717763606262e+03 -2.331287397105177661e+04 1.712370631136973076e+00 5.974897147363637112e-02 2.564511391185467624e-21
2.609397505226030626e+04 2.938359073328806517e+03 -2.315561597893149883e+04 2.231885819376619562e+00 -3.264946115284814154e-02 2.585912996447170708e-21
2.604594059307419957e+04 3.006385081704344429e+03 -2.303955551136985378e+04 2.397562512108039723e+00 4.565333423162207943e-02 2.531692952184569372e-21
2.581885672343010083e+04 3.283430466645683282e+03 -2.253542625678441618e+04 4.800212094349629588e+00 -1.582713316031931355e-02 2.590257741286269391e-21
2.583923699190207844e+04 3.278274569024394168e+03 -2.256096242287768473e+04 2.229871790976890367e+00 8.875495016835747986e-02 2.665975015041106920e-21
2.582753529938116117e+04 3.249475408137802788e+03 -2.257805989124335974e+04 5.451036332423046638e+00 -5.270312506725228358e-02 2.562129004660945526e-21
2.570579704825064618e+04 3.365249881110824845e+03 -2.234054716713982270e+04 3.188132076543586546e+00 -3.565416504211067067e-02 2.596466737514917856e-21
2.496239283013238673e+04 4.268211080929985656e+03 -2.069418174920240199e+04 2.876161501375486651e+00 1.180051070841047212e-01 2.544082810290823374e-21
2.453704486110174548e+04 4.719679962207323115e+03 -1.981736489889442237e+04 2.033588430647457646e+00 -1.870214555954281821e-02 2.431797038453860885e-21
2.399214913444118065e+04 5.363285885366833099e+03 -1.862886324907434755e+04 2.337078910419698730e+00 -2.942220735344509494e-02 2.435687009510575802e-21
2.216519759777052604e+04 7.387057391638361878e+03 -1.477814020613216417e+04 4.936680680529605070e+00 -1.844798014355348084e-02 2.110309247249942456e-21
