0.000000000000000000e+00 3.142088920867160050e+04 3.142088920867160050e+04 nan 3.617426528644950423e+01 3.227544135478210453e-25
2.261716126900614798e-94 3.141774241710489150e+04 3.141774241710489150e+04 5.241954017560561851e+01 7.587546810434756317e+00 3.212555350745473776e-25
1.456828062645165789e-43 3.141449299106523540e+04 3.141449299106523540e+04 2.328906619988219973e+01 3.295500680641984204e+00 3.217137054631314797e-25
9.782171929215343972e-26 3.140959738988878235e+04 3.140959738988878235e+04 1.398420999956582556e+01 1.239595986224775404e+00 3.208908899859766645e-25
2.149412733656411038e-17 3.141728737007454038e+04 3.141728737007454038e+04 8.142203081480785087e+00 3.690460733341536792e-01 3.229617938226243902e-25
3.369601723972516761e-12 3.141799926846597373e+04 3.141799926846597009e+04 5.511613242183959649e+00 5.754468677142470234e-01 3.205926448374456734e-25
2.230083465682799215e+03 2.905142924031419170e+04 2.682134577463139431e+04 3.976468118281627273e+00 -7.609103345909949689e-02 1.213265775716509978e-22
1.673016225494086757e+04 1.338173766379293374e+04 -3.348424591147933825e+03 5.631814102633858177e+00 3.526799215067449172e-02 9.157715859620063496e-22
2.419065868106781272e+04 5.076653343361750558e+03 -1.911400533770606125e+04 1.145387419076681113e+01 2.304883133580851173e-02 1.421910757031191385e-21
2.626847391776154836e+04 2.756627579847950983e+03 -2.351184633791359738e+04 3.270528044222341890e+00 -6.965277537660537199e-02 1.547865630444371921e-21
2.649882383505848702e+04 2.495591171927792857e+03 -2.400323266313069325e+04 2.738190068561125567e+00 3.735196568948243728e-02 1.528807807748306742e-21
2.664192949450181186e+04 2.343133289041336411e+03 -2.429879620546047590e+04 7.087872462758213921e+00 -1.402830740969918388e-01 1.481715866345190426e-21
2.670551389485915934e+04 2.249392848195202532e+03 -2.445612104666395680e+04 9.196994918397027874e-01 -6.269183720560077278e-02 1.570230774254992983e-21
2.662647045707983125e+04 2.289388112097736666e+03 -2.433708234498209640e+04 7.904692165297341200e-01 2.208255344416140964e-01 1.513192638773862741e-21
2.664137859685272997e+04 2.305284962880074545e+03 -2.433609363397265406e+04 6.354624569884832486e-01 1.083349841581578293e-01 1.505455187556768113e-21
2.666704874627216122e+04 2.284552527522138007e+03 -2.438249621875002413e+04 8.013187058338284707e-01 -1.452483308008349905e-01 1.540244401849943336e-21
2.668784897340723546e+04 2.306140006837491001e+03 -2.438170896656974583e+04 1.070227780310570420e+00 9.498270435938775680e-02 1.535620094969139897e-21
2.664721745548557374e+04 2.347424560356120764e+03 -2.429979289512945252e+04 3.064843877845568443e+00 -2.634926771768222528e-02 1.530464500386476491e-21
2.650510839128455336e+04 2.493225898085390327e+03 -2.401188249319916213e+04 1.460199618416655909e+00 -3.963529394245358245e-02 1.518599705796523445e-21
2.631439988827322304e+04 2.678110743246634684e+03 -2.363628914502658881e+04 3.046390253522584857e+00 2.155439923036561733e-01 1.461038366170466336e-21
2.625392211488797329e+04 2.755871378163587451e+03 -2.349805073672438448e+04 4.427597219399719286e+00 -1.701476389004506068e-02 1.536039131453527282e-21
2.626417630998506866e+04 2.797648031750717109e+03 -2.346652827823435291e+04 1.848025220272621283e+00 4.979019639630020283e-02 1.524000853725019943e-21
2.631845116490152941e+04 2.768415097758444517e+03 -2.355003606714308626e+04 3.892991780702597993e+00 3.486959911650954619e-02 1.581586510548163066e-21
2.585403116996987228e+04 3.189650558180327607e+03 -2.266438061178954376e+04 2.212094241863985733e+00 8.164403763306028738e-02 1.483921195957812489e-21
2.605050319555580791e+04 2.989703792230079671e+03 -2.306079940332572733e+04 2.558283128849120569e+00 -1.162422466436355967e-01 1.483817959019239007e-21
2.593842010057934021e+04 3.142815771712735113e+03 -2.279560432886660419e+04 2.547351228923718125e+00 -8.592631145589575692e-02 1.592623487531356910e-21
2.538591823389050114e+04 3.773557425094608334e+03 -2.161236080879589281e+04 3.347834588664760247e+00 -1.474880378115158153e-01 1.416138756940182193e-21
2.474777974776832707e+04 4.432445879300228626e+03 -2.031533386846810026e+04 4.390998037226346185e+00 -9.745825203716455831e-02 1.465197498007910206e-21
2.452185331741954360e+04 4.739189414647787999e+03 -1.978266390277175378e+04 3.933120372162234091e+00 -8.638319861906414154e-02 1.424954904136934971e-21
2.344404637819163690e+04 5.954962253285594670e+03 -1.748908412490604314e+04 2.784500832022988259e+00 -8.986798838946911949e-02 1.362015768314501948e-21
2.273314325021922559e+04 6.752724113780544030e+03 -1.598041913643868247e+04 3.684920676664527495e+00 -2.046472266864651779e-02 1.343731711664189822e-21
