0.000000000000000000e+00 3.142500460437325819e+04 3.142500460437325819e+04 nan 3.141347108651578779e+01 3.238426330209745317e-25
2.442319162477006359e-94 3.140996482120754808e+04 3.140996482120754808e+04 5.202299061444131212e+01 8.393082585133575080e+00 3.205142874022214492e-25
1.584904040653154532e-43 3.141942622958082575e+04 3.141942622958082575e+04 2.387547386649329795e+01 3.378808552900588680e+00 3.224607792869205159e-25
1.061096506094344532e-25 3.141157783663878217e+04 3.141157783663878217e+04 1.283941022889876216e+01 1.456438888767677575e+00 3.213343170307907950e-25
2.034519988884351901e-17 3.141524080227322338e+04 3.141524080227322338e+04 8.387968275992184530e+00 -2.972529215066617714e-01 3.208336896215249804e-25
9.718816355769026481e-13 3.142947462820116198e+04 3.142947462820116198e+04 6.146882773421027402e+00 6.039328501030600815e-01 3.245885409960255891e-25
2.587241621429058341e+03 2.867617535684940231e+04 2.608893373542034533e+04 4.145508174034175042e+00 -2.374227288587380247e-01 1.393174769280693695e-22
1.605981314504242800e+04 1.408339270407032018e+04 -1.976420440972107826e+03 1.304989367676711254e+01 -2.416856605993920534e-02 8.847222687925478489e-22
2.436187666670925682e+04 4.869530724450546586e+03 -1.949234594225871115e+04 1.211178556359716119e+01 1.828511630226682672e-01 1.414773780032477501e-21
2.612869981950387955e+04 2.850739838700805194e+03 -2.327795998080307618e+04 6.519376988507377568e+00 7.951136893726741539e-02 1.414384082947292825e-21
2.651593671516606264e+04 2.448507717743845660e+03 -2.406742899742221562e+04 2.383156656691452380e+00 6.087444435901421397e-02 1.518521291859008947e-21
2.665242571712450808e+04 2.300499621223093072e+03 -2.435192609590141365e+04 5.170795753812595485e+00 1.005251327759307256e-01 1.534106264129143731e-21
2.674609695246872070e+04 2.251395226620563335e+03 -2.449470172584815737e+04 7.471975650439867112e-01 4.224490216515506408e-02 1.551885967865915524e-21
2.665337941796330415e+04 2.280580491000137499e+03 -2.437279892696316529e+04 8.904300153605119172e-01 9.694688266386893016e-02 1.516495216220463430e-21
2.668014439641968056e+04 2.272110691031519309e+03 -2.440803370538815943e+04 9.785476182018770785e-01 5.109711245335508273e-02 1.524414044185831694e-21
2.668722145531779825e+04 2.316564039963632240e+03 -2.437065741535416601e+04 1.831055524219623365e+00 4.377363058089501352e-02 1.543631746342950135e-21
2.665351516058169364e+04 2.281184672440248505e+03 -2.437233048814144422e+04 8.834846728670283644e-01 8.007645621702109973e-02 1.535738252534737593e-21
2.661589256837177163e+04 2.393897759478453736e+03 -2.422199480889331608e+04 1.604032935167983398e+00 2.388495192553526103e-02 1.568584089967903475e-21
2.654878689480870162e+04 2.462513154962383396e+03 -2.408627373984631777e+04 1.556615083876231820e+00 2.110624945162334343e-02 1.510244440802324823e-21
2.650012957750118949e+04 2.582578846579334822e+03 -2.391755073092185557e+04 2.934940707377461155e+00 8.317426956699452978e-02 1.589109702568317349e-21
2.630273227293832315e+04 2.720580648523815853e+03 -2.358215162441450593e+04 2.097291519014144345e+00 1.949483516771484126e-01 1.524097862199685236e-21
2.638242515513362014e+04 2.616941448310130454e+03 -2.376548370682348832e+04 1.486500331940195929e+00 -8.352077815087101398e-02 1.544067914065298170e-21
2.613646856893436780e+04 2.930293609676522010e+03 -2.320617495925784533e+04 2.249313739540582890e+00 9.846593173891261472e-03 1.550813905641980592e-21
2.608768185571483991e+04 2.979848289478613879e+03 -2.310783356623622603e+04 2.500206659272700360e+00 -7.682073058289749790e-02 1.502651231521353075e-21
2.588516728033272375e+04 3.169548749040787243e+03 -2.271561853129193696e+04 3.389711983092263292e+00 2.113872664186778813e-02 1.551704111985149931e-21
2.565122174959568292e+04 3.463189306612986456e+03 -2.218803244298269783e+04 2.027988662242458329e+00 7.575522099327046399e-02 1.454627692491531624e-21
2.551016276137149907e+04 3.649271652266198544e+03 -2.186089110910530144e+04 3.052723017530932115e+00 5.959294995440367337e-02 1.513972728405680716e-21
2.496335342565640167e+04 4.182701488052633977e+03 -2.078065193760376860e+04 2.114928852943041893e+00 1.092569951220793839e-01 1.428932647822852868e-21
2.379808287649248450e+04 5.589869901058201322e+03 -1.820821297543428227e+04 3.447493006297101203e+00 2.859500939485186757e-02 1.367768775182834851e-21
2.339068199449980239e+04 6.052799698886065926e+03 -1.733788229561373737e+04 8.384790372313247531e+00 -1.048685373030270873e-01 1.354477179974225273e-21
2.186336600413095948e+04 7.671543165084798602e+03 -1.419182283904616088e+04 2.508152143145189861e+00 -8.973220571974967197e-02 1.233876601871408765e-21
