0.000000000000000000e+00 3.141581684802237214e+04 3.141581684802237214e+04 nan 3.612361171187949793e+01 3.206304812012836967e-25
2.170590065660647731e-94 3.141790798151948547e+04 3.141790798151948547e+04 5.097939668207536812e+01 8.396332337550589386e+00 3.222927309527610430e-25
1.555210417799813435e-43 3.142596850627719687e+04 3.142596850627719687e+04 2.377501638713335197e+01 3.396234484623568139e+00 3.238345999600708588e-25
9.657927506991366189e-26 3.141383143539866796e+04 3.141383143539866796e+04 1.178314334720277579e+01 1.223792320680830326e+00 3.205029752190656089e-25
2.466720372841282449e-17 3.141775477499730914e+04 3.141775477499730914e+04 9.282293797901330024e+00 1.324448979400120463e-01 3.230471375599891500e-25
3.211087039093753391e-12 3.141256159578781080e+04 3.141256159578780716e+04 5.780333834770019052e+00 5.991702109227020623e-01 3.210751315834575135e-25
2.311597588005568014e+03 2.897041105634502310e+04 2.665881346833945645e+04 3.731587116673800164e+00 -1.860950722024206361e-01 2.282670834963683509e-22
1.621683517376935743e+04 1.390686349598540255e+04 -2.309971677783954874e+03 1.286192832206120329e+01 2.266002148354823165e-02 1.550639316466354658e-21
2.417569196078540699e+04 5.091132312389898289e+03 -1.908455964839550870e+04 1.341415205390726761e+01 2.363510610857283423e-02 2.345134966083491449e-21
2.604966927580094489e+04 3.023308076901899767e+03 -2.302636119889904512e+04 5.995180297449483220e+00 3.827866578437705974e-02 2.674082819119666863e-21
2.656922402213592795e+04 2.412650295578170699e+03 -2.415657372655775544e+04 6.068899994104533846e+00 -1.486416637471953683e-01 2.636614527792189937e-21
2.665953265536489562e+04 2.326640680191973388e+03 -2.433289197517292268e+04 2.642854939931365887e+00 1.602486598721410693e-01 2.685537253754655297e-21
2.674795010947808987e+04 2.245775904093248300e+03 -2.450217420538484294e+04 8.639810125893214732e-01 -2.157633567845770785e-03 2.634558683839190109e-21
2.669829163933523159e+04 2.267583017824838407e+03 -2.443070862151039182e+04 8.539029075680786285e-01 1.759583931367872112e-01 2.625231258032970721e-21
2.668908476493381750e+04 2.279466948922727170e+03 -2.440961781601109033e+04 6.230100069229348447e-01 -6.353188177466530251e-03 2.627933416390860658e-21
2.666142811033612452e+04 2.270946150554510950e+03 -2.439048195978161311e+04 8.995271180078890927e-01 2.287324786608555937e-03 2.620416925887439770e-21
2.655282653625884632e+04 2.411213927059904563e+03 -2.414161260919894266e+04 1.805096824998851046e+00 -2.267995636084582222e-03 2.668606312949795002e-21
2.661327490324242899e+04 2.375790969540573769e+03 -2.423748393370185659e+04 1.213285548215868426e+00 1.186991617298823604e-01 2.645938649992665671e-21
2.654288816494627099e+04 2.484037734479854862e+03 -2.405885043046641658e+04 2.025227130125375474e+00 3.651867518664488749e-02 2.566830951766759654e-21
2.642977358449106760e+04 2.581382959722778651e+03 -2.384839062476828985e+04 1.116662760887644490e+00 6.268020301554842744e-02 2.399081769383094914e-21
2.628992642324267581e+04 2.723319651915324357e+03 -2.356660677132735145e+04 3.540113465493701650e+00 1.169836950470603543e-01 2.624299359862856543e-21
2.629434230848008883e+04 2.775789385639523516e+03 -2.351855292284056486e+04 3.696470127734919231e+00 -5.387080084122084118e-03 2.769975016660586991e-21
2.603235773512159722e+04 3.075755913596965456e+03 -2.295660182152463312e+04 1.890893121937035071e+00 8.084070637099703693e-02 2.531356037546421046e-21
2.619612153937366384e+04 2.848372651488669362e+03 -2.334774888788499447e+04 1.994472463725923461e+00 -6.148881017152523637e-02 2.591281316081527205e-21
2.597661632229475799e+04 3.088181042621552933e+03 -2.288843527967320551e+04 3.303508786809199460e+00 7.945288977002180897e-02 2.504142751703921272e-21
2.570387288629641989e+04 3.345130876440879092e+03 -2.235874200985554126e+04 2.343907213954099067e+00 -7.126021616042553519e-02 2.567464021070360271e-21
2.534404736180924374e+04 3.847404175301876421e+03 -2.149664318650736823e+04 2.638363916394851127e+00 -7.134040648901403270e-02 2.609697577992966472e-21
2.486111806638746202e+04 4.338978731654779949e+03 -2.052213933473268116e+04 2.534338936422175781e+00 -7.530533545526989225e-02 2.540058623479765161e-21
2.412146308790132389e+04 5.198202114232251006e+03 -1.892326097366907197e+04 3.285849793885555314e+00 2.002584867995323148e-01 2.430494472985524811e-21
2.356054732257216165e+04 5.758614563987688598e+03 -1.780193275858447305e+04 4.260572027610526114e+00 5.974453671606549943e-02 2.334538802459362089e-21
2.231305132121013958e+04 7.203325031112039142e+03 -1.510972629009810043e+04 2.989292069278114639e+00 -5.625792950435147370e-03 2.228089866482440356e-21
