0.000000000000000000e+00 3.140706180333058364e+04 3.140706180333058364e+04 nan 3.575119702984067516e+01 3.183908344626628673e-25
1.854421521155872642e-94 3.141722969378983908e+04 3.141722969378983908e+04 5.545829700230515868e+01 1.129856557459057775e+01 3.213266650522432205e-25
1.796657750148913989e-43 3.141769893163955567e+04 3.141769893163955567e+04 2.439319241730092358e+01 3.489504143380981915e+00 3.213889069586936995e-25
1.007780017130042366e-25 3.141408341678512443e+04 3.141408341678512443e+04 1.314630385594676021e+01 1.676684239700155565e+00 3.212834587937591717e-25
2.418538729326726848e-17 3.142103299092897942e+04 3.142103299092897942e+04 8.576318142811466316e+00 3.418831847092751453e-01 3.229681385346001150e-25
7.593510263503291094e-13 3.142244228671134624e+04 3.142244228671134624e+04 6.067758975969791635e+00 5.093269825501355319e-01 3.226517091011364924e-25
2.469342125091471644e+03 2.879954556767804752e+04 2.633020344258657497e+04 4.091445566704174475e+00 -1.944833123501290284e-01 1.533957070849631779e-22
1.660201021981419399e+04 1.348552684843151837e+04 -3.116483371382675614e+03 9.263631761329326864e+00 1.108003703199007955e-01 9.320220680254099936e-22
2.429974900023658483e+04 4.981448388270202486e+03 -1.931830061196638417e+04 1.735924360738975381e+01 5.550644754776260133e-03 1.423302420914810283e-21
2.621065405809618824e+04 2.847994740711039867e+03 -2.336265931738514701e+04 1.007550282232084093e+01 9.752418619163484570e-02 1.515701675439592059e-21
2.654238079832663425e+04 2.424579359797107827e+03 -2.411780143852952460e+04 6.688975029956398366e+00 -7.951707950636582173e-03 1.533745890365022748e-21
2.664418967609777246e+04 2.333298325171991110e+03 -2.431089135092577999e+04 1.037353826652486655e+00 -6.434077269510379837e-02 1.501189633546181013e-21
2.673244936166396656e+04 2.246997343928743248e+03 -2.448545201773522422e+04 7.733618394573312793e-01 1.379052816291710497e-02 1.560887912325745744e-21
2.664848756957475052e+04 2.274394565336259802e+03 -2.437409300423848981e+04 7.726852227856143562e-01 1.108282058654909835e-01 1.528346370343477023e-21
2.668191413806622586e+04 2.258155549516671726e+03 -2.442375858854955368e+04 9.683016198475821179e-01 8.317471223779621115e-02 1.499735120679330372e-21
2.664656944387359181e+04 2.281664005303491649e+03 -2.436490543857010198e+04 8.405769545086677619e-01 -4.492610475847241130e-02 1.539693257635213154e-21
2.669060820827889256e+04 2.284038029513931633e+03 -2.440657017876495956e+04 9.856238703828000824e-01 1.378474245645575913e-01 1.613086977376627497e-21
2.643826258747009342e+04 2.525095440595920081e+03 -2.391316714687417334e+04 1.924287804415940828e+00 7.821105087382140830e-02 1.500029620998941525e-21
2.635512070023734850e+04 2.664308318544195117e+03 -2.369081238169315475e+04 1.452473322199324457e+00 7.675833178227285669e-02 1.521550581570676517e-21
2.652000893975704821e+04 2.519311151287685334e+03 -2.400069778846936242e+04 1.318018620171463873e+00 7.008528996376232889e-02 1.530953309666457895e-21
2.632879413139904500e+04 2.718836476868371392e+03 -2.360995765453067361e+04 1.484372435761697417e+00 -8.924683976981462189e-04 1.573772637080160486e-21
2.636519517322364118e+04 2.645445466662783019e+03 -2.371974970656085861e+04 3.636468728721016674e+00 1.127877710894100100e-03 1.534550795581148946e-21
2.596966316893140902e+04 3.063688070218155190e+03 -2.290597509871325383e+04 2.634051026302456133e+00 1.269503158377116858e-01 1.493946113407012040e-21
2.573297998546271265e+04 3.364477743952832043e+03 -2.236850224150987924e+04 4.445534360128459817e+00 -1.009912908786152058e-01 1.520908798119563223e-21
2.594112736752819910e+04 3.142331974911883208e+03 -2.279879539261631726e+04 2.129502122422185284e+00 4.881016464141726963e-02 1.508015325999076693e-21
2.563237346711393548e+04 3.479296310690881910e+03 -2.215307715642305266e+04 2.932661025156619417e+00 -3.792366023387106627e-02 1.466734941158698635e-21
2.507421334078683140e+04 4.086484427057861922e+03 -2.098772891372896993e+04 2.985996590536187600e+00 -3.875412790557462156e-02 1.452466657228631696e-21
2.507438447701313999e+04 4.046506138593063952e+03 -2.102787833842007603e+04 2.573320443123390699e+00 -7.600681234093599470e-02 1.406625234967737627e-21
2.410969350016175667e+04 5.195706530135370485e+03 -1.891398697002638801e+04 2.450312477999089467e+00 -5.641494251783935043e-02 1.387180105001151113e-21
2.371408867404639022e+04 5.741229338866522085e+03 -1.797285933517986996e+04 4.065862138306262530e+00 -6.276132409955451075e-02 1.388299279375132600e-21
2.244159834777446304e+04 7.047968045888258530e+03 -1.539363030188620542e+04 6.868966685416886264e+00 -6.614304387910184546e-02 1.249170771694661594e-21
