0.000000000000000000e+00 3.141152970376324083e+04 3.141152970376324083e+04 nan 3.054883939034668927e+01 3.210716735039212702e-25
2.718409472923433424e-94 3.142187790128983397e+04 3.142187790128983397e+04 5.460460140858608469e+01 8.538303996706849475e+00 3.224961632358736475e-25
1.593802097662226457e-43 3.141918587693146401e+04 3.141918587693146401e+04 2.199793994574798361e+01 3.460072909268809838e+00 3.208888648688840629e-25
1.168944198093881313e-25 3.140475318367925138e+04 3.140475318367925138e+04 1.397444322904442693e+01 1.825856383694395957e+00 3.181497410888650524e-25
1.919533621837550103e-17 3.141819562505497743e+04 3.141819562505497743e+04 8.290268519666597058e+00 -9.723808294166108590e-03 3.222142535478306377e-25
3.114356338966122197e-11 3.141688287888608829e+04 3.141688287888605555e+04 6.023407358983900117e+00 8.346560706386293438e-01 3.211943524793481300e-25
2.376771469437723681e+03 2.889042806561725592e+04 2.651365659617953133e+04 3.954637561696056736e+00 -1.702479733568473819e-01 2.231419878880681597e-22
1.602216249551955116e+04 1.409893481315704412e+04 -1.923227682362507039e+03 8.541403893372914169e+00 1.491476360224512632e-02 1.526166327943113570e-21
2.426725344885011509e+04 5.006080479099167860e+03 -1.926117296975094723e+04 9.699046858593881382e+00 -1.018141222573664822e-01 2.350382282862553718e-21
2.615649485443080994e+04 2.829173234644680633e+03 -2.332732161978612930e+04 3.159129299677337244e+00 5.410762947683883661e-02 2.571483816890363519e-21
2.645211358149277658e+04 2.515635475961320935e+03 -2.393647810553145609e+04 8.260484319932185571e+00 -6.114628233877306834e-03 2.579526402149136035e-21
2.663536514121058644e+04 2.365748780875881039e+03 -2.426961636033470495e+04 8.033888963062643107e-01 1.171870476328724514e-01 2.714608855244074152e-21
2.666230445942817460e+04 2.269954715900263636e+03 -2.439234974352790960e+04 6.563833274953383423e-01 -2.763265440670399295e-02 2.605035651226831608e-21
2.671081473105617988e+04 2.262914521096871340e+03 -2.444790020995930900e+04 8.410295658393910356e-01 1.096904014124872456e-01 2.619245686665545654e-21
2.667898525732448979e+04 2.277868329153036484e+03 -2.440111692817145376e+04 1.166776508065152429e+00 -7.622448465223201353e-02 2.699016364872084803e-21
2.666573718839764479e+04 2.334566486852924754e+03 -2.433117070154472094e+04 2.671896592699054551e+00 -4.741411814504010308e-03 2.534829462022167702e-21
2.666390072623262677e+04 2.339728674473400133e+03 -2.432417205175922572e+04 1.876961295103209304e+00 -6.495383241505546523e-02 2.640467448399355438e-21
2.661064908012861270e+04 2.395941904832453474e+03 -2.421470717529616013e+04 2.150815313809788965e+00 6.088191603059287665e-02 2.659553914203029871e-21
2.645578865399978531e+04 2.471007494620542730e+03 -2.398478115937924304e+04 1.804780555301525480e+00 -6.278261087405297147e-02 2.528496002354594069e-21
2.642863806255081727e+04 2.551987496356312022e+03 -2.387665056619450479e+04 1.737296012061711137e+00 -3.211953178575394779e-02 2.569948769935723794e-21
2.640740012551030668e+04 2.597772955705056120e+03 -2.380962716980525147e+04 1.057148116267310423e+00 5.991312842325361571e-02 2.587365759052174527e-21
2.610611338369868099e+04 3.002729323248539913e+03 -2.310338406045014199e+04 2.148959397579217612e+00 1.772661592463123078e-03 2.619095427902299354e-21
2.611959571100689209e+04 2.888210704865287880e+03 -2.323138500614160512e+04 3.841869480971169981e+00 -5.435296121499517269e-02 2.524373658523112919e-21
2.615672749080015274e+04 2.856565922501014484e+03 -2.330016156829913962e+04 2.151053166878320599e+00 -6.264500823569185695e-02 2.522136340670688066e-21
2.574205378041290896e+04 3.340219312833849017e+03 -2.240183446757906131e+04 1.924339050228439207e+00 1.465190742742109309e-01 2.531254929961184971e-21
2.552923599710400958e+04 3.614868645382719023e+03 -2.191436735172129193e+04 2.727478779588185187e+00 -7.048499142189996493e-03 2.534342082706439065e-21
2.542789353084981485e+04 3.728938033349706075e+03 -2.169895549750010832e+04 3.846001956807782562e+00 3.769781632319368220e-02 2.756937253145919628e-21
2.470682803246844560e+04 4.515652256160082288e+03 -2.019117577630836240e+04 4.766358370007618639e+00 -5.201075831814629645e-03 2.388147321746599055e-21
2.400357669088737021e+04 5.323074540743793477e+03 -1.868050215014357673e+04 2.480900031017211127e+00 -2.565499593881957990e-04 2.475924688619521899e-21
2.316804145982223781e+04 6.216052744058428289e+03 -1.695198871576380770e+04 8.205496133702901318e+00 -1.827232063054386527e-02 2.380874703841997891e-21
2.198941598317791795e+04 7.590163684496294081e+03 -1.439925229868162387e+04 4.194003047081168667e+00 -1.254634770784524289e-01 2.075430306594058613e-21
