0.000000000000000000e+00 3.141420664646749356e+04 3.141420664646749356e+04 nan 3.629840351895917649e+01 3.201878943212859657e-25
2.342633984688446499e-94 3.142216160846114144e+04 3.142216160846114144e+04 4.744740398740475484e+01 8.712936076348659853e+00 3.228029119136525827e-25
1.617018142015140956e-43 3.142266760391541538e+04 3.142266760391541538e+04 2.213111473455247236e+01 3.472199891797008053e+00 3.219462244022470831e-25
1.061678640424087006e-25 3.141297797903021637e+04 3.141297797903021637e+04 1.246382160253984672e+01 1.303782594668158268e+00 3.204334876778685175e-25
1.924265267062695237e-17 3.142174653885600856e+04 3.142174653885600856e+04 8.222753514903825334e+00 -3.777865411604420243e-01 3.228643239791884905e-25
3.611325878458473810e-12 3.141717250798891473e+04 3.141717250798891109e+04 5.532525978449520210e+00 6.283777818145569460e-01 3.210698696419033787e-25
2.307700699664424519e+03 2.894779447271086610e+04 2.664009377304644295e+04 4.012302472459997382e+00 -2.289248106377101966e-01 1.906792358271591116e-22
1.631563347286005774e+04 1.378304134289664580e+04 -2.532592129963411935e+03 1.013550504173377398e+01 -1.190951528157122158e-01 1.509925050600484916e-21
2.434667342924419427e+04 4.847170961781669575e+03 -1.949950246746252378e+04 1.145680744446212351e+01 6.533785728687199756e-02 2.517531056585808226e-21
2.602939512620756068e+04 2.969222429872711928e+03 -2.306017269633484830e+04 7.030563814864013494e+00 -7.059840984575706246e-02 2.543374306351837433e-21
2.640328755164331596e+04 2.524209828596666284e+03 -2.387907772304664832e+04 7.653736138199367822e+00 3.839392957995686056e-02 2.543564156851908705e-21
2.660488485444416801e+04 2.311873661079681369e+03 -2.429301119336448755e+04 7.394979659882513490e-01 -8.956144846684036334e-03 2.505304832800741584e-21
2.671070918857826473e+04 2.266747172800389308e+03 -2.444396201577787724e+04 7.207780053739254456e-01 -7.528983101661707034e-02 2.665216696023199625e-21
2.671864034285786329e+04 2.240853926579362906e+03 -2.447778641627850084e+04 8.350622413696706658e-01 -5.465136928662667204e-02 2.654369592853535389e-21
2.672063999938095367e+04 2.276884500823838607e+03 -2.444375549855711506e+04 7.874220350294915960e-01 5.260953569640425265e-02 2.671131018491539794e-21
2.665730992789088486e+04 2.311924383700871658e+03 -2.434538554419001230e+04 8.118828150930332832e-01 5.900726280734680529e-02 2.515930326711270365e-21
2.656058277066101437e+04 2.363329646253759165e+03 -2.419725312440725611e+04 9.816652652187611849e-01 -1.732604800882034737e-02 2.525920760270318939e-21
2.655434270180888052e+04 2.467299378735047867e+03 -2.408704332307383447e+04 1.574035154394040292e+00 8.229210398364172896e-02 2.703215759111157633e-21
2.653437628041390417e+04 2.442978292847703415e+03 -2.409139798756620075e+04 2.555552797815153987e+00 -7.953978063352783179e-02 2.714472388888832826e-21
2.642928794452690636e+04 2.614575530791464189e+03 -2.381471241373544035e+04 1.419045235075872213e+00 1.125938786189340513e-01 2.684604873102402213e-21
2.635834576632098469e+04 2.710030841012042856e+03 -2.364831492530894320e+04 1.845248076054275321e+00 -4.210155957590192184e-03 2.590706751065700470e-21
2.600718430275501669e+04 3.063022454371095137e+03 -2.294416184838392292e+04 2.154015747860940078e+00 -4.066957976395552815e-02 2.549308130645695649e-21
2.625045585706967904e+04 2.811645562385660924e+03 -2.343881029468401903e+04 2.543348750193205721e+00 1.173967440614943729e-02 2.502831010462772199e-21
2.596481898302265836e+04 3.062947593918495841e+03 -2.290187138910416252e+04 2.515950192901677429e+00 1.633817437185632743e-02 2.553764426040840169e-21
2.594260373870534386e+04 3.125931169259037688e+03 -2.281667256944630572e+04 2.716710163866095318e+00 -5.564714933019395543e-02 2.523569772968033245e-21
2.575996380436869731e+04 3.308339411910476429e+03 -2.245162439245821952e+04 1.435447825123630006e+00 2.079328939770982640e-02 2.454204326091009368e-21
2.510325507239385479e+04 4.067007643660250324e+03 -2.103624742873360447e+04 3.256424410326715702e+00 -9.613620913599445206e-02 2.558491719577392168e-21
2.469233788141897094e+04 4.571401138308884583e+03 -2.012093674311008726e+04 3.096696063766607665e+00 -1.215348888318087406e-01 2.440888703494064773e-21
2.388782278489234886e+04 5.433972447074221236e+03 -1.845385033781812672e+04 3.401972341733850769e+00 2.551964262397994621e-02 2.320172763404893959e-21
2.351492137004895267e+04 5.897087603004025368e+03 -1.761783376704492548e+04 2.566233396060983107e+00 5.724353269519966148e-02 2.350473695862397848e-21
2.226468004734974966e+04 7.270077459348335651e+03 -1.499460258800141310e+04 8.128476798948867099e+00 -7.362239394386814462e-02 2.203518056788287250e-21
