0.000000000000000000e+00 3.141665290712783826e+04 3.141665290712783826e+04 nan 3.812340835441310105e+01 3.212298790433200630e-25
1.915911380530500420e-94 3.141497421026657685e+04 3.141497421026657685e+04 5.429615071330385945e+01 8.358191562130146579e+00 3.214417353390026837e-25
1.442181643563162451e-43 3.141598689012113391e+04 3.141598689012113391e+04 2.182264275507514739e+01 3.807321121250171192e+00 3.210520229416734496e-25
1.020388934301459144e-25 3.142709108928576825e+04 3.142709108928576825e+04 1.337490703033877537e+01 1.211171482978633307e+00 3.231189181737456331e-25
1.812476087313398080e-17 3.141389977763382922e+04 3.141389977763382922e+04 8.943271121491516595e+00 -4.618344896804395527e-01 3.210406993865250436e-25
8.947303721510644389e-13 3.141518913556417465e+04 3.141518913556417465e+04 6.297835917817969253e+00 5.880438426857780287e-01 3.216188493513260225e-25
2.121042857871862907e+03 2.916983191382803852e+04 2.704878905595617471e+04 3.847721821089670868e+00 -3.871252672013027474e-01 1.226380219700205343e-22
1.659760117689915933e+04 1.347846467366596698e+04 -3.119136503233192343e+03 1.597355213051395140e+01 1.210370130145453811e-02 9.041401639954453667e-22
2.458481139929025812e+04 4.615221165021570414e+03 -1.996959023426868953e+04 8.339986077726779357e+00 1.395344990748168257e-01 1.368130464666134031e-21
2.609212602775268897e+04 2.979136047945301925e+03 -2.311298997980738568e+04 1.269907788918489189e+01 1.567578022014120276e-01 1.495296237019399369e-21
2.655817941117928785e+04 2.390234027840078852e+03 -2.416794538333921082e+04 6.335384647911458167e+00 2.708261081478729668e-02 1.526624531573764870e-21
2.665159537265534163e+04 2.300875623155690391e+03 -2.435071974949965079e+04 9.481628293428414622e-01 1.745803921693153404e-01 1.578455026959945532e-21
2.665785880184809866e+04 2.279681314490882869e+03 -2.437817748735721398e+04 9.009999385141463923e-01 -4.572573385155786346e-02 1.504256959059522619e-21
2.672776297464973322e+04 2.267131208267884631e+03 -2.446063176638184814e+04 6.739939121898226304e-01 -1.501687052390487109e-01 1.534080690438623711e-21
2.676142749698430998e+04 2.245164228998007275e+03 -2.451626326798630180e+04 8.229769589494075888e-01 -1.325781985779811260e-02 1.559659854001681423e-21
2.670305741678927006e+04 2.254718294444690855e+03 -2.444833912234457966e+04 8.724569789090027561e-01 -2.479753815663379712e-02 1.558311011397163436e-21
2.668874694304713921e+04 2.284227518220123784e+03 -2.440451942482701634e+04 8.209503898157017865e-01 -5.041100636762396725e-02 1.522502823947220670e-21
2.661719906535110204e+04 2.370816678361395589e+03 -2.424638238698970599e+04 1.558511267445344517e+00 2.015927791494937782e-01 1.545025577178965374e-21
2.642184052933147541e+04 2.590062086839196127e+03 -2.383177844249227928e+04 3.071848448247925578e+00 -8.720211626530331717e-02 1.586715164881847889e-21
2.634786533281152515e+04 2.654193310698262394e+03 -2.369367202211326367e+04 1.678913533536728009e+00 8.017564565268052446e-02 1.514725096670875284e-21
2.623683750748636157e+04 2.773520513642473361e+03 -2.346331699384388776e+04 3.006920889649146833e+00 3.110140322896358736e-02 1.573982328458890182e-21
2.627755823677302033e+04 2.766830440500336408e+03 -2.351072779627268392e+04 1.604160072093727685e+00 5.118456347787827404e-02 1.537358506664564837e-21
2.619791858205382960e+04 2.819504882225149231e+03 -2.337841369982868127e+04 2.686762402629108593e+00 -8.691597603702257147e-02 1.522082047977228046e-21
2.613157062986420715e+04 2.910096220613691912e+03 -2.322147440925051342e+04 1.788144354766192379e+00 8.807167986744583732e-02 1.505795548874253828e-21
2.592584317359534543e+04 3.116003571241276859e+03 -2.280983960235406994e+04 1.844607111160823321e+00 1.572950692928828109e-01 1.508079730231339306e-21
2.603247353659846340e+04 3.106654346576357966e+03 -2.292581919002210634e+04 1.779933811963253509e+00 2.911394814605202178e-02 1.557231974716187726e-21
2.543657558334786518e+04 3.758843782415589430e+03 -2.167773180093227711e+04 2.861930829630929818e+00 -8.952824281425260378e-02 1.524387396959872663e-21
2.513036969503351793e+04 4.001145798308014491e+03 -2.112922389672550344e+04 2.713562617819575085e+00 1.153311686498337263e-02 1.437817319247736626e-21
2.425717675623878677e+04 5.064067165702700549e+03 -1.919310959053608531e+04 4.252150150267147488e+00 -9.113116944787387486e-02 1.371101221425926361e-21
2.375521875934566560e+04 5.604478221738444518e+03 -1.815074053760722018e+04 3.767362582033559448e+00 -1.326685876442670886e-01 1.355632838455651671e-21
2.280586507459188215e+04 6.666841569493172756e+03 -1.613902350509871030e+04 3.721744861740646115e+00 7.547250235960815956e-02 1.271161311188294157e-21
