0.000000000000000000e+00 3.142548641980309549e+04 3.142548641980309549e+04 nan 3.305707269837940743e+01 3.232441271384339002e-25
1.799550541133747526e-94 3.141783850589941358e+04 3.141783850589941358e+04 4.989346823190646774e+01 7.520350491072472998e+00 3.206600301705728784e-25
1.551545223003550070e-43 3.142205882935565023e+04 3.142205882935565023e+04 2.202754918638624915e+01 3.649541015258005672e+00 3.226036419851280330e-25
1.033270011578955703e-25 3.141428205380893633e+04 3.141428205380893633e+04 1.231631708051342855e+01 1.702248567786921685e+00 3.215104134475514891e-25
2.030759808669428420e-17 3.141757332968228002e+04 3.141757332968228002e+04 9.602275023279814192e+00 -2.912644275544761796e-01 3.220370572086310920e-25
7.157067885698839570e-13 3.141273921721601437e+04 3.141273921721601437e+04 5.814036105403459054e+00 6.269793295626812091e-01 3.209204157728883159e-25
1.993729484464036886e+03 2.929389309377760583e+04 2.730016360931356758e+04 4.171242056289610645e+00 -2.870638924473870590e-01 1.085619248932674099e-22
1.578549485489578183e+04 1.442180167173222071e+04 -1.363693183163561116e+03 1.106126618371830794e+01 -1.582171803933062615e-01 9.005445127817111749e-22
2.406956956685921250e+04 5.167612157637568089e+03 -1.890195740922164259e+04 1.328622531191279599e+01 7.799295704636344251e-02 1.390122780211301572e-21
2.566254055723920828e+04 3.402728497538373631e+03 -2.225981205970083465e+04 7.388781736163861247e+00 7.364103515217347573e-02 1.420787490703662991e-21
2.650643561493280868e+04 2.468781700427973647e+03 -2.403765391450483366e+04 1.136087102493964984e+01 -9.218012059717424489e-02 1.502739723632444251e-21
2.660853846172890189e+04 2.317985475654507354e+03 -2.429055298607439545e+04 7.335334050823257845e-01 4.628777504378001062e-02 1.486489840450076647e-21
2.663094249926560224e+04 2.307222801312412230e+03 -2.432371969795319092e+04 1.164112238068527594e+00 -5.185927861865159000e-03 1.497161249519321267e-21
2.668009077188788069e+04 2.254361728963088353e+03 -2.442572904292479143e+04 5.087687450335117711e-01 1.114475668938083447e-01 1.590887566794336209e-21
2.666880482080711590e+04 2.264058373147590828e+03 -2.440474644765952689e+04 9.559434661141539280e-01 8.083400039660809666e-02 1.530890116259451260e-21
2.668472070073396389e+04 2.245206746033107720e+03 -2.443951395470085481e+04 9.579118246310329710e-01 9.211266435981042833e-02 1.562593842888979358e-21
2.672757758598609144e+04 2.250045934513349948e+03 -2.447753165147274194e+04 8.018504234639566297e-01 1.633475875026219881e-01 1.574526413802560806e-21
2.662696620333077954e+04 2.349245271826549924e+03 -2.427772093150423098e+04 1.018885974675361128e+00 -2.427167660970015392e-02 1.534952649387672430e-21
2.655329948874319598e+04 2.444033306929370610e+03 -2.410926618181382582e+04 1.892998127044958734e+00 1.982407674956428514e-02 1.549936888933263427e-21
2.643351015852258570e+04 2.579182663510343900e+03 -2.385432749501224316e+04 1.756340441535693797e+00 2.482475812602817980e-02 1.536769572853026744e-21
2.642653005380762988e+04 2.618344611962974795e+03 -2.380818544184465645e+04 2.656705578495534681e+00 -5.391803766428595462e-02 1.532713528482287625e-21
2.637002384800116488e+04 2.623960290334158799e+03 -2.374606355766700653e+04 2.355316147449519004e+00 -3.666919794215809519e-02 1.550396852341504364e-21
2.628945531071323057e+04 2.727858159452739073e+03 -2.356159715126049196e+04 3.757694349246618604e+00 3.161712802298653063e-02 1.540245907763314554e-21
2.584324598479695487e+04 3.254860757499009651e+03 -2.258838522729794568e+04 2.249017615219631949e+00 5.580058198564069594e-02 1.481047422889287980e-21
2.613103530373737158e+04 2.926621206461244128e+03 -2.320441409727612699e+04 1.963696097171896637e+00 2.057685687682463682e-01 1.527707985781190610e-21
2.582303947563398106e+04 3.230401363032418431e+03 -2.259263811260156217e+04 4.457025862902020741e+00 -3.217729881688194404e-02 1.520935795372923667e-21
2.531675495063279232e+04 3.886230591025647755e+03 -2.143052435960714502e+04 2.106339904203630820e+00 9.448222795143379482e-02 1.508666533071131970e-21
2.494762468311606062e+04 4.279954329875963595e+03 -2.066767035324009703e+04 2.578613412284179063e+00 -1.412987451860246192e-02 1.412648230546827658e-21
2.385478906262373130e+04 5.473319002371082206e+03 -1.838147006025265000e+04 2.517398836973448351e+00 -1.800689078947703475e-03 1.420624222176570430e-21
2.375446624405881084e+04 5.632700802265962011e+03 -1.812176544179284974e+04 5.622148845602711553e+00 2.246882068857549916e-02 1.334404081100483485e-21
2.236973076597628096e+04 7.160467976050801553e+03 -1.520926278992548032e+04 3.178343209375801948e+00 -2.388135947716459387e-02 1.236542465836511133e-21
