0.000000000000000000e+00 3.141420530287259317e+04 3.141420530287259317e+04 nan 3.336043427374612946e+01 3.204396881816922734e-25
1.858737497689025684e-94 3.140881484079433721e+04 3.140881484079433721e+04 5.201089735174776507e+01 8.377965019184365758e+00 3.197049476127279081e-25
1.630974571466868580e-43 3.141994041698065485e+04 3.141994041698065485e+04 2.279345920759957167e+01 3.340731930404051031e+00 3.215644489157937456e-25
1.058285988830960249e-25 3.142034146401819089e+04 3.142034146401819089e+04 1.312627398818310098e+01 1.455295745249652883e+00 3.215104676219525109e-25
2.535646195896991674e-17 3.141685513575375808e+04 3.141685513575375808e+04 8.430405163792570988e+00 3.690525931558484296e-01 3.201105465422486185e-25
9.393849552926424599e-12 3.141813650249647981e+04 3.141813650249646889e+04 5.819511442680796343e+00 6.707019334859882775e-01 3.208787571800423105e-25
2.306828245735407108e+03 2.894695416290895810e+04 2.664012591717355099e+04 3.852354474168634635e+00 -1.401903046058570190e-01 1.149621223390619533e-22
1.631723748824786162e+04 1.377134238650678890e+04 -2.545895101741072722e+03 2.135371345628457718e+01 -1.077329261805818478e-02 9.421710270274884302e-22
2.394680889241164550e+04 5.332884808065006837e+03 -1.861392408434663957e+04 1.057853611390206972e+01 -9.692368597256677265e-02 1.361786567280936336e-21
2.612908041550863709e+04 2.911112573618519036e+03 -2.321796784189011669e+04 1.606649780495246871e+00 -3.865938122358541368e-02 1.462086828972294433e-21
2.652137300341610171e+04 2.471362886028873618e+03 -2.405001011738722809e+04 7.415241527425536772e-01 1.699700201066793592e-01 1.525527764334672543e-21
2.668667924833106008e+04 2.267543654840923864e+03 -2.441913559349013667e+04 1.012971007249350519e+00 -6.299329149332542899e-02 1.499134864963542239e-21
2.672176537852943511e+04 2.255604534636034259e+03 -2.446616084389340176e+04 7.973186455410998796e-01 -5.884240942523302070e-02 1.589511492526635319e-21
2.667541457788706975e+04 2.262612129055570222e+03 -2.441280244883149862e+04 1.047468292767386400e+00 4.746319708296032475e-02 1.566584497024221350e-21
2.664543717718018888e+04 2.286372068586983460e+03 -2.435906510859320406e+04 1.305037249331916449e+00 4.252639189449617350e-03 1.461135048835794651e-21
2.665816730665208161e+04 2.263180160691116271e+03 -2.439498714596096397e+04 7.906044351882450805e-01 -6.950579166056876368e-02 1.553201100737229095e-21
2.659153366707049281e+04 2.397439658811175377e+03 -2.419409400825931880e+04 1.129259329758189434e+00 2.475878752489277593e-02 1.531900798172616540e-21
2.666464038931597315e+04 2.321252423466014989e+03 -2.434338796584995725e+04 1.327465388971148519e+00 1.077031201320610004e-01 1.594187177003975665e-21
2.651022845150774447e+04 2.537911205012258051e+03 -2.397231724649548778e+04 8.753809998036334861e-01 -2.937027271781695800e-02 1.557584542391313515e-21
2.657190417640064334e+04 2.487074100388930219e+03 -2.408483007601171266e+04 2.070523774426218377e+00 9.320040459060874305e-02 1.571347451194982689e-21
2.620442553450420382e+04 2.756396926775465090e+03 -2.344802860772873828e+04 2.059486530459243792e+00 9.095809829235057542e-02 1.505206291456809439e-21
2.624811217640659743e+04 2.780264960785257699e+03 -2.346784721562133927e+04 2.312098296747042703e+00 -8.164063759883764815e-02 1.547155193141610429e-21
2.628000832866700875e+04 2.716754546471124740e+03 -2.356325378219588310e+04 1.326339427366843404e+00 5.894035905879232290e-02 1.493085651909763135e-21
2.594465788480037008e+04 3.145598938627777443e+03 -2.279905894617259401e+04 3.587745708720765148e+00 9.693425862927726108e-03 1.548029834535328577e-21
2.608303186909773285e+04 2.914942141679851375e+03 -2.316808972741788239e+04 2.354147817486049288e+00 -4.264683166295391015e-02 1.465857500447390465e-21
2.603078117293908872e+04 3.025968267846955769e+03 -2.300481290509213432e+04 1.334445682070838801e+00 2.239363991667685794e-01 1.490879713715970598e-21
2.543743029518527692e+04 3.711429403443965839e+03 -2.172600089174131062e+04 3.197978184515086753e+00 -4.676765270449684958e-02 1.481790541865594008e-21
2.509272454597449178e+04 4.036173529150140894e+03 -2.105655101682434906e+04 3.486549748435372020e+00 -9.566859985527031984e-02 1.416351170148127587e-21
2.429588403040851335e+04 4.956909123473034924e+03 -1.933897490693548025e+04 3.286452587071215792e+00 9.160970510947270828e-02 1.384934073171681328e-21
2.353469843566563213e+04 5.868897831004868749e+03 -1.766580060466076247e+04 3.047660577319678765e+00 -4.458179548980847895e-02 1.359664987387527991e-21
2.219613001609707135e+04 7.319606032094975490e+03 -1.487652398400209495e+04 3.774310878319801166e+00 -8.994918823998139523e-02 1.215582896016443131e-21
