0.000000000000000000e+00 3.141471437019110090e+04 3.141471437019110090e+04 nan 3.592599108089407167e+01 3.197872813231314949e-25
2.125954900070340925e-94 3.140992927787342342e+04 3.140992927787342342e+04 4.926407803542010555e+01 6.866148730385819299e+00 3.200278918644814855e-25
1.393529586928860556e-43 3.142331771915506397e+04 3.142331771915506397e+04 2.213166610542659285e+01 3.359816014424941155e+00 3.226684387944079745e-25
1.172427754512536622e-25 3.142338838268526888e+04 3.142338838268526888e+04 1.321169276416753213e+01 1.763533586657063168e+00 3.236792780662695742e-25
2.083413107343073933e-17 3.141648427366422038e+04 3.141648427366422038e+04 8.279831057079674039e+00 3.671226184638747836e-01 3.224534049164532867e-25
4.933352225342505127e-12 3.141176942886975667e+04 3.141176942886975303e+04 5.921379921443293171e+00 5.639220096764195889e-01 3.202320469337642213e-25
2.226427515594288252e+03 2.903979651436555287e+04 2.681336899877126416e+04 4.062987905078078832e+00 -1.795962969626374861e-01 1.165142242342607943e-22
1.601839424013451571e+04 1.412123782101746656e+04 -1.897156419117049154e+03 1.319563767653772679e+01 -8.479820140170531151e-02 8.802950300097798182e-22
2.445178286472066975e+04 4.730445395778529019e+03 -1.972133746894213982e+04 1.228633416239041765e+01 6.306122015986789092e-03 1.341258164003342164e-21
2.619928945998977360e+04 2.853298516759751692e+03 -2.334599094323002282e+04 5.938498820366269193e+00 9.837638125905201480e-02 1.507271051396560849e-21
2.638741367828482907e+04 2.580611288183686156e+03 -2.380680239010114383e+04 1.054626864610824377e+01 -1.337327970456784476e-01 1.521412434611957019e-21
2.663263407214191466e+04 2.307268749641180875e+03 -2.432536532250073287e+04 7.807017566939661313e-01 -2.118788975203093113e-03 1.538231349680031978e-21
2.668654355764841966e+04 2.286346641077630011e+03 -2.440019691657078874e+04 9.310471947849853214e-01 6.513147045597950102e-02 1.495428604930905854e-21
2.670442978503769336e+04 2.264659386749669920e+03 -2.443977039828802299e+04 8.004439888342269604e-01 -2.984348673286944375e-03 1.575747141697189282e-21
2.666331129881640300e+04 2.326627286705524966e+03 -2.433668401211087621e+04 1.161640518955308954e+00 -4.871211917547068997e-03 1.528820025383349224e-21
2.664454424261616441e+04 2.281609068314306114e+03 -2.436293517430185966e+04 1.382213842446690544e+00 1.682775666966846405e-03 1.489110555587662926e-21
2.669765822655484590e+04 2.289446041262301151e+03 -2.440821218529254475e+04 1.142125049489110422e+00 9.800995465956334474e-02 1.559755881814706175e-21
2.665492290363731809e+04 2.324002854957048385e+03 -2.433092004868026925e+04 1.051762391144396291e+00 1.222723647055199842e-01 1.558446012093975825e-21
2.659367038298389161e+04 2.419245371859676197e+03 -2.417442501112421451e+04 1.652250605109309545e+00 1.305952990502566580e-01 1.525599093430413197e-21
2.614793484456378792e+04 2.858252141696338640e+03 -2.328968270286744882e+04 2.892371706850015212e+00 5.445036434268019088e-02 1.493648328969552336e-21
2.622515172045183863e+04 2.810603403748985329e+03 -2.341454831670285421e+04 1.758500543606887234e+00 -2.092039804123670133e-02 1.488072793760658452e-21
2.635768467752049401e+04 2.720040696321560517e+03 -2.363764398119893303e+04 2.710092778691128412e+00 7.732593424476888466e-02 1.509703540135508302e-21
2.622726283425162546e+04 2.826738637139190814e+03 -2.340052419711243419e+04 2.361536147424765364e+00 -1.308173653112174040e-02 1.455721776069129037e-21
2.608816739348799820e+04 2.924999946924670439e+03 -2.316316744656332594e+04 2.835494100696463349e+00 5.387060121826343223e-02 1.527902664308619378e-21
2.591300785074965825e+04 3.183894980246298019e+03 -2.272911287050335886e+04 3.201325061276372619e+00 6.457038360842534686e-02 1.501954598068161546e-21
2.571808241106909190e+04 3.415880130061784712e+03 -2.230220228100730674e+04 2.123392762080929419e+00 -4.974226887734975455e-02 1.482002824628430249e-21
2.566314927730998534e+04 3.463720970744543138e+03 -2.219942830656544174e+04 3.006481326559816480e+00 -8.943309760249194829e-02 1.491582463520728999e-21
2.506830526869923051e+04 4.115483858670725567e+03 -2.095282141002850403e+04 2.767663944263969444e+00 -5.681422129791011827e-02 1.472557027545336656e-21
2.390064015879147337e+04 5.374982783204663065e+03 -1.852565737558680848e+04 3.606795448305305740e+00 -1.539604493713435385e-02 1.409592737240429763e-21
2.367246527482873717e+04 5.666957702641558171e+03 -1.800550757218717990e+04 2.935169947396822465e+00 -3.020066975361238026e-03 1.345191489960854381e-21
2.275114927171945237e+04 6.711782781306727884e+03 -1.603936649041272540e+04 4.938854439601495727e+00 -6.384335369120392768e-03 1.269022910657873839e-21
