0.000000000000000000e+00 3.142364554886625774e+04 3.142364554886625774e+04 nan 3.058626082931837331e+01 3.231926352404852022e-25
2.659623441182056139e-94 3.141416355184519125e+04 3.141416355184519125e+04 5.607212639464626136e+01 1.257159423370102047e+01 3.216233998376074929e-25
1.482170673995411692e-43 3.141798648912530552e+04 3.141798648912530552e+04 2.371902016107300781e+01 3.257951846162419063e+00 3.225588526222152929e-25
9.805357672921478483e-26 3.142299673652428100e+04 3.142299673652428100e+04 1.220847767608039192e+01 1.794892961355317951e+00 3.228669644770817520e-25
2.429496369796343377e-17 3.141163898237001922e+04 3.141163898237001922e+04 8.118001285473068762e+00 3.675531619888259272e-01 3.195145574265690444e-25
5.826686626697794019e-12 3.141698828092785334e+04 3.141698828092784606e+04 6.071729423135855619e+00 6.710675611856339318e-01 3.224068010428420692e-25
2.296260226221923404e+03 2.896827817001686344e+04 2.667201794379494095e+04 4.118604065206188380e+00 -1.958735609741942829e-01 2.121215034817185106e-22
1.592168439459379260e+04 1.421246088890070678e+04 -1.709223505693085826e+03 1.653875740303290698e+01 1.083924335132743361e-01 1.506393279964117633e-21
2.424156057131862690e+04 5.001519065848644459e+03 -1.924004150546998426e+04 1.153788901298931968e+01 5.821722916580567703e-02 2.262910887250667125e-21
2.609803297828897485e+04 2.946818646781809093e+03 -2.315121433150716621e+04 9.322424063807913441e+00 -6.670502523264372485e-02 2.493517548325791541e-21
2.653020347452118222e+04 2.455204163136596435e+03 -2.407499931138458487e+04 5.841856060155610209e+00 -2.794694019621938794e-02 2.471282762950035846e-21
2.666509651946953454e+04 2.276685916930210624e+03 -2.438841060253932301e+04 1.095760824684271384e+00 1.188248436518339474e-01 2.561004495084912744e-21
2.664622620637738146e+04 2.294344265304120199e+03 -2.435188194107326126e+04 1.090980411151529550e+00 -5.280307034651542802e-02 2.517064817455075396e-21
2.668318227665598533e+04 2.270348788045694619e+03 -2.441283348861028935e+04 8.322063058314327355e-01 -1.121670728393890926e-01 2.533416500566347669e-21
2.666424828444227023e+04 2.279422938324468305e+03 -2.438482534611780284e+04 1.420381139351753363e+00 7.828024078323661192e-03 2.710438676413418573e-21
2.662992850862141131e+04 2.312439537661642589e+03 -2.431748897095977009e+04 1.237426411465659237e+00 -8.719457447838618869e-02 2.545399017515577836e-21
2.662896483729222382e+04 2.334871786762136708e+03 -2.429409305053008575e+04 1.688698223125240538e+00 -4.656524228260308651e-02 2.557373664703112740e-21
2.664794350157834197e+04 2.322557103261427983e+03 -2.432538639831691398e+04 2.746989849108071979e+00 1.098926753635835890e-01 2.699112051150235975e-21
2.644956777394951132e+04 2.549653631764004786e+03 -2.389991414218550563e+04 2.408734876001024539e+00 3.575009482068726169e-03 2.635134714194144651e-21
2.645037136081529388e+04 2.568699355813316288e+03 -2.388167200500197941e+04 2.711359452928540303e+00 7.465170330684055278e-02 2.601848880852140429e-21
2.624436955931480043e+04 2.768004214844565922e+03 -2.347636534447023587e+04 2.634593126302618327e+00 3.041560606114050019e-03 2.522632695065872470e-21
2.610774606924520049e+04 2.931720396734350288e+03 -2.317602567251084838e+04 2.092280003817556189e+00 5.978903316004722385e-02 2.612989200091057216e-21
2.617595927013854816e+04 2.846075499229593333e+03 -2.332988377090895665e+04 3.016945837947524467e+00 -1.423173038469688623e-01 2.693280750838951965e-21
2.617005384414019136e+04 2.840890181824553565e+03 -2.332916366231563734e+04 1.633236334953597213e+00 6.666274780298313274e-02 2.550154937484332709e-21
2.599218887990386793e+04 3.095144337223991897e+03 -2.289704454267987603e+04 1.826620927869532451e+00 -8.058919810464316991e-02 2.747016438227495498e-21
2.588151407099692005e+04 3.230892071839119126e+03 -2.265062199915780002e+04 3.455418389579634209e+00 2.268911019986048164e-03 2.629521549086684183e-21
2.536975977644800150e+04 3.780935167764871494e+03 -2.158882460868313137e+04 2.387655908916863634e+00 -1.577771605665910792e-01 2.568894462391255505e-21
2.433006538413961971e+04 4.877788142144196172e+03 -1.945227724199542354e+04 3.273435190484339952e+00 5.248414142247071618e-03 2.341095091959304019e-21
2.434770820927265231e+04 4.921618604881701685e+03 -1.942608960439095245e+04 2.652523126441910239e+00 7.058052436632594739e-02 2.457890889058483851e-21
2.359815969858026801e+04 5.800497184240864954e+03 -1.779766251433940488e+04 3.391768891059854241e+00 -4.950149959247409498e-02 2.205307108202295609e-21
2.264334082858738475e+04 6.807987937093652363e+03 -1.583535289149373239e+04 3.655310577222730117e+00 -8.238151014468253486e-02 2.264702916216183992e-21
