0.000000000000000000e+00 3.141100487121142578e+04 3.141100487121142578e+04 nan 3.756959141401890179e+01 3.193201702075475514e-25
2.383937657651162380e-94 3.141430550801092977e+04 3.141430550801092977e+04 5.253789918252457625e+01 8.725858078824831665e+00 3.209869115099061420e-25
1.636449894472785306e-43 3.141412863888389620e+04 3.141412863888389620e+04 2.433840127949796894e+01 3.385852504607989033e+00 3.208484310860461841e-25
8.843583974044813715e-26 3.141791488812423268e+04 3.141791488812423268e+04 1.324548264061114189e+01 1.701444150209615147e+00 3.211202394122985354e-25
2.330337622734128014e-17 3.140032844485955866e+04 3.140032844485955866e+04 7.457724534641994474e+00 3.671237179687318886e-01 3.169864620691527024e-25
1.168677327430832167e-11 3.141873865954130815e+04 3.141873865954129724e+04 6.463731768584487725e+00 8.942801999798284385e-01 3.230584002608427192e-25
2.398837515471304869e+03 2.888839264159621962e+04 2.648955512612491293e+04 4.233333022950764857e+00 -6.486029168030915670e-02 1.436604283919560199e-22
1.582872700256707503e+04 1.434468753071913852e+04 -1.484039471847936511e+03 1.004032201982831118e+01 -6.782352663515870024e-03 9.026834072615136393e-22
2.408464303574626683e+04 5.186566217082674484e+03 -1.889807681866359053e+04 9.277963212078455868e+00 7.072883227799874051e-02 1.378719781194936922e-21
2.629345749453467579e+04 2.756605867551622850e+03 -2.353685162698305430e+04 6.367179011191317350e+00 1.315802449666306218e-01 1.551989378526743941e-21
2.651506023826214732e+04 2.455363801234556377e+03 -2.405969643702758913e+04 9.394513487815805419e+00 5.466813888900792090e-02 1.493381343521283780e-21
2.664195558514691220e+04 2.295058561108680351e+03 -2.434689702403823321e+04 5.933160215493093581e+00 -1.247914527038287286e-02 1.518836785818836255e-21
2.668388025575107895e+04 2.262059634279620241e+03 -2.442182062147145916e+04 8.918520678122222600e-01 6.169161896399261158e-02 1.542174950778118883e-21
2.671703813838114002e+04 2.261137630122831069e+03 -2.445590050825830986e+04 8.397780332050389651e-01 -1.586659310706653100e-02 1.551953123715840306e-21
2.669363676407013190e+04 2.252823343834385469e+03 -2.444081342023574689e+04 1.299137939558564492e+00 4.093996765615032229e-02 1.510984162315655485e-21
2.672444281966482959e+04 2.254733560779115578e+03 -2.446970925888571219e+04 7.549555333180405503e-01 -9.745026292838436521e-02 1.538202534805937799e-21
2.668908273823835771e+04 2.311358535590081829e+03 -2.437772420264827451e+04 7.863976780509203124e-01 -1.006262226065770676e-01 1.515609523069096606e-21
2.666655807265868498e+04 2.318179414088301201e+03 -2.434837865857038560e+04 1.841190488830743321e+00 1.692357188479142183e-01 1.523929027979903791e-21
2.641622052495492244e+04 2.594988340415069615e+03 -2.382123218453985464e+04 1.170842837759645816e+00 -2.214183795809454569e-02 1.525411265049396011e-21
2.638939472623843540e+04 2.560505407366040799e+03 -2.382888931887239596e+04 1.452998947895222104e+00 -1.433190848494539892e-02 1.522438146092068189e-21
2.630031267836567713e+04 2.734608682813791802e+03 -2.356570399555188487e+04 2.695654285312793164e+00 9.654534953536024477e-02 1.527213850356760736e-21
2.603413596035713636e+04 3.028400258201416364e+03 -2.300573570215571817e+04 3.215727653145723508e+00 -1.026075871817357932e-01 1.513301358166951068e-21
2.598970343371947456e+04 3.058199193092809764e+03 -2.293150424062666571e+04 6.227896531632482358e+00 8.443910931822691535e-02 1.463244652757770345e-21
2.593488180816024033e+04 3.148690945048404046e+03 -2.278619086311183491e+04 2.069515307773696744e+00 -1.287334463974059984e-01 1.492015661769713159e-21
2.580051991960065061e+04 3.227192205797702627e+03 -2.257332771380294798e+04 4.258012030068324627e+00 5.934757703459186962e-02 1.496202566215507564e-21
2.570541654946952258e+04 3.431503612488239014e+03 -2.227391293698128356e+04 6.818831146200732718e+00 1.038305035304106817e-02 1.477504785056671404e-21
2.521122685245790854e+04 3.956924662849540255e+03 -2.125430218960836646e+04 2.260371705812267873e+00 1.166631812988649236e-02 1.436425814962704406e-21
2.478618783499600977e+04 4.416857348037132397e+03 -2.036933048695887555e+04 2.605044234144628934e+00 -1.832417792142326807e-01 1.437485873345817187e-21
2.495996382106673627e+04 4.286482108932611482e+03 -2.067348171213412570e+04 2.101086630242881004e+00 -5.144673681275085952e-02 1.444371122890482892e-21
2.380623081563077722e+04 5.571651878661405135e+03 -1.823457893696937390e+04 4.629826422354130777e+00 2.969821858551567259e-02 1.388969580033473287e-21
2.206826159832690246e+04 7.422899338764257664e+03 -1.464536225956264389e+04 8.096618770400993981e+00 1.079640737427402380e-01 1.274472233230483544e-21
