0.000000000000000000e+00 3.141695706443852396e+04 3.141695706443852396e+04 nan 3.039836358250472870e+01 3.219455693507032779e-25
1.814711527380367846e-94 3.141510829738443863e+04 3.141510829738443863e+04 5.038958721364718230e+01 6.078794938811603821e+00 3.200725309290437696e-25
1.472070695320568566e-43 3.141526564944376878e+04 3.141526564944376878e+04 2.178943805394875355e+01 3.346916490470031480e+00 3.209236728426871071e-25
1.073554993352871809e-25 3.141424582291629122e+04 3.141424582291629122e+04 1.249374364582553909e+01 1.217313720264549426e+00 3.210042296029332700e-25
2.198826345016850445e-17 3.141626103085947761e+04 3.141626103085947761e+04 8.368766864993096632e+00 -4.535193587517628161e-02 3.215832719981946423e-25
6.791740016569697821e-12 3.142112185092067739e+04 3.142112185092067011e+04 5.767513796092543998e+00 5.946935929649072028e-01 3.218250191102744787e-25
2.136666279525072696e+03 2.914726721552292292e+04 2.701060093599784886e+04 4.203937654837499593e+00 -2.594769383034267740e-01 2.204493823744768147e-22
1.614538767941511651e+04 1.398949461410687763e+04 -2.155893065308238874e+03 7.615982340038762288e+00 -1.258152321551304631e-01 1.628684592604502820e-21
2.452288367876036864e+04 4.670618893036858935e+03 -1.985226478572350970e+04 9.465232048821583533e+00 4.008831275967302682e-02 2.323061747839167697e-21
2.611022596090038132e+04 2.898461428722539040e+03 -2.321176453217784365e+04 6.208628932755003937e+00 1.010050914624705670e-01 2.576192789947584491e-21
2.652560305228488869e+04 2.455630781302180367e+03 -2.406997227098270741e+04 4.580558797278523997e+00 -1.251448146937339740e-03 2.606824561306175337e-21
2.673209802836340532e+04 2.287221129179004038e+03 -2.444487689918440083e+04 4.652993786545846611e+00 -1.356682220796266714e-01 2.640034836303470837e-21
2.665660422814958656e+04 2.284408126893996268e+03 -2.437219610125559120e+04 8.493357804074764816e-01 -4.729290737626675595e-02 2.648344923651504596e-21
2.671856432470989603e+04 2.276147260522591296e+03 -2.444241706418730610e+04 1.401165488135124759e+00 4.771193600835693660e-02 2.627668664916542144e-21
2.672050665000602021e+04 2.246904797779365708e+03 -2.447360185222665314e+04 1.111363020367716503e+00 8.513601841472439452e-03 2.674169019794896277e-21
2.665875394245418283e+04 2.275001953076081463e+03 -2.438375198937810273e+04 8.867683351136449454e-01 2.314908193773435041e-01 2.592571180393099326e-21
2.655093713834463415e+04 2.367435323626242734e+03 -2.418350181471839096e+04 8.262916164683277165e-01 1.351520182029463920e-03 2.516000483080081220e-21
2.667713512065771647e+04 2.358379152728692588e+03 -2.431875596792902434e+04 1.185913997101487594e+00 -1.316401029522581145e-01 2.662900771989805568e-21
2.646097792172775007e+04 2.546417032574351651e+03 -2.391456088915339933e+04 2.170084023674619722e+00 1.193580327472152786e-01 2.683982444690384795e-21
2.641997305186275844e+04 2.591873871439991490e+03 -2.382809918042276695e+04 2.230571388522510023e+00 3.802300530305368492e-02 2.705754296374855921e-21
2.639222541100002127e+04 2.584221815616121603e+03 -2.380800359538389966e+04 1.038680448864752526e+00 7.868253987617412903e-02 2.651532048143080908e-21
2.626211570920801751e+04 2.723540310804054570e+03 -2.353857539840396203e+04 1.870818519945566472e+00 -7.173415265275275010e-02 2.479733537449672647e-21
2.611287960940496487e+04 2.941476544562052823e+03 -2.317140306484291068e+04 1.548314091409622506e+00 1.331782328574467322e-01 2.678902286055806832e-21
2.597747090279698750e+04 3.052160871825612958e+03 -2.292531003097137364e+04 3.846709463785821015e+00 -1.524907044445879545e-01 2.493959073950761123e-21
2.616138017444125580e+04 2.818996857238757457e+03 -2.334238331720249698e+04 8.706479856790238614e+00 1.786768993687037899e-01 2.725032859416259477e-21
2.570371760876322514e+04 3.380315405050475874e+03 -2.232340220371275063e+04 2.265939368539276355e+00 2.228559846498857910e-02 2.539801790059916516e-21
2.563483516207488356e+04 3.470941092846380343e+03 -2.216389406922850321e+04 2.779675645376924020e+00 1.096470701023053405e-02 2.573511184771722117e-21
2.503800111808164365e+04 4.144628277335663370e+03 -2.089337284074597846e+04 3.650480338043827100e+00 -1.190042107127117776e-02 2.437825916190995694e-21
2.419394506421139158e+04 5.153891987562037684e+03 -1.904005307664935390e+04 2.897420668504020913e+00 1.372928277052525015e-01 2.394209892858394960e-21
2.340856752091693852e+04 5.998634470394194977e+03 -1.740993305052274445e+04 5.292593977489651991e+00 5.510524281711843241e-03 2.271864757799683410e-21
2.257073050757564124e+04 6.851646055250082100e+03 -1.571908445232555823e+04 3.529275847113961362e+00 -1.045344265307026656e-02 2.131416298020935465e-21
