0.000000000000000000e+00 3.141164230006166690e+04 3.141164230006166690e+04 nan 3.592598908658991519e+01 3.209732071593381959e-25
2.432178491611150599e-94 3.141179549864074215e+04 3.141179549864074215e+04 4.945139840819319232e+01 8.359949696993266954e+00 3.209248148130547074e-25
1.330654418431091874e-43 3.141390717563476937e+04 3.141390717563476937e+04 2.295706634037493288e+01 3.200829443667564167e+00 3.208586384076374984e-25
1.047781671322608419e-25 3.141936681080102426e+04 3.141936681080102426e+04 1.279582139528332796e+01 1.104118311781117745e+00 3.204541201084653675e-25
2.314714709357750250e-17 3.141847075627434606e+04 3.141847075627434606e+04 8.399268642298883591e+00 3.482994680712467317e-01 3.217759075645273798e-25
9.764750186901267928e-13 3.141211501335021239e+04 3.141211501335021239e+04 6.491832612909388622e+00 6.551609450067655827e-01 3.212386858598465513e-25
2.265516534680691166e+03 2.901806391194862954e+04 2.675254737726793974e+04 4.215282095245129312e+00 -1.578551154046009194e-02 1.228222084732029871e-22
1.654840397855790070e+04 1.353082439283488384e+04 -3.017579585723016862e+03 7.055754056405528551e+00 7.313162462506452022e-02 9.517915293575612067e-22
2.425522894237763467e+04 5.032366007115208049e+03 -1.922286293526242662e+04 9.953649217649919834e+00 -2.335059083963255885e-02 1.416427336905593611e-21
2.622093303980752535e+04 2.785132604901864852e+03 -2.343580043490566095e+04 8.355201956196093960e+00 5.441730250373791322e-02 1.521547215747768831e-21
2.658538130156211264e+04 2.340668464008532283e+03 -2.424471283755357945e+04 6.832885730425987125e-01 1.333368538831867234e-01 1.531492363962967906e-21
2.662829546078491694e+04 2.298540448769493196e+03 -2.432975501201542284e+04 4.530202086683462248e+00 7.577024719459024560e-02 1.557579148290333671e-21
2.669697376089530371e+04 2.271993831939643314e+03 -2.442497992895566131e+04 8.804819756798211161e-01 -3.824157060207339365e-02 1.525014932646633223e-21
2.666551388493094419e+04 2.274325785596565311e+03 -2.439118809933438024e+04 7.622830340166982799e-01 -9.355676028155619772e-02 1.485382201373377396e-21
2.671872258574795705e+04 2.276412164009206208e+03 -2.444231042173875176e+04 2.796018506453817221e+00 4.418802687166776925e-03 1.561571013312040291e-21
2.666554955612924095e+04 2.263238338094010032e+03 -2.440231121803523274e+04 1.094207808040272178e+00 -7.715444509729052491e-02 1.541298537455852758e-21
2.664700067729468356e+04 2.361625111665311579e+03 -2.428537556562937243e+04 1.049249229060475352e+00 1.032944689699990537e-01 1.566890878520549989e-21
2.669341116120335573e+04 2.289481841555722895e+03 -2.440392931964763193e+04 8.123397750174422560e-01 2.971764179184543594e-02 1.569149418235115086e-21
2.647011770524255917e+04 2.532238877614307057e+03 -2.393787882762825029e+04 1.484167411159432293e+00 -5.534582533207024063e-02 1.521912217846930160e-21
2.630762439508974421e+04 2.671369286653044583e+03 -2.363625510843670054e+04 1.695276958388834521e+00 1.186979945746353092e-02 1.484772590262611928e-21
2.635026008656546401e+04 2.663840509396614834e+03 -2.368641957716885008e+04 2.495781447679611187e+00 1.952472645506984905e-02 1.507660479048749541e-21
2.606382942511601141e+04 2.973685162518729157e+03 -2.309014426259728134e+04 2.218997256608046253e+00 4.259602473632179143e-02 1.603407675400091626e-21
2.606530292254989399e+04 2.978517363615625527e+03 -2.308678555893426892e+04 1.872232440092832961e+00 1.148442199474099396e-01 1.501066618820860551e-21
2.600496011994074797e+04 3.085020213617349327e+03 -2.291993990632339774e+04 1.907481835399347014e+00 -2.738644742123499606e-02 1.546839043580113193e-21
2.596455054252686750e+04 3.069079068550308421e+03 -2.289547147397655863e+04 4.605786219139062609e+00 7.958216883172952727e-02 1.481985324110273833e-21
2.587390723170975980e+04 3.202070776302181912e+03 -2.267183645540757789e+04 3.220509045884595078e+00 -5.628363305987688775e-02 1.479122367337605522e-21
2.589684286158324539e+04 3.166434830031613728e+03 -2.273040803155163303e+04 2.126367240303034034e+00 1.018140010052291794e-01 1.490237870756564897e-21
2.496918770443543690e+04 4.239591966142842466e+03 -2.072959573829259534e+04 3.214850634705211263e+00 -2.931276286924662869e-02 1.383979511440268201e-21
2.431568661841881476e+04 4.920672442483035411e+03 -1.939501417593577935e+04 2.918915711513817346e+00 -6.062203758122432923e-02 1.403013564061133947e-21
2.331307644376475218e+04 6.143655153327772496e+03 -1.716942129043697787e+04 5.468882200180025244e+00 -3.923060524306828944e-02 1.355791868469274108e-21
2.247111445881665713e+04 7.050709761001092374e+03 -1.542040469781556385e+04 3.371280447298791838e+00 -1.374393073223398321e-02 1.305602875625292995e-21
