0.000000000000000000e+00 3.141431237062238870e+04 3.141431237062238870e+04 nan 3.305707269837940743e+01 3.213292268263192999e-25
1.438837117212424107e-94 3.141196099419234088e+04 3.141196099419234088e+04 5.218201608342699416e+01 6.837964710836698323e+00 3.205658073135194687e-25
1.622326971547190061e-43 3.142260869323652150e+04 3.142260869323652150e+04 2.244576364265812529e+01 3.478734019306005454e+00 3.231221866876991188e-25
1.043595219052911783e-25 3.142169574174860099e+04 3.142169574174860099e+04 1.285352137963827879e+01 1.333793908670439121e+00 3.219847849797688274e-25
1.927533373046518886e-17 3.142589711635806816e+04 3.142589711635806816e+04 7.782130972108177502e+00 1.936213337743432905e-01 3.227754502799521197e-25
8.798705001145149283e-12 3.140376041421456466e+04 3.140376041421455739e+04 6.212523931874780914e+00 4.761407108365134921e-01 3.170500382720616976e-25
2.793352866219818679e+03 2.844962010096809172e+04 2.565626723474827304e+04 3.997488096331399898e+00 -1.500630574709076737e-01 2.584129426527119823e-22
1.618274986708902725e+04 1.396177582100667860e+04 -2.220974046082348650e+03 6.890019456898150985e+00 3.113029366393257544e-02 1.558589996617791835e-21
2.448442084220024481e+04 4.703177163885815389e+03 -1.978124367831442942e+04 1.049751771801693501e+01 6.690701261974595082e-02 2.468943950479656204e-21
2.586302218560250185e+04 3.155545617664233760e+03 -2.270747656793826900e+04 1.261668142137231285e+01 3.427256695457863225e-03 2.543736137497710939e-21
2.658001576312673569e+04 2.438161059385849967e+03 -2.414185470374088618e+04 9.278657194238883577e+00 3.682333128535036915e-02 2.557283566132622370e-21
2.668896510974534249e+04 2.289888488988848621e+03 -2.439907662075649569e+04 8.187037402515605633e-01 -1.498720515772588857e-01 2.575579799108980197e-21
2.666910308990461999e+04 2.278418589110804533e+03 -2.439068450079381728e+04 6.523555308141824050e-01 -2.036327913637340711e-02 2.474340017717932389e-21
2.667811490153326667e+04 2.272091739557891742e+03 -2.440602316197537584e+04 1.330543541793704376e+00 6.150269839487334383e-02 2.566713793463372025e-21
2.666488636186263466e+04 2.279387752111387272e+03 -2.438549860975124830e+04 1.543223387486376330e+00 4.310644256997146068e-02 2.574605718983720400e-21
2.666828627642489300e+04 2.294419570163893241e+03 -2.437386670626100022e+04 1.079839808159188896e+00 7.780990958974554061e-02 2.612495478263728437e-21
2.659287818470140701e+04 2.371487100089768774e+03 -2.422139108461163778e+04 1.032109684505553293e+00 2.374447709970091969e-01 2.661938199798292282e-21
2.656704165144529179e+04 2.453153087100209632e+03 -2.411388856434508125e+04 1.182954883934572266e+00 1.195678393816677204e-01 2.593653791923069955e-21
2.639778583849910865e+04 2.595921138500449615e+03 -2.380186469999865949e+04 1.506452401451118250e+00 6.263658632710163154e-02 2.556611823835292303e-21
2.617691925044821619e+04 2.814189388501566100e+03 -2.336272986194664918e+04 1.735414196286573896e+00 -1.247440537606904903e-01 2.558692489083775768e-21
2.640520315761781967e+04 2.632641043272193201e+03 -2.377256211434562647e+04 2.239523958451286489e+00 -2.030237875634536768e-02 2.644073240491413171e-21
2.629424672199603447e+04 2.743703936004360003e+03 -2.355054278599167446e+04 1.685742395421302442e+00 -2.264971678641896149e-02 2.627486299063628883e-21
2.602687837510570898e+04 3.037068652190799639e+03 -2.298980972291490980e+04 2.829189713442722631e+00 -8.142842802250643830e-02 2.630040136230070335e-21
2.628609658272151501e+04 2.763870368640896686e+03 -2.352222621408061968e+04 1.722155530531690237e+00 8.411575096036109922e-02 2.722107295788910747e-21
2.600347243425703709e+04 3.121174178630077222e+03 -2.288229825562695987e+04 3.105670568463010373e+00 -4.915975081746633973e-02 2.543773494224315752e-21
2.562308619985546829e+04 3.502490209362582391e+03 -2.212059599049288590e+04 3.837222422611983319e+00 3.109298121227441550e-02 2.470982001907645652e-21
2.534513576393318363e+04 3.769060793716727858e+03 -2.157607497021645395e+04 3.398941578519972584e+00 -1.453299132608704310e-02 2.546479883375113928e-21
2.466746705858996938e+04 4.576833062762186273e+03 -2.009063399582778220e+04 3.476813763463704188e+00 -2.034167757079724526e-02 2.375283903257260213e-21
2.426842304618381604e+04 5.036817299947190804e+03 -1.923160574623662615e+04 7.236061890917695472e+00 -3.978092207635262195e-03 2.468993102786324195e-21
2.287848223323285856e+04 6.555083373201840004e+03 -1.632339886003101856e+04 3.411020749351618253e+00 -6.613743021615610396e-02 2.351322644270827695e-21
2.258575195920818805e+04 6.919012846320599238e+03 -1.566673911288758973e+04 4.479866772027549793e+00 -7.461924096702771125e-02 2.163094090554079185e-21
