0.000000000000000000e+00 3.142697222047793912e+04 3.142697222047793912e+04 nan 5.256504100647521227e+01 3.253909086460673452e-25
1.582633853349030563e-94 3.141963524263332874e+04 3.141963524263332874e+04 4.716570382379071447e+01 7.091161695511893903e+00 3.229569530894675273e-25
1.687729794689524990e-43 3.141821134468819218e+04 3.141821134468819218e+04 2.442275881343465116e+01 3.372797546095707144e+00 3.215989117933871511e-25
9.395377531260147913e-26 3.141260100481141853e+04 3.141260100481141853e+04 1.251320698333985604e+01 1.715735887448652575e+00 3.201388045489503175e-25
2.069303493050117151e-17 3.142005739812269894e+04 3.142005739812269894e+04 8.627544181419686709e+00 1.900080843537393094e-01 3.209506813795381668e-25
9.480763043388896509e-12 3.142203740987912170e+04 3.142203740987911078e+04 5.231166399049314464e+00 7.985503410839071003e-01 3.219632583252566847e-25
2.504424160106750151e+03 2.876446068586995534e+04 2.626003652576320383e+04 4.846847888477576305e+00 -1.603146591855450498e-01 2.363739352117183977e-22
1.639015961505688028e+04 1.367758196768609923e+04 -2.712577647370781051e+03 1.248485185311151291e+01 -9.178653556121012247e-02 1.521941804495108809e-21
2.454992175016515830e+04 4.630823614533582258e+03 -1.991909813563157513e+04 1.140775411092914737e+01 -5.725910232965805008e-02 2.369290783108381310e-21
2.612525704313939787e+04 2.876039540811594179e+03 -2.324921750232780323e+04 8.736951502127993763e+00 -6.507742891340391467e-02 2.447127486169720863e-21
2.648905792778606337e+04 2.481431671219283544e+03 -2.400762625656677847e+04 9.101397755999810713e+00 1.486291359933419355e-02 2.607271140157269632e-21
2.668290793850663249e+04 2.291023016923423711e+03 -2.439188492158320878e+04 1.159203430737874685e+00 7.713471585569371680e-02 2.668270310525636559e-21
2.670292424737163674e+04 2.281239579483965372e+03 -2.442168466788767182e+04 8.326171742150879629e-01 7.220173308613088425e-02 2.543921002447259641e-21
2.673227412574953996e+04 2.265482649811123338e+03 -2.446679147593841481e+04 1.281730714695808571e+00 1.635588689100521062e-02 2.602947140123192691e-21
2.665899066278477039e+04 2.289380308734104801e+03 -2.436961035405066650e+04 1.002425011716412184e+00 -4.367861754176658590e-02 2.582518242294535739e-21
2.669184132221819891e+04 2.262560364060936536e+03 -2.442928095815726192e+04 6.976351019776387830e-01 5.208682756886191811e-03 2.556013468831884975e-21
2.673288280586206383e+04 2.251434664703577710e+03 -2.448144814115848567e+04 8.551923095956549536e-01 8.756152033253748745e-02 2.636107207957346031e-21
2.663720895269474204e+04 2.311240568166925641e+03 -2.432596838452781594e+04 1.019524576658083159e+00 6.983613772968506883e-02 2.619566534462432193e-21
2.643126403695291083e+04 2.594266834443792504e+03 -2.383699720250911923e+04 2.755592077474764423e+00 1.137713184290290586e-01 2.680952005097147925e-21
2.635882944216719625e+04 2.634131512373052374e+03 -2.372469792979414342e+04 1.261854315336342403e+00 5.452597867094302608e-02 2.536205196266605703e-21
2.626828320572064331e+04 2.740996833598924695e+03 -2.352728637212171816e+04 1.264291006672047191e+00 1.533841662554483454e-01 2.668854358094644141e-21
2.627788149648272883e+04 2.788389171346966123e+03 -2.348949232513576135e+04 2.020403201029072449e+00 6.460136803224959812e-02 2.728441000110887561e-21
2.615038643059491005e+04 2.876410497000692430e+03 -2.327397593359421808e+04 2.270076164737791391e+00 4.826250871474643128e-02 2.659769399340922909e-21
2.607208760348112628e+04 2.953690677871421940e+03 -2.311839692560970434e+04 3.344769348278053389e+00 1.361922920640259715e-01 2.707195035857436666e-21
2.592833998509217417e+04 3.160413494623197948e+03 -2.276792649046897714e+04 2.298467634599091536e+00 -4.796858652694147712e-02 2.478443636307014998e-21
2.570602332150579605e+04 3.389054087728564809e+03 -2.231696923377723215e+04 2.412848425956673371e+00 -5.160177360409771291e-02 2.804487079702037178e-21
2.555475617661124488e+04 3.606080254180019892e+03 -2.194867592243122635e+04 1.990482114125884161e+00 3.370091444052945862e-02 2.510751730624745542e-21
2.475909006756976669e+04 4.483231745252375731e+03 -2.027585832231739187e+04 2.931558538634178479e+00 -2.549330011261037240e-02 2.454353168452738042e-21
2.467152278379228665e+04 4.590411123377240983e+03 -2.008111166041504475e+04 2.100027591431890439e+00 -1.225999307323504851e-02 2.393295688985814826e-21
2.328219917140615871e+04 6.197498281364646573e+03 -1.708470089004151305e+04 3.159375539060350402e+00 -3.445951074893414262e-02 2.266861677610682047e-21
2.255637969124909796e+04 6.902507574651561299e+03 -1.565387211659753666e+04 3.610419447332266163e+00 -2.078715030386289048e-02 2.124487957331721095e-21
