0.000000000000000000e+00 3.142498065326027427e+04 3.142498065326027427e+04 nan 3.054883990083193979e+01 3.236427746879229770e-25
2.248885577403071913e-94 3.141949462340042737e+04 3.141949462340042737e+04 5.431530116916987794e+01 8.363493362957257204e+00 3.213858544478242649e-25
1.718003868183801979e-43 3.141941982381168782e+04 3.141941982381168782e+04 2.481947994611365971e+01 3.363429552899092290e+00 3.223674781736523962e-25
1.140430287862276758e-25 3.141238574425724437e+04 3.141238574425724437e+04 1.417749269219837061e+01 1.693394247517873152e+00 3.194415138158747678e-25
1.981081122382588219e-17 3.141677954662418415e+04 3.141677954662418415e+04 8.577789723479165573e+00 -4.574212706574805054e-01 3.209981290869409759e-25
8.717837785081520460e-13 3.142389100521063665e+04 3.142389100521063665e+04 6.105880023183888561e+00 6.900188345205059415e-01 3.231984753252166547e-25
2.007176872371997206e+03 2.929121024217490776e+04 2.728403336980290987e+04 3.805323236371675133e+00 -2.324713267977260023e-01 2.395290712432059708e-22
1.638320836478984165e+04 1.369635390238721811e+04 -2.686854462402623540e+03 1.243382468745526204e+01 -1.138848453556895041e-01 1.515943891755766532e-21
2.429201232213373805e+04 5.041761288957854049e+03 -1.925025103317588218e+04 8.091895875871026433e+00 -2.447911798125573454e-02 2.512253725771486760e-21
2.610172018186666537e+04 2.916212845539381760e+03 -2.318550733632728225e+04 9.193717743070806137e+00 5.195092829529789763e-02 2.724739866513876673e-21
2.665229391149913499e+04 2.321662636465091964e+03 -2.433063127503404394e+04 8.807146782122096118e-01 1.696106507262526084e-02 2.553721006575950010e-21
2.667186866776537499e+04 2.314877477251951859e+03 -2.435699119051342132e+04 8.207778862854980817e-01 1.335222239164683689e-01 2.714367242827166807e-21
2.664572064787858108e+04 2.269964652348537129e+03 -2.437575599553004577e+04 9.164970588311361910e-01 8.271254530480601219e-02 2.558183586021125817e-21
2.671077967047698621e+04 2.279814750013899356e+03 -2.443096492046308776e+04 7.372044067506928755e-01 -1.534731647723033832e-01 2.580006919409584521e-21
2.667124486485071247e+04 2.262120928103895949e+03 -2.440912393674681516e+04 8.366234389452377185e-01 2.931157147459768561e-02 2.560260821915787022e-21
2.659882488506209120e+04 2.300809568261079221e+03 -2.429801531680101107e+04 6.684456467929614787e-01 -5.536840836820158124e-02 2.573037475850323965e-21
2.671974729181903604e+04 2.293646926513470589e+03 -2.442610036530556681e+04 1.164969316426019530e+00 -7.313746783773103499e-02 2.631406216206744497e-21
2.664605317124678913e+04 2.348785849190621775e+03 -2.429726732205616645e+04 1.702115376775068079e+00 1.277644480728657717e-01 2.609951861929810135e-21
2.657516923581751325e+04 2.414264937561115858e+03 -2.416090429825639876e+04 6.776062129374066378e-01 -7.389028275018633130e-02 2.608684366019883018e-21
2.631712140667988933e+04 2.712182281064649942e+03 -2.360493912561523757e+04 1.736142814857426941e+00 8.858613512940967383e-02 2.651861913029164340e-21
2.628646596871353904e+04 2.695864486265234518e+03 -2.359060148244830634e+04 3.335767860494112558e+00 -1.047222643871218578e-01 2.555879957141213951e-21
2.606923291331069777e+04 2.992317776429695641e+03 -2.307691513688100167e+04 2.202049302527989028e+00 -4.832952234566281757e-02 2.689437518933867175e-21
2.611824892140911470e+04 2.962088103759610021e+03 -2.315616081764950650e+04 2.365100284853817847e+00 -1.787927335213663343e-02 2.569940674105150240e-21
2.598986006774721682e+04 3.031744649934435074e+03 -2.295811541781278356e+04 2.589751324619291140e+00 1.998981495772875552e-02 2.444327851974551793e-21
2.571949895858063974e+04 3.381744313318817149e+03 -2.233775464526182259e+04 2.940027627580701353e+00 7.023141994650163034e-02 2.489744335905540909e-21
2.583277287415131650e+04 3.255223902384243047e+03 -2.257754897176707163e+04 1.786801378321345446e+00 1.929893930912887981e-02 2.535865478815640604e-21
2.555564468930205840e+04 3.591311043934308145e+03 -2.196433364536775116e+04 2.794088516596354932e+00 8.700616305202789336e-02 2.506731330556875451e-21
2.475574830563351497e+04 4.421341163947240602e+03 -2.033440714168627528e+04 3.071682592236390175e+00 9.473467292372965420e-02 2.476374019374156143e-21
2.411846363650416242e+04 5.259576888341788617e+03 -1.885888674816237472e+04 6.067149562045386801e+00 -7.554832737669398002e-02 2.355130742070239799e-21
2.380822035670766491e+04 5.507757209469053123e+03 -1.830046314723860996e+04 4.164583243548509728e+00 -6.907015999899684955e-02 2.342335755067935495e-21
2.238354639640845926e+04 7.147924167980238963e+03 -1.523562222842821939e+04 2.835374788191956430e+00 -1.877923383900453533e-02 2.168983924606447662e-21
