0.000000000000000000e+00 3.141868464092380964e+04 3.141868464092380964e+04 nan 3.679398866951743940e+01 3.232752615422213591e-25
2.150365516911778880e-94 3.141106599600721893e+04 3.141106599600721893e+04 5.114439558030145605e+01 8.362778209049748668e+00 3.203925121489280858e-25
1.937843203956634345e-43 3.142037142596977355e+04 3.142037142596977355e+04 2.414677536427141646e+01 5.101426898128583964e+00 3.210688274343880907e-25
1.049237746595232331e-25 3.141900725156500630e+04 3.141900725156500630e+04 1.366856116227815754e+01 1.814897833181926101e+00 3.223042961634251875e-25
2.050915068916586117e-17 3.141700841368415786e+04 3.141700841368415786e+04 8.483744753782842096e+00 2.988174175856870840e-01 3.211732090829545280e-25
1.848466964476716460e-12 3.141706448328820625e+04 3.141706448328820261e+04 5.224601806809483939e+00 5.936770917498065403e-01 3.223306917102475178e-25
1.659132098348641193e+03 2.968048564412766063e+04 2.802135354577902035e+04 4.072153815077135697e+00 -1.101407972608318547e-01 1.607918013839423859e-22
1.661999789568922279e+04 1.347246656783457001e+04 -3.147531327854652773e+03 8.954655967149927065e+00 1.774315211072473863e-01 1.568466091064374415e-21
2.415947068718908849e+04 5.114646025367751463e+03 -1.904482466182133794e+04 8.834253688385585335e+00 -1.716446164231266447e-01 2.473465845682651979e-21
2.615908715898996888e+04 2.862609680859970013e+03 -2.329647747813000024e+04 9.809343520970971397e+00 -7.221822012022270643e-02 2.610041963234890817e-21
2.660824651748221731e+04 2.324217018882388402e+03 -2.428402949859982982e+04 8.863406054918669952e+00 -4.095620745698393822e-02 2.624088438953328569e-21
2.665147624623635056e+04 2.291291846227255974e+03 -2.436018440000909322e+04 1.121101608804027983e+00 -7.938869879706333954e-02 2.523235721207738505e-21
2.656483689495460567e+04 2.376999909156775175e+03 -2.418783698579783231e+04 3.201365683695554054e+01 6.534507635496566991e-02 2.579746007404614519e-21
2.670881251123982656e+04 2.276620660175656212e+03 -2.443219185106416990e+04 7.296985228058453510e-01 -8.729480057357474898e-02 2.559866513595295321e-21
2.668691817517005620e+04 2.260502462153635861e+03 -2.442641571301642034e+04 9.683737207771794253e-01 1.106001520126559910e-02 2.566571977352500702e-21
2.675094710956780546e+04 2.230314452021212219e+03 -2.452063265754659369e+04 8.055190857128456949e-01 -1.314967780568226108e-01 2.653157002120386394e-21
2.655650929756791083e+04 2.429176075135019801e+03 -2.412733322243289149e+04 1.731590634901993164e+00 5.540001074327243619e-02 2.610364624715718820e-21
2.647456654710120711e+04 2.475549025139609967e+03 -2.399901752196159578e+04 1.438982020896036884e+00 3.435580408364824478e-02 2.505300745820577739e-21
2.655608034148074876e+04 2.438678856027666370e+03 -2.411740148545308330e+04 1.731843550978791058e+00 -2.909089119439399115e-02 2.546988737841872351e-21
2.630944804729505267e+04 2.664171555286209241e+03 -2.364527649200884480e+04 3.239947428223869608e+00 -1.018643258378070481e-02 2.491637459287963393e-21
2.628033001742594934e+04 2.752435782045345604e+03 -2.352789423538060510e+04 3.407731660896860415e+00 -3.777917778482897671e-02 2.559382281482881138e-21
2.623445200541421582e+04 2.794356479961058540e+03 -2.344009552545315819e+04 1.537302927520484586e+00 -2.137275900529823566e-02 2.542681668547370084e-21
2.620862982744065448e+04 2.841611155699830761e+03 -2.336701867174082508e+04 4.531627113785731353e+00 5.200844198565510168e-02 2.579262125680214264e-21
2.597369127076994482e+04 3.099609372598403752e+03 -2.287408189817154198e+04 1.803867572056347512e+00 -1.643277304690068386e-01 2.536648856894223815e-21
2.582610940648498581e+04 3.303142201397969529e+03 -2.252296720508701765e+04 4.401710268006600479e+00 -4.978646317546115557e-02 2.620065028627305860e-21
2.577401395947267883e+04 3.309158871020806600e+03 -2.246485508845187360e+04 2.312548439542173373e+00 -1.196377137998698714e-01 2.541933191824213941e-21
2.551719027139230457e+04 3.638840091861308338e+03 -2.187835017953099668e+04 2.241944393603156893e+00 -4.175998484749409573e-02 2.618200340687920129e-21
2.487718409812733080e+04 4.319643091235077009e+03 -2.055754100689225379e+04 2.744906069973630292e+00 -4.610863060625045029e-02 2.447829277259661121e-21
2.390667235583475485e+04 5.411332998169978964e+03 -1.849533935766477589e+04 3.591107584660349517e+00 -1.319369498581201006e-01 2.357257904798960282e-21
2.327653617784952439e+04 6.133013986037472932e+03 -1.714352219181205146e+04 3.155801436551054717e+00 1.063420699907410144e-01 2.262280161911618399e-21
2.241213723538139311e+04 7.099667505836151577e+03 -1.531246972954524244e+04 3.064500499731976024e+00 -1.106758637253062449e-01 2.192150163871129979e-21
