0.000000000000000000e+00 3.141400598357081253e+04 3.141400598357081253e+04 nan 3.336043427374612946e+01 3.201864895235688233e-25
2.039037391953387675e-94 3.141410287670719117e+04 3.141410287670719117e+04 6.324666847551183224e+01 8.711933982873764748e+00 3.207718497308476546e-25
1.735393705401748262e-43 3.142345973396966656e+04 3.142345973396966656e+04 2.218006284051780952e+01 3.565505073335703656e+00 3.223022131212120358e-25
1.132090637087379682e-25 3.142240434590123550e+04 3.142240434590123550e+04 1.282857786605750228e+01 1.717226857860708611e+00 3.221458787874635194e-25
1.898706603348757462e-17 3.141830667124874890e+04 3.141830667124874890e+04 8.287440816965057522e+00 1.591924503577396288e-01 3.210949538214994892e-25
3.494400237851119863e-12 3.141547510651341145e+04 3.141547510651340781e+04 5.487779800418732812e+00 4.989906221718576895e-01 3.211856818666869529e-25
2.577768782674868362e+03 2.867849374958713088e+04 2.610072496691226115e+04 4.284284214072791919e+00 -1.880063087126684074e-01 2.621101165311271875e-22
1.661558961235672177e+04 1.345042212191979161e+04 -3.165167490436930166e+03 1.234253680701887390e+01 2.990318469604347565e-02 1.555385983454869872e-21
2.384938849442388164e+04 5.385531947976079209e+03 -1.846385654644780152e+04 9.555651457717720731e+00 4.406194946284486269e-02 2.265274268031299078e-21
2.617177674609764654e+04 2.855658635599319041e+03 -2.331611811049832613e+04 1.046368067659575729e+01 1.108437853929716556e-04 2.561494988330173504e-21
2.650113516461088147e+04 2.414722806660120568e+03 -2.408641235795076136e+04 6.674694907218854389e+00 4.646954377901885841e-02 2.605276581539084691e-21
2.659750656234682538e+04 2.309605298241207493e+03 -2.428790126410561788e+04 1.131778428738517528e+00 -1.330586259754213962e-01 2.694800673832099569e-21
2.671108148233590327e+04 2.286729491667735147e+03 -2.442435199066816858e+04 6.232264911870836421e+00 7.988743580448164072e-02 2.497281717969405949e-21
2.665666281836040434e+04 2.279848100061411515e+03 -2.437681471829899237e+04 7.324253308015550301e-01 1.288557050622666372e-02 2.503623924374204398e-21
2.674168272913936016e+04 2.248414470772697769e+03 -2.449326825836666103e+04 8.272183582514562872e-01 5.086309169272123371e-02 2.674886202792006996e-21
2.670604164410000158e+04 2.280357219959601025e+03 -2.442568442414039964e+04 8.987205689127849562e-01 5.648277050741404293e-02 2.522710439518827643e-21
2.662136053610480303e+04 2.309564055100378482e+03 -2.431179648100442500e+04 9.301718986081932705e-01 9.738736576320049243e-02 2.712802954312986314e-21
2.663183182461437536e+04 2.341813282858513958e+03 -2.429001854175586050e+04 8.489680943394680712e-01 2.380251033070469868e-01 2.565321318071830167e-21
2.657127547889014750e+04 2.420672363338867399e+03 -2.415060311555127919e+04 2.286375876710870170e+00 -1.327275011026421946e-02 2.637865185463483821e-21
2.627288666485573413e+04 2.776677892487517511e+03 -2.349620877236821616e+04 2.284811437828612846e+00 1.660366663939076559e-01 2.623053889242828403e-21
2.615278619931789217e+04 2.877148589227692355e+03 -2.327563761009019800e+04 2.178632886501583155e+00 -7.119104736420230062e-02 2.551648680268092720e-21
2.604214025943560046e+04 3.060755708928757485e+03 -2.298138455050684206e+04 2.022587588323173424e+00 8.632542433332705822e-02 2.654942127901886224e-21
2.611130556490188974e+04 2.896360009527028978e+03 -2.321494555537485940e+04 3.250874170986259859e+00 6.677742755979154676e-03 2.514887135841276175e-21
2.593373083431176201e+04 3.149675765856950420e+03 -2.278405506845481068e+04 2.189766457213619066e+00 4.179523773485979005e-02 2.600241853758596091e-21
2.574154786952464929e+04 3.310263736459150095e+03 -2.243128413306549919e+04 4.796088578235471189e+00 1.198899378838939878e-02 2.565642057961031226e-21
2.544161056662604096e+04 3.716079204619727079e+03 -2.172553136200631343e+04 2.972599316569311423e+00 7.792702444895610592e-02 2.521690241516613787e-21
2.543387010943627683e+04 3.670515811789688087e+03 -2.176335429764659057e+04 2.299471245400172226e+00 1.169829128154500492e-01 2.473218110110587799e-21
2.472530494325870313e+04 4.459853009837946956e+03 -2.026545193342075800e+04 3.654657098091796730e+00 -4.982718298293688057e-03 2.482087970098155550e-21
2.410135087573588316e+04 5.202978295875523145e+03 -1.889837257986035911e+04 2.135470162124694760e+00 -1.227041633117498254e-01 2.465691621183331689e-21
2.312039666247768764e+04 6.375215122223291473e+03 -1.674518154025439435e+04 3.233526760108182518e+00 -1.874200981825121237e-01 2.305075017458195372e-21
2.218620239042791218e+04 7.359531266257460629e+03 -1.482667112417045064e+04 3.669779781279418174e+00 1.248940060417175202e-02 2.120082959548050094e-21
