0.000000000000000000e+00 3.141183689958964169e+04 3.141183689958964169e+04 nan 5.344529870934221805e+01 3.202585333800364202e-25
1.826871609168005409e-94 3.141420438636721519e+04 3.141420438636721519e+04 5.209223010391349362e+01 7.794948762184979785e+00 3.211773625422269369e-25
1.517176351782550142e-43 3.142134577061363234e+04 3.142134577061363234e+04 2.278489723327136929e+01 3.379454798698400264e+00 3.211263305039409664e-25
1.298275793209383576e-25 3.141859964362076062e+04 3.141859964362076062e+04 1.321868828836813670e+01 1.546316215217768297e+00 3.227492858230957188e-25
2.203323115428107967e-17 3.142030949191542823e+04 3.142030949191542823e+04 8.585349107443766670e+00 -3.560940304715223825e-01 3.222772408455150795e-25
2.641200841334749799e-11 3.141535654967972005e+04 3.141535654967969458e+04 6.162741188021364280e+00 4.762980891107184700e-01 3.202140289839880262e-25
2.027869864881333569e+03 2.926553909322990512e+04 2.723766922834857178e+04 4.455342449210577094e+00 -1.762146599475892528e-01 2.244367732863911463e-22
1.690615021141987017e+04 1.314947809990205678e+04 -3.756672111517813391e+03 4.224060969696668444e+00 -7.405462674897667075e-02 1.555743818653955586e-21
2.450066817905931384e+04 4.700168070348248875e+03 -1.980050010871106497e+04 1.449158285924386291e+01 1.245280311880625490e-01 2.447551997966358350e-21
2.624085251108241937e+04 2.808396944806590000e+03 -2.343245556627582846e+04 9.662897756943932492e+00 2.212594612718353851e-02 2.676814781626236054e-21
2.659643742828169707e+04 2.366727339783203661e+03 -2.422971008849849386e+04 4.372108425433576251e+00 1.107169355800457639e-01 2.496877355994004498e-21
2.665090109287861196e+04 2.325009552435322803e+03 -2.432589154044328825e+04 8.097754033766584314e-01 -1.093656355222102500e-01 2.587634379304181900e-21
2.674975102702122604e+04 2.249528226680477928e+03 -2.450022280034074720e+04 9.458767051820397009e-01 9.653574826830135791e-02 2.683055480325537129e-21
2.661770059350717565e+04 2.307460815841566728e+03 -2.431023977766560711e+04 2.788995218400801335e+00 -1.676531167872427341e-01 2.605347358853751048e-21
2.670115960825979710e+04 2.270485987125095562e+03 -2.443067362113470153e+04 9.747855527065366621e-01 -5.305325945956917977e-02 2.684099957289503099e-21
2.665371952264620268e+04 2.284520462259072701e+03 -2.436919906038713088e+04 1.115546663866901822e+00 8.203320136595243506e-02 2.680817210921080186e-21
2.667548590390253594e+04 2.312602479296976526e+03 -2.436288342460555941e+04 1.823602526216066666e+00 -1.568795709500687280e-02 2.544915954941375630e-21
2.656572581759464811e+04 2.426313799622235365e+03 -2.413941201797241229e+04 8.254283864934861548e-01 -4.426750751342213401e-03 2.635741478787025304e-21
2.659405805706233150e+04 2.428771693171167499e+03 -2.416528636389116582e+04 2.210801032803405786e+00 -1.712168001456687572e-01 2.683425055787409202e-21
2.625458970213961584e+04 2.764833514620867390e+03 -2.348975618751874936e+04 3.148536450485272198e+00 2.448887654303656333e-02 2.588198914511603098e-21
2.615588730886560370e+04 2.850069501862275047e+03 -2.330581780700332820e+04 1.933093174820109228e+00 -2.378623051839669211e-02 2.487534872265566371e-21
2.634544452891179753e+04 2.666266993661532069e+03 -2.367917753525026637e+04 2.443733041974757381e+00 5.709429267338339553e-02 2.575942027234700406e-21
2.612903260953692370e+04 2.924157961928438453e+03 -2.320487464760848525e+04 2.378668887947382515e+00 -7.384261699813778577e-03 2.626807413242834738e-21
2.587282667667812348e+04 3.221816442668407944e+03 -2.265101023400971462e+04 2.014992599278171426e+00 1.972887091047560160e-01 2.611595645071364995e-21
2.592973528467516735e+04 3.080170255807804097e+03 -2.284956502886736416e+04 3.159371319990356586e+00 -9.548220253484753645e-03 2.581929772172651870e-21
2.570166740312854017e+04 3.386696487719432298e+03 -2.231497091540910696e+04 3.069309704681153050e+00 -1.660251460180417124e-02 2.404728385353533365e-21
2.559505508434783405e+04 3.495374585990463402e+03 -2.209968049835737111e+04 2.784409911253540315e+00 -3.853102256052357011e-02 2.584941427663786861e-21
2.476443335024065527e+04 4.457985150537992013e+03 -2.030644819970266326e+04 3.208210956101313460e+00 7.361987237506375202e-03 2.496508289424783757e-21
2.403896519507912308e+04 5.271617751192707146e+03 -1.876734744388641411e+04 4.764694554418514194e+00 -1.016020208017026638e-01 2.239331183674874309e-21
2.328799516425994079e+04 6.108700414107347569e+03 -1.717929475015259231e+04 5.211540219285125453e+00 1.628353075343203990e-02 2.395859188147794084e-21
2.271620513440390278e+04 6.776502702443887756e+03 -1.593970243196001502e+04 2.721421543056064873e+00 1.033724231884889377e-01 2.152516085606189748e-21
