0.000000000000000000e+00 3.141796808591752415e+04 3.141796808591752415e+04 nan 3.456124565040993701e+01 3.235510826485297157e-25
2.058780388125999104e-94 3.141601620919049674e+04 3.141601620919049674e+04 4.604700601670304394e+01 8.397872289198934581e+00 3.216472121321265570e-25
1.472610128322794738e-43 3.141364597644698733e+04 3.141364597644698733e+04 2.326058389387811687e+01 3.340460290342498695e+00 3.208103219128913371e-25
9.847334853812736605e-26 3.141312273720799567e+04 3.141312273720799567e+04 1.288967375502934942e+01 1.287141960797619555e+00 3.212307333725879036e-25
2.223528260200243053e-17 3.141346098110560342e+04 3.141346098110560342e+04 8.010083272003713617e+00 3.226062485888673836e-01 3.198591267714174315e-25
8.444771399163881528e-13 3.142489877805911601e+04 3.142489877805911601e+04 5.979741759729617634e+00 6.669838356275535896e-01 3.221902938471670252e-25
2.296054899745722196e+03 2.897804631784095545e+04 2.668199141809523280e+04 3.917365825692090464e+00 1.126633791563865471e-02 2.301295574036947157e-22
1.580483503681540424e+04 1.437742372083734699e+04 -1.427411315978057246e+03 7.286573905396416251e+00 -1.073530945431608458e-01 1.534178092786522122e-21
2.473739261407720187e+04 4.483164266294594199e+03 -2.025422834778260585e+04 1.474801978703005467e+01 -6.600073696881227081e-02 2.427954855558607307e-21
2.616374705106688998e+04 2.863431007134147421e+03 -2.330031604393274392e+04 4.227545255929590517e+00 3.655987810651570302e-02 2.599719738769777198e-21
2.650465343620243948e+04 2.465338982610987387e+03 -2.403931445359145073e+04 7.425655416058478231e+00 -8.315856946127776761e-02 2.640875184454709479e-21
2.677353837576129808e+04 2.260455123261094741e+03 -2.451308325250020425e+04 8.953762138754294275e-01 1.032744829469375847e-01 2.561467686775970555e-21
2.668519858645659406e+04 2.283741231807729946e+03 -2.440145735464886457e+04 9.767058404700273977e-01 -1.435136505523372519e-01 2.677527131970909516e-21
2.675568755451838297e+04 2.266039243173314389e+03 -2.448964831134506676e+04 7.997882863760127359e-01 2.414991014275625902e-01 2.729719179133527494e-21
2.670420136282341264e+04 2.267310561609238448e+03 -2.443689080121417282e+04 9.339047924919832155e-01 -1.377247601281274270e-01 2.650353946295042574e-21
2.660366223014960997e+04 2.316333854775401051e+03 -2.428732837537420710e+04 6.732748817894672611e-01 -1.946722711890816124e-02 2.511634727231965225e-21
2.664146522025092418e+04 2.305680633888590364e+03 -2.433578458636233336e+04 1.512117439047147238e+00 6.232105690580904550e-02 2.580500575529182364e-21
2.650412048282249452e+04 2.465303213691424389e+03 -2.403881726913106831e+04 2.163343893869333456e+00 -2.852785586235632997e-02 2.773330068846327005e-21
2.654603780538898354e+04 2.481402091336896774e+03 -2.406463571405208495e+04 1.748635116644471355e+00 -6.345392161113057317e-02 2.593874406927112083e-21
2.647405313387736896e+04 2.540405010235304871e+03 -2.393364812364206591e+04 1.085530582675473088e+00 3.576079129371056292e-02 2.658196329101059904e-21
2.641840959968752941e+04 2.597146542031942317e+03 -2.382126305765558573e+04 3.073094521140005586e+00 1.438254001264784865e-01 2.598676240473656869e-21
2.619333576229451501e+04 2.886512564111157189e+03 -2.330682319818335964e+04 2.313002591519459195e+00 6.133278750853415895e-02 2.607194567352991689e-21
2.592041786669691282e+04 3.170024102498740831e+03 -2.275039376419817199e+04 3.858662232319443053e+00 -1.036528753647831570e-02 2.662093239807248237e-21
2.618726694539000164e+04 2.880380310177375577e+03 -2.330688663521262788e+04 2.627389607652266701e+00 4.718741413062188528e-02 2.626173053445357269e-21
2.601406148686083543e+04 3.055919468424655406e+03 -2.295814201843618139e+04 1.574428986754083937e+00 -3.521904291006252435e-02 2.608041414195773387e-21
2.562106116282707444e+04 3.487828954143174087e+03 -2.213323220868390126e+04 2.343099854934877158e+00 1.135828708921168134e-01 2.600922647029067448e-21
2.536825135276683068e+04 3.773179510275943812e+03 -2.159507184249088823e+04 2.280100121155356430e+00 -1.189244434410673401e-01 2.478623309087438173e-21
2.531152965164291891e+04 3.859651904444956017e+03 -2.145187774719796289e+04 2.291939280163739934e+00 2.148008507315812485e-02 2.546084319040798192e-21
2.375784601588383157e+04 5.575421649974772663e+03 -1.818242436590905709e+04 4.065096034246033163e+00 -1.362355655054057514e-02 2.259134624923597380e-21
2.365973493594740285e+04 5.718459029709963033e+03 -1.794127590623743890e+04 2.706022776477317038e+00 -2.748500582933125283e-02 2.361943602303258348e-21
2.227402590090188824e+04 7.307922991502621699e+03 -1.496610290939926563e+04 4.676855431348141856e+00 1.435011404360310439e-01 2.152591314091716380e-21
