0.000000000000000000e+00 3.141031820278149462e+04 3.141031820278149462e+04 nan 3.054883976911778021e+01 3.194309482416842226e-25
2.425344894877908278e-94 3.142940229806419666e+04 3.142940229806419666e+04 4.896127069968817835e+01 8.375027240174722110e+00 3.247447627534348773e-25
2.177391011308853636e-43 3.141699617747496814e+04 3.141699617747496814e+04 2.461491849888960814e+01 3.753072707942981534e+00 3.214416234372505056e-25
1.056967214773373552e-25 3.142058798522321013e+04 3.142058798522321013e+04 1.520207065598650509e+01 1.759801236608069752e+00 3.231801853313086530e-25
2.191898659034667089e-17 3.141385689536929567e+04 3.141385689536929567e+04 8.024862715974636629e+00 3.090124037452759986e-01 3.210915890378095099e-25
8.860432905260878085e-13 3.142325184705863285e+04 3.142325184705863285e+04 6.015665694088521143e+00 6.555195769674960760e-01 3.231217849429997384e-25
2.273503189545780970e+03 2.901884019967592758e+04 2.674533701013014797e+04 4.544426427273811520e+00 -4.070395245738273604e-01 1.402431818450677036e-22
1.682001631352123877e+04 1.328032003570734742e+04 -3.539696277813891356e+03 5.335590311541982267e+00 1.989898586584776946e-02 9.245776884953324328e-22
2.429288687741021931e+04 4.966705751703093483e+03 -1.932618112570712401e+04 1.188605352216419675e+01 1.965632445851745180e-01 1.344964578526897076e-21
2.607400414408644065e+04 2.963140782200008289e+03 -2.311086336188643327e+04 9.540794583774699689e+00 3.282918684615523247e-03 1.505491044913378034e-21
2.660378449915905003e+04 2.358236920053941503e+03 -2.424554757910510671e+04 1.276038214571301177e+00 2.953133790637967396e-02 1.529406807988675841e-21
2.666429596309826229e+04 2.296818237261411923e+03 -2.436747772583684855e+04 9.461011971146248145e-01 1.115639640560850410e-02 1.559208839492897329e-21
2.669375243760595549e+04 2.278599050279972289e+03 -2.441515338732598320e+04 9.731539264394933886e-01 -6.340141587392444933e-02 1.485025772873551275e-21
2.663771921523991841e+04 2.282888409762592801e+03 -2.435483080547732607e+04 7.916959734166363338e-01 -6.187391451119742675e-02 1.484505332151100573e-21
2.672198648223732744e+04 2.247708198431861547e+03 -2.447427828380546634e+04 1.022004653740713032e+00 1.163326077198207353e-01 1.572554317485302554e-21
2.666255916993227947e+04 2.294545356728510342e+03 -2.436801381320376822e+04 1.335681220713111017e+00 4.547518290654258694e-02 1.520164743114665452e-21
2.664228425339578098e+04 2.362114262257756309e+03 -2.428016999113802376e+04 1.076068713988509451e+00 3.385886207546506127e-02 1.511058511709337298e-21
2.664434668808157949e+04 2.355774964662355615e+03 -2.428857172341922342e+04 4.810149674123579189e+00 3.889882929335960332e-02 1.533474115518420582e-21
2.626954529247212849e+04 2.736013610700491881e+03 -2.353353168177163752e+04 4.350251668447064013e+00 -7.857683785922912889e-02 1.477678846774807183e-21
2.637898897616829345e+04 2.641053300556028262e+03 -2.373793567561226519e+04 1.764416947783303158e+00 7.356256107469345829e-02 1.532660080603902549e-21
2.610095227200657973e+04 2.960725073942038307e+03 -2.314022719806454188e+04 1.618709228848394188e+00 -2.440452560899364007e-02 1.509676370439373197e-21
2.627571442877551090e+04 2.779822511445708187e+03 -2.349589191732980180e+04 3.798341897479952767e+00 -8.965712992517811675e-02 1.501970280292680667e-21
2.602425933020567754e+04 3.014235399153966682e+03 -2.301002393105170995e+04 2.282720120102657013e+00 -3.659808268459809749e-02 1.506819132513660303e-21
2.614436633708301451e+04 2.887342199209225328e+03 -2.325702413787378828e+04 2.031562994184435755e+00 -5.001911533278511485e-02 1.486668034194908310e-21
2.605785358114881819e+04 3.049070454295815125e+03 -2.300878312685300261e+04 3.479996329738713090e+00 -8.734089294159852468e-02 1.541381558466215308e-21
2.589927551897854210e+04 3.142651821884280253e+03 -2.275662369709426275e+04 1.927433748475734454e+00 -1.188858933119932293e-01 1.534329070082313274e-21
2.561129464573628502e+04 3.469554334983479293e+03 -2.214174031075280436e+04 2.475963815107160571e+00 -8.466799269955517515e-02 1.452494125586360604e-21
2.470962550853702851e+04 4.552767871718514471e+03 -2.015685763681851313e+04 3.145016559656660604e+00 -3.996532860665603232e-02 1.446255034560445529e-21
2.404067662227645997e+04 5.273509930942328538e+03 -1.876716669133413234e+04 3.535343819251830499e+00 -9.340975668202704599e-03 1.378475061512720054e-21
2.324640416915345122e+04 6.172486684874126695e+03 -1.707391748427932544e+04 3.671893796887601980e+00 2.996999527076536426e-02 1.361610886381655694e-21
2.223212743762767423e+04 7.268673497175183002e+03 -1.496345394045249122e+04 4.496718964708214195e+00 -1.647775321600818410e-01 1.264865740165318707e-21
