0.000000000000000000e+00 3.142093287254123425e+04 3.142093287254123425e+04 nan 3.756959136720154646e+01 3.219123472745664277e-25
2.068146217555994791e-94 3.141656530590380498e+04 3.141656530590380498e+04 5.271743909033141762e+01 7.538404177787892735e+00 3.200266801669505691e-25
1.438757989413900460e-43 3.142024447940818936e+04 3.142024447940818936e+04 2.226873969910289119e+01 5.246834498041553552e+00 3.229086911354928447e-25
1.222530140824181968e-25 3.142463097121422106e+04 3.142463097121422106e+04 1.310560753143526824e+01 1.791449329716405581e+00 3.227975459688966137e-25
2.010266660622044628e-17 3.141851753233559430e+04 3.141851753233559430e+04 8.184914260194716462e+00 1.174885960916592642e-02 3.226731492250661878e-25
3.052030789624913016e-12 3.141639421966597365e+04 3.141639421966597001e+04 6.372837309846776321e+00 4.712087627338196749e-01 3.208190608235589361e-25
2.241779193972109169e+03 2.903249839545678333e+04 2.679071920148467325e+04 3.909906201554049776e+00 -1.061306457237932571e-01 2.111693427013832095e-22
1.632395855501224105e+04 1.371353806714498569e+04 -2.610420487867255360e+03 1.042286625487077423e+01 -7.988976120681139104e-02 1.564917152398001471e-21
2.375666339817791959e+04 5.521152934394629483e+03 -1.823551046378329193e+04 8.765252921442517220e+00 1.056392035767114157e-01 2.193297376624236744e-21
2.610103822029718867e+04 2.925236211453838223e+03 -2.317580200884335136e+04 5.529420858073507361e+00 8.038040543058473653e-02 2.606278126846836332e-21
2.661963034720695214e+04 2.384162408876174140e+03 -2.423546793833077754e+04 7.871480011150612244e-01 7.658640746228422003e-02 2.604359201033875400e-21
2.672511215051830368e+04 2.260139849305889129e+03 -2.446497230121241591e+04 6.975081117293989053e+00 6.845301055107193278e-02 2.718774945886614350e-21
2.663194265031623945e+04 2.283416819701247732e+03 -2.434852583061499172e+04 1.303473640535836697e+00 -8.894570180155731559e-04 2.616901881684455250e-21
2.674599031486521926e+04 2.257052788255664836e+03 -2.448893752660955579e+04 6.726710030904591298e-01 -8.153316938016881565e-02 2.661651847860910962e-21
2.672542338900210234e+04 2.255058843122110829e+03 -2.447036454587999106e+04 7.277038650540164078e-01 -1.317243089084142726e-02 2.682084112846272928e-21
2.665983554408998680e+04 2.299478153850182480e+03 -2.436035739023980568e+04 9.622215395564771567e-01 1.970782817683768007e-02 2.608187123533919045e-21
2.667530242045295745e+04 2.285078497499147034e+03 -2.439022392295380996e+04 1.004986102368243372e+00 1.396511720299506154e-01 2.722426518712666530e-21
2.652629703539147158e+04 2.437720830300697799e+03 -2.408857620509077242e+04 2.362808530956784558e+00 6.192020861501403375e-05 2.550879258080107529e-21
2.648693184484795711e+04 2.523211609566355946e+03 -2.396372023528160207e+04 1.459486059970308114e+00 1.697215559889247993e-02 2.530941588594348161e-21
2.633985856838692416e+04 2.717590843310389573e+03 -2.362226772507653368e+04 1.635796906724891864e+00 -8.351971329573924796e-02 2.667513377548872952e-21
2.627834647744625181e+04 2.728182121450039176e+03 -2.355016435599621400e+04 1.663662302628968526e+00 1.339203092373243524e-02 2.791175104037450217e-21
2.624004490177016487e+04 2.760682021724543119e+03 -2.347936288004562084e+04 1.938462903611838373e+00 1.622246793714240687e-01 2.504915570453601911e-21
2.631685259375371606e+04 2.767306707921170528e+03 -2.354954588583254372e+04 2.460283253884840260e+00 -3.020144317462218272e-02 2.667498592660377284e-21
2.592712668676588510e+04 3.117429221559369125e+03 -2.280969746520651461e+04 2.828865627398489568e+00 4.363801318864807266e-02 2.510344366442503989e-21
2.596819503858173630e+04 3.113939072001012846e+03 -2.285425596658072391e+04 1.921677140703176967e+00 -1.506658178517464586e-01 2.579219693359200972e-21
2.583952025998706449e+04 3.243058241375530088e+03 -2.259646201861153531e+04 2.575962984183437054e+00 -5.059290015895288178e-02 2.624186417340454019e-21
2.541682420458086563e+04 3.720545182972549810e+03 -2.169627902160831582e+04 6.161915257729321915e+00 -1.600069249411240901e-01 2.488571951383736373e-21
2.484523235898517305e+04 4.369821396936051315e+03 -2.047541096204912174e+04 3.094325706372937912e+00 4.551284310389364790e-02 2.564810779540908110e-21
2.397310732388014731e+04 5.406589761592947070e+03 -1.856651756228720114e+04 3.005841872369438672e+00 -2.601064367979341943e-02 2.280438104165377163e-21
2.334922343474081572e+04 5.994461048602945993e+03 -1.735476238613787064e+04 2.794195711872486498e+00 -1.150484948050763540e-01 2.407521909478717260e-21
2.235009108197445676e+04 7.157745276038909651e+03 -1.519234580593554711e+04 3.866642093798702717e+00 -1.774010620545495021e-02 2.169650524754201302e-21
