0.000000000000000000e+00 3.141716895550231493e+04 3.141716895550231493e+04 nan 3.039835990881238104e+01 3.218675191694520807e-25
1.897928000181500009e-94 3.142144348970254578e+04 3.142144348970254578e+04 5.290092946376137206e+01 7.571624864019258716e+00 3.216540067012179899e-25
1.558143736778573502e-43 3.142558700981114089e+04 3.142558700981114089e+04 2.345577250103214695e+01 3.753072707942981534e+00 3.241770656262100044e-25
9.222810963032705230e-26 3.141851110046213944e+04 3.141851110046213944e+04 1.435180197117034773e+01 1.277979345632179742e+00 3.215957767014568815e-25
1.928932119432976883e-17 3.140987542579118963e+04 3.140987542579118963e+04 8.764208129194742014e+00 2.734356260276160078e-01 3.188021889409855545e-25
8.019425647218969710e-13 3.142003140484428513e+04 3.142003140484428513e+04 6.468169752400075190e+00 4.858663107958669514e-01 3.229515075669659182e-25
2.415196631436970165e+03 2.883953544203515048e+04 2.642433881059817941e+04 3.979123593311644225e+00 -1.515882608645042762e-01 1.247710308697015188e-22
1.687941583648248343e+04 1.319413751140171371e+04 -3.685278325080769719e+03 1.335843517543907666e+01 -9.291395074714997593e-02 9.789091447450607780e-22
2.386791044856309964e+04 5.426060109686232863e+03 -1.844185033887686586e+04 1.687785306486753711e+01 -6.155178958515677284e-02 1.329567845967246645e-21
2.612393540443404709e+04 2.933357971819308659e+03 -2.319057743261473661e+04 7.663720551339276987e+00 1.214582517438648201e-01 1.551612949263430062e-21
2.665344324616403901e+04 2.314344127713782655e+03 -2.433909911845025636e+04 9.219384506044835392e-01 -5.147236614153274936e-02 1.548893859644793950e-21
2.670046322185477766e+04 2.258037497537031868e+03 -2.444242572431774533e+04 6.176777824420178753e-01 1.008801494162663848e-01 1.555115793594077086e-21
2.662717176148815270e+04 2.302101520265370709e+03 -2.432507024122278381e+04 8.281083628764770443e-01 2.034308553410376415e-03 1.473296695020859675e-21
2.664236791110807098e+04 2.277950357251162586e+03 -2.436441755385690703e+04 9.364166478455832054e-01 -2.546994417829747878e-02 1.530261351504584679e-21
2.669650056506822148e+04 2.288168722467234147e+03 -2.440833184260098642e+04 8.944900080840936241e-01 -4.782836767827767024e-03 1.464164844087797950e-21
2.672519302303260338e+04 2.262435631491593995e+03 -2.446275739154101029e+04 1.018494174514865902e+00 -6.362129547439628573e-03 1.528502262695173534e-21
2.659654529027666285e+04 2.357338466508934289e+03 -2.423920682376773038e+04 1.173980645734673534e+00 -1.692717366563340209e-01 1.480008290893991629e-21
2.661514997668684009e+04 2.322449856490571619e+03 -2.429270012019627029e+04 3.730955059730138856e+00 -1.924475323767425514e-02 1.517734970568574265e-21
2.646936794578719855e+04 2.513163422507020186e+03 -2.395620452328017927e+04 1.236059172202665701e+00 -5.666549315919169189e-02 1.513690178985265656e-21
2.636330877945442626e+04 2.615360094286343156e+03 -2.374794868516808492e+04 6.745242340820048810e+00 6.323346494897574832e-02 1.453736892314510979e-21
2.623944491922733869e+04 2.755073988003490285e+03 -2.348437093122384977e+04 2.769243912135575858e+00 -2.220754730887871883e-02 1.554287775742552243e-21
2.586490064957064533e+04 3.214513883329049804e+03 -2.265038676624159416e+04 2.146704884330101759e+00 9.563236525943676763e-03 1.533490497871308727e-21
2.621911971676977919e+04 2.764756470590756635e+03 -2.345436324617902210e+04 2.151570139647025925e+00 -3.109747380679154030e-02 1.492087176844795231e-21
2.612016269932406067e+04 2.876604448542128921e+03 -2.324355825078193084e+04 1.877186627128901941e+00 1.513672908546766782e-01 1.473630543122016096e-21
2.597453763766344491e+04 3.044538110915731068e+03 -2.292999952674771339e+04 1.600353858626697212e+00 6.483643737722739886e-02 1.487189043744358329e-21
2.587270259690874445e+04 3.196952775506776106e+03 -2.267574982140196880e+04 2.037460841527102051e+00 -5.071151348282167820e-02 1.482941703091321642e-21
2.580045310594258262e+04 3.257951745318049689e+03 -2.254250136062453385e+04 3.287702801995008084e+00 3.924545391106428610e-02 1.500072881619223446e-21
2.502316154051377453e+04 4.157050891727495582e+03 -2.086611064878627803e+04 2.474426803363519500e+00 -4.756933000735258377e-02 1.443245796260659531e-21
2.411153781687781157e+04 5.212650993281486990e+03 -1.889888682359632367e+04 2.729017589296852009e+00 -3.016536133350712287e-02 1.369342010725976299e-21
2.323987576813103442e+04 6.133924138649683300e+03 -1.710595162948135112e+04 3.123261490036643995e+00 -7.499588765861329998e-02 1.332428056499685796e-21
2.251800898202947064e+04 6.971177790300232118e+03 -1.554683119172923762e+04 2.934049405241208941e+00 1.942016520469079868e-02 1.243772656452152965e-21
