0.000000000000000000e+00 3.142189519541044501e+04 3.142189519541044501e+04 nan 3.592598875400133096e+01 3.222220769120631624e-25
2.458848697033401788e-94 3.141525458620022619e+04 3.141525458620022619e+04 5.182051140134720413e+01 1.262684234119381976e+01 3.208472198295845794e-25
1.746535187055367550e-43 3.141795729402705183e+04 3.141795729402705183e+04 2.443225562953546159e+01 3.348061918812459847e+00 3.210741845820308190e-25
9.577582724785544979e-26 3.141638779946133945e+04 3.141638779946133945e+04 1.258700348361020538e+01 1.246717541769535087e+00 3.212755386405616714e-25
2.097572247471416437e-17 3.140623025912431694e+04 3.140623025912431694e+04 8.322250898756173854e+00 1.712495754993306196e-01 3.189486331995684290e-25
7.591656679158988273e-13 3.141253504861092733e+04 3.141253504861092733e+04 6.259099409187913743e+00 4.791653200482425823e-01 3.197318784190392217e-25
2.319071155001018724e+03 2.894642415249846090e+04 2.662735299749744081e+04 4.520804460264338687e+00 -1.570539227355609857e-01 1.180164520126842836e-22
1.672108663414418334e+04 1.332468632431120932e+04 -3.396400309832974017e+03 1.343021901886721992e+01 5.997023645329171287e-02 9.190873631255770686e-22
2.443952782051875693e+04 4.799228194574980989e+03 -1.964029962594377503e+04 1.140462903793811655e+01 -5.187181061865996784e-02 1.356743594086171551e-21
2.630441998820882873e+04 2.719727159320437750e+03 -2.358469282888839007e+04 8.430751647871645105e+00 2.244814625355007198e-01 1.476525890273847371e-21
2.663583133621845263e+04 2.331827082588361009e+03 -2.430400425363008981e+04 5.151531330569601330e+00 -1.300713442817021670e-01 1.532344212582884966e-21
2.666284241571852908e+04 2.296759265215214327e+03 -2.436608315050331294e+04 1.225354715127190630e+00 -9.908895210530772879e-02 1.554208852868640155e-21
2.660220866150370784e+04 2.287761731557761323e+03 -2.431444692994594516e+04 8.474383417024252685e-01 4.986974218067852238e-02 1.506840626919035153e-21
2.663225586158655278e+04 2.294571217690997855e+03 -2.433768464389555447e+04 9.609202854971107266e-01 4.866651965340398900e-02 1.491878059354686350e-21
2.667315487819565897e+04 2.302084475009961807e+03 -2.437107040318569852e+04 2.454841454974158843e+00 8.292415853818065063e-02 1.519993650681524058e-21
2.669752054996804873e+04 2.254657439868791243e+03 -2.444286311009925703e+04 7.684868695053334031e-01 -4.373048150595502254e-02 1.565864538328870036e-21
2.663591054478363003e+04 2.333180515080832720e+03 -2.430273002970279776e+04 6.302016271934192115e-01 -5.168667780522989696e-02 1.539587717741161976e-21
2.668733376368764948e+04 2.289889719636033078e+03 -2.439744404405161549e+04 1.535382364992386117e+00 2.197498282325988372e-01 1.550722440352604891e-21
2.657122096291998969e+04 2.454118978097267700e+03 -2.411710198482272244e+04 1.228975562522170994e+00 4.802547027975919564e-02 1.537257635515586685e-21
2.629126933697205095e+04 2.684972895136949319e+03 -2.360629644183510027e+04 1.679227271966931667e+00 -6.314248838777851425e-02 1.494013462572883984e-21
2.624093621689473730e+04 2.736027913298245039e+03 -2.350490830359649408e+04 1.869402405964382119e+00 -4.561808705591021036e-03 1.497175764346012535e-21
2.607963733375039010e+04 3.039731212356601191e+03 -2.303990612139378936e+04 2.356735220982027812e+00 1.287479262189436813e-01 1.529926049951643367e-21
2.620579783168739959e+04 2.864108622622192797e+03 -2.334168920906520725e+04 2.054046124486232028e+00 1.130438780552159295e-02 1.520228210749030490e-21
2.603244230471492119e+04 3.060722055472606826e+03 -2.297172024924231300e+04 1.315745875322714253e+00 -2.742686810233913031e-02 1.541141204541191262e-21
2.598138939848660448e+04 3.041371293389651328e+03 -2.294001810509695497e+04 2.244018448636136309e+00 -4.918557965197132426e-02 1.516159893944690078e-21
2.588742323070537168e+04 3.237849584248994688e+03 -2.264957364645637790e+04 2.413304382929808867e+00 -4.005499898291711887e-03 1.497448197754965386e-21
2.552574539021172677e+04 3.599364010483302081e+03 -2.192638137972842378e+04 3.324517957714592242e+00 -1.765711722803483263e-01 1.528011079551117075e-21
2.491990364234206936e+04 4.276542321602890297e+03 -2.064336132073917906e+04 3.579140303229193965e+00 1.262047820598487524e-01 1.426107329500536867e-21
2.341016982574402573e+04 6.010037129006825126e+03 -1.740013269673720060e+04 2.166736136798981693e+00 -4.459147421637107284e-02 1.337035683146507323e-21
2.302198911213080646e+04 6.455025562640022144e+03 -1.656696354949078523e+04 3.822505310259614486e+00 -7.826904532957505711e-02 1.336170391989694853e-21
2.207690662556463212e+04 7.500355988013080605e+03 -1.457655063755155061e+04 5.268759914757427332e+00 -1.140088175984021457e-01 1.321881552570642095e-21
