0.000000000000000000e+00 3.141722912344653741e+04 3.141722912344653741e+04 nan 3.575119581255180634e+01 3.200147907727066007e-25
2.143277159264253035e-94 3.141391035792481125e+04 3.141391035792481125e+04 5.475415206755257458e+01 8.362778209049748668e+00 3.204282724185903499e-25
1.567681270884258308e-43 3.142208919840351155e+04 3.142208919840351155e+04 2.161543495287391181e+01 3.339331796104372696e+00 3.221294638399144199e-25
1.161387142643108599e-25 3.142083033537699157e+04 3.142083033537699157e+04 1.365816450907162505e+01 1.268605423800198695e+00 3.219185874903118604e-25
2.029041276841402943e-17 3.141825739122852610e+04 3.141825739122852610e+04 8.493773588076820147e+00 4.057821847995623510e-01 3.225757068845725697e-25
3.004641039658458138e-12 3.141524100951376386e+04 3.141524100951376022e+04 5.577060608658572782e+00 5.189644930687040691e-01 3.208901728275581041e-25
2.287692627167031333e+03 2.897514738477449282e+04 2.668745475760746194e+04 4.165782027179054658e+00 -1.959402813602361126e-01 2.255080296617331198e-22
1.653638451093990807e+04 1.352773804153869969e+04 -3.008646469401208378e+03 1.794795601248285877e+01 -9.690716836705665083e-02 1.706262392205952648e-21
2.468128648957617406e+04 4.535970766401338551e+03 -2.014531572317483369e+04 1.263366095420199464e+01 8.021250973474312873e-02 2.372159951922569161e-21
2.611003691681878990e+04 2.907053769888849729e+03 -2.320298314692993881e+04 1.086938444767066869e+01 7.542497178227694499e-02 2.463857988635769935e-21
2.646264897847488464e+04 2.496100739225741563e+03 -2.396654823924914308e+04 6.288212803646210602e+00 7.870218756213509526e-02 2.681135481032632181e-21
2.671281162704646704e+04 2.267549601752642502e+03 -2.444526202529382499e+04 8.859353809769595633e-01 -2.234559749520597383e-01 2.685069953977323863e-21
2.671823823744950641e+04 2.267666359906314028e+03 -2.445057187754319239e+04 7.216700916755794948e-01 -1.435317592678301557e-01 2.736379030573701289e-21
2.664998242411615502e+04 2.283224053939919941e+03 -2.436675837017623417e+04 1.065101930009585862e+00 -8.353438533267397437e-02 2.552900506668785493e-21
2.668895867637285482e+04 2.283042413241300892e+03 -2.440591626313155575e+04 1.026150577591239399e+00 1.672138419342577426e-02 2.591498170606492494e-21
2.665873773639162391e+04 2.310487013119008225e+03 -2.434825072327261660e+04 1.614248659320711710e+00 -1.074564607949347605e-01 2.620943208858040996e-21
2.661846590025178011e+04 2.302311077128979832e+03 -2.431615482312280074e+04 1.709266437876413081e+00 2.806563385027597765e-02 2.521910109642743587e-21
2.656389150948769020e+04 2.409832952527710859e+03 -2.415405855695997889e+04 2.149291897973359511e+00 -8.282265103798809591e-02 2.672398307199535133e-21
2.652483355277270311e+04 2.417246379646759124e+03 -2.410758717312594308e+04 1.211455153425570863e+00 3.571374558690647988e-02 2.536783354881425348e-21
2.639003597948040624e+04 2.601599414001897003e+03 -2.378843656547851060e+04 4.474202864456090722e+00 -2.459253251181868841e-02 2.514788143162252514e-21
2.629343209155675140e+04 2.730712987373558008e+03 -2.356271910418319385e+04 6.305341034242203158e+00 5.208213000956216088e-02 2.651636350103060416e-21
2.624316798368347372e+04 2.773643771078838654e+03 -2.346952421260463598e+04 2.411328397476486973e+00 4.584211285801157408e-03 2.704078733250124017e-21
2.596522475389119063e+04 3.100330416508271355e+03 -2.286489433738292064e+04 2.174447268199283467e+00 5.758169423520138192e-02 2.430979546364212384e-21
2.593027509575688237e+04 3.182029076743371661e+03 -2.274824601901350979e+04 2.070433563063993176e+00 5.412557021097974541e-02 2.580815532676132000e-21
2.602968956931991852e+04 2.987808089398291941e+03 -2.304188147992162703e+04 1.800913916589073516e+00 -1.252946707216009460e-02 2.572982825032828879e-21
2.565813877495569614e+04 3.433588573590275701e+03 -2.222455020136541862e+04 2.009775895681665592e+00 -1.091308417274748366e-01 2.503413466866179367e-21
2.535389979367783235e+04 3.771756154320379665e+03 -2.158214363935745132e+04 3.204889813027083090e+00 6.337573582983498099e-02 2.521928880316676592e-21
2.493023671479815312e+04 4.284806253767371345e+03 -2.064543046103078086e+04 2.634984320329916585e+00 -9.609086310477288340e-02 2.417372344071240823e-21
2.465064117986263955e+04 4.598991450290813191e+03 -2.005164972957182545e+04 2.863202082425828632e+00 -1.122464604457591858e-01 2.400395748516940674e-21
2.340734315804312428e+04 6.022892119270086368e+03 -1.738445103877303700e+04 3.390951313805784739e+00 5.154948750943399993e-02 2.308184629998217684e-21
2.199394007693057210e+04 7.619081434038221232e+03 -1.437485864289235178e+04 6.120628846926185140e+00 -7.721389815343954188e-02 2.185859584456506738e-21
