0.000000000000000000e+00 3.141591797417021371e+04 3.141591797417021371e+04 nan 3.612361179479917439e+01 3.207603014949979829e-25
2.301676699133411419e-94 3.141047878688314813e+04 3.141047878688314813e+04 5.148366251337974830e+01 7.525436146211355926e+00 3.198957475499600930e-25
1.171208383929392575e-43 3.141511302549637185e+04 3.141511302549637185e+04 2.545457534820906531e+01 3.204421269686584584e+00 3.213052212540684910e-25
1.029617031463782873e-25 3.141825125685243984e+04 3.141825125685243984e+04 1.347514449580356022e+01 1.243912859836769913e+00 3.219320087241158253e-25
2.233017646199534547e-17 3.141976015444820951e+04 3.141976015444820951e+04 8.647456463608390820e+00 1.319549605596005704e-01 3.232127979603294719e-25
8.601764258623191605e-13 3.141262010755120355e+04 3.141262010755120355e+04 6.046078038825275947e+00 5.580566035653119483e-01 3.200101792567813420e-25
2.199306705408600919e+03 2.906136599508226573e+04 2.686205928967366344e+04 4.429566506378249890e+00 -1.711638958546051192e-01 1.989507044599456086e-22
1.642690842857489770e+04 1.371541246263009452e+04 -2.711495965944803174e+03 1.812972762240454827e+01 -1.017260372322945639e-01 1.577890804478218360e-21
2.401346846274764539e+04 5.260202239370904863e+03 -1.875326622337674053e+04 8.257811371069017525e+00 -9.407691450605585107e-03 2.349914147013638609e-21
2.617606425233653863e+04 2.834800887553031771e+03 -2.334126336478350640e+04 4.071137708532703847e+00 1.890068592613600718e-01 2.632227423962702812e-21
2.662600253478159721e+04 2.383501104336466142e+03 -2.424250143044513243e+04 9.124610740887211691e+00 3.473961267414196752e-02 2.549188609359530452e-21
2.668054911695481496e+04 2.299947147252083596e+03 -2.438060196970272955e+04 5.095886927554214019e+00 2.243401143550614041e-01 2.640173237292530556e-21
2.665350400964910659e+04 2.291856124006491882e+03 -2.436164788564261471e+04 8.178106913101733655e-01 -1.740509277843864042e-02 2.583762357027779056e-21
2.673556154484655781e+04 2.257602889447265170e+03 -2.447795865539929218e+04 7.735275926573731420e-01 1.038755967317335771e-01 2.608920101689913777e-21
2.670137746651241105e+04 2.253963576002672198e+03 -2.444741389050973885e+04 1.150515843531553450e+00 5.387034178530751560e-03 2.593182696484954592e-21
2.667552190625657022e+04 2.321407043194993548e+03 -2.435411486306157531e+04 1.244008691307800563e+00 7.645043045233013146e-02 2.524602324823583830e-21
2.663969510924700444e+04 2.310345721101219624e+03 -2.432934938814578345e+04 9.237117342895458938e-01 -7.349789385490611239e-04 2.488295055796353216e-21
2.661031331828241309e+04 2.356957525764854836e+03 -2.425335579251755917e+04 1.300610877684303945e+00 -1.388843625864346655e-02 2.515433383790027617e-21
2.653649318602525454e+04 2.453967529272960292e+03 -2.408252565675229562e+04 2.363511233779401532e+00 6.819381176999864645e-03 2.590294339566768120e-21
2.643803707381867207e+04 2.566078155976285416e+03 -2.387195891784238484e+04 2.319171695730632976e+00 1.125312099635384505e-01 2.595224060002574985e-21
2.634954372295662688e+04 2.610540710302455409e+03 -2.373900301265417147e+04 2.108533228044938479e+00 9.149869370864401052e-02 2.579887254820140952e-21
2.630591439779417487e+04 2.724057330203701895e+03 -2.358185706759047389e+04 2.575125671155403584e+00 1.203116648435102604e-01 2.581747565866534699e-21
2.595701741245897574e+04 3.106464580896864845e+03 -2.285055283156211226e+04 2.979607250745293090e+00 -7.235271988980937659e-03 2.534007136557404944e-21
2.603403576625400092e+04 3.001055308378582595e+03 -2.303298045787541923e+04 1.623972145435282899e+00 2.484171834805399062e-02 2.510906386895675652e-21
2.616339793884237952e+04 2.889978213475826124e+03 -2.327341972536655521e+04 2.006186597217797019e+00 -6.208943694039945060e-03 2.712241002334550203e-21
2.555110460432403124e+04 3.557464473914736573e+03 -2.199364013040929422e+04 2.349152329339686762e+00 -2.972102796498703528e-02 2.647181986580098202e-21
2.558916106106117513e+04 3.542175648114780870e+03 -2.204698541294639290e+04 2.533219293682716700e+00 -3.922906846641402261e-03 2.499327631795805708e-21
2.465435916009709399e+04 4.622468994738488618e+03 -2.003189016535860719e+04 5.037696752266184852e+00 2.774567065670092980e-02 2.505540416013535027e-21
2.407699525371523487e+04 5.273950885593142630e+03 -1.880304436812209315e+04 3.319200538894612418e+00 2.778788862741310428e-02 2.359551570138513385e-21
2.296001768672980324e+04 6.510029178295913880e+03 -1.644998850843388936e+04 3.269544884399338880e+00 -6.627483250060489878e-04 2.286130470467895845e-21
2.204333454187895040e+04 7.480454215154411031e+03 -1.456288032672453846e+04 3.831494002795031051e+00 6.543289537194500738e-02 2.181145614948694099e-21
