0.000000000000000000e+00 3.141935182922818422e+04 3.141935182922818422e+04 nan 3.612361154604015923e+01 3.222547398468862126e-25
2.472590883968935320e-94 3.141988899864617633e+04 3.141988899864617633e+04 5.077434278964730652e+01 8.392172729153344335e+00 3.211655378158512002e-25
1.824725536161438562e-43 3.141749741419392740e+04 3.141749741419392740e+04 2.532769337340808136e+01 3.751672573643304531e+00 3.217239710718187379e-25
9.508139982761117384e-26 3.141088389707469469e+04 3.141088389707469469e+04 1.266885148734649924e+01 5.595807858181257588e-01 3.205448638932491618e-25
2.304019092310874290e-17 3.142066546754418960e+04 3.142066546754418960e+04 8.141806682719080257e+00 1.592018467689043648e-01 3.211969258590281857e-25
5.649520204130311170e-12 3.142032853397802319e+04 3.142032853397801591e+04 6.069380224381973221e+00 6.129269213514096926e-01 3.227002291412923321e-25
2.554460420491959667e+03 2.870871466773915381e+04 2.615425424724719414e+04 4.125162939888853408e+00 -1.488279556811528959e-01 2.901419224432812594e-22
1.731395168935327092e+04 1.270977602640523037e+04 -4.604175662948040554e+03 8.401652511195159434e+00 -9.218469337405577058e-02 1.746565444403301602e-21
2.423691912364724703e+04 5.038234747271251763e+03 -1.919868437637599709e+04 1.416861276127164615e+01 2.296927625838507403e-02 2.430823450223540537e-21
2.609879688885951691e+04 2.946052427642549446e+03 -2.315274446121696747e+04 1.208899362807540712e+01 -4.479308709850827325e-02 2.548207955170678698e-21
2.659855479750018276e+04 2.390291610724169459e+03 -2.420826318677601375e+04 5.508513229841521586e+00 -1.054228921828792437e-01 2.733261042667150960e-21
2.665626808052106935e+04 2.287154281655969044e+03 -2.436911379886509894e+04 8.467728283207515139e-01 1.191362256681033349e-01 2.592727091349498588e-21
2.675588951624559922e+04 2.238366128942286650e+03 -2.451752338730331394e+04 8.740897618664003055e-01 3.083824436756005608e-02 2.590440602538145123e-21
2.666789647166092982e+04 2.284598945501779326e+03 -2.438329752615914913e+04 8.056229851990800439e-01 1.044833592191397043e-01 2.647434067763982038e-21
2.671932313395372694e+04 2.271740378892498029e+03 -2.444758275506123027e+04 8.380745838172961593e-01 -3.578417929255239827e-02 2.532780841554676717e-21
2.675016249163772954e+04 2.257560956958323914e+03 -2.449260153467940472e+04 7.505862592202938721e-01 -4.128905058181784465e-02 2.581637664427220869e-21
2.671440377919080856e+04 2.292919956213083879e+03 -2.442148382297772332e+04 1.854463525032332250e+00 1.176192265327872660e-01 2.742652892434153639e-21
2.659608536703861319e+04 2.385545288865876046e+03 -2.421054007817273668e+04 1.062501220404001190e+00 5.221202124068006351e-02 2.709489784419141699e-21
2.645037907169927712e+04 2.507843987961340645e+03 -2.394253508373793738e+04 3.687804285164425711e+00 4.307002665977601591e-02 2.582246466676229431e-21
2.649506812607028041e+04 2.464362144334608274e+03 -2.403070598173567123e+04 2.987057748934290213e+00 5.414771081745538978e-02 2.667997215036385941e-21
2.639471675233730639e+04 2.630077215919038281e+03 -2.376463953641826811e+04 2.077343540782359721e+00 1.183663798781737359e-01 2.724316873804215162e-21
2.617061788733068170e+04 2.836689420743092796e+03 -2.333392846658758936e+04 4.396951977942831213e+00 -1.677669622047288644e-01 2.581969154521948229e-21
2.621412826930818119e+04 2.835145564587092849e+03 -2.337898270472108925e+04 3.809615076071858564e+00 -3.970438690678036037e-02 2.578146114286951722e-21
2.590085905688384810e+04 3.155987887734184824e+03 -2.274487116914966464e+04 2.369076752497173199e+00 -3.908343470918145685e-02 2.506036127874049903e-21
2.607241895977777313e+04 2.985597640696469625e+03 -2.308682131908130395e+04 3.628956670953981334e+00 -4.362596639540138738e-02 2.531107988939302067e-21
2.581069587750637584e+04 3.267995515541412715e+03 -2.254270036196496221e+04 3.107831016809865954e+00 1.616166610473274146e-01 2.599746142402306978e-21
2.540835055012859812e+04 3.789963041220928517e+03 -2.161838750890766823e+04 1.935419067677187188e+00 7.815101826827669518e-02 2.481033545724726019e-21
2.485709933607847779e+04 4.322681540659414168e+03 -2.053441779541906362e+04 3.582854807117858531e+00 -2.871288235495983096e-02 2.438337491641458544e-21
2.411031890535314960e+04 5.222820075463901048e+03 -1.888749882988924946e+04 4.746387030117037220e+00 -1.581366165136419977e-01 2.424770430562122039e-21
2.329337834968129027e+04 6.131491798949833537e+03 -1.716188655073145492e+04 2.992761699360421801e+00 -3.592503007599948811e-02 2.330443352673924477e-21
2.301712866220716023e+04 6.440579703674456141e+03 -1.657654895853270500e+04 4.141288869658200866e+00 -3.587558525529598724e-02 2.262268064112348076e-21
