0.000000000000000000e+00 3.141524412315134759e+04 3.141524412315134759e+04 nan 3.041274111632330346e+01 3.212137972334192022e-25
2.274304356826709740e-94 3.142404153014279291e+04 3.142404153014279291e+04 5.509425281502310412e+01 8.358191562130150132e+00 3.221888288567322664e-25
1.331405782885439763e-43 3.141532981691524401e+04 3.141532981691524401e+04 2.154619596953621397e+01 3.323992818307568431e+00 3.201664534882538132e-25
9.058963666698128508e-26 3.142240374468292794e+04 3.142240374468292794e+04 1.251247102723131555e+01 1.149362078425586908e+00 3.222781538864771581e-25
1.918984305874874417e-17 3.141855211529123699e+04 3.141855211529123699e+04 7.858318033994127205e+00 -2.232252726778614083e-01 3.223648266756087225e-25
7.796452492371311244e-12 3.141548916418229419e+04 3.141548916418228691e+04 6.451126694653328109e+00 5.584374923799004797e-01 3.206787968587354716e-25
2.362896673580422430e+03 2.889854994326867745e+04 2.653565326968825684e+04 4.379769966048210783e+00 -1.361132078505165877e-01 1.220322173684279991e-22
1.618184206266449473e+04 1.394740253132595353e+04 -2.234439531338541201e+03 1.215363422627660128e+01 -6.850583105873843393e-02 8.657936133502581325e-22
2.390348554168926421e+04 5.378140222875205836e+03 -1.852534531881405928e+04 1.329840062004856271e+01 1.159807089392076856e-01 1.346315981931384891e-21
2.597090475136468740e+04 3.047025540855393956e+03 -2.292387921050929435e+04 9.396591319471161441e+00 7.271360052350921144e-02 1.498420912660667662e-21
2.668987225880941332e+04 2.303411417177347630e+03 -2.438646084163206615e+04 6.848716340851551898e+00 5.832647654388634084e-02 1.566357503416658128e-21
2.661010227159750139e+04 2.333928573407956264e+03 -2.427617369818954467e+04 4.726929853470465126e+00 1.897692659873709553e-01 1.502983607856535409e-21
2.666523282231807025e+04 2.289034060527310885e+03 -2.437619876179075800e+04 7.736978273181813748e-01 6.623195022292532874e-02 1.536258438442336686e-21
2.668557360308149509e+04 2.249830441223798516e+03 -2.443574316185769567e+04 7.985173415943621622e-01 -4.671543253348470204e-02 1.560883130986286559e-21
2.668524525147250097e+04 2.261526635429432190e+03 -2.442371861604306832e+04 1.368898343110394711e+00 -2.507076124414501020e-02 1.550599617640336034e-21
2.664412281372574944e+04 2.287772049935115319e+03 -2.435635076379063321e+04 1.414375183455176765e+00 8.945960006433711920e-02 1.527009175613937291e-21
2.661669729166961406e+04 2.382973447831306657e+03 -2.423372384383830649e+04 1.580823083911714777e+00 -3.093264058630020019e-02 1.497725144975466576e-21
2.660939996434327622e+04 2.343621710189549958e+03 -2.426577825415372718e+04 1.556120771021366478e+00 -3.197406020156103729e-02 1.562306347201181013e-21
2.653447601876547196e+04 2.451271128103917817e+03 -2.408320489066155278e+04 3.714634727233187661e+00 6.750504628108830452e-02 1.587509765473498312e-21
2.649917194829625078e+04 2.530490065210802641e+03 -2.396868188308544632e+04 1.159670696675140666e+00 2.139700430460544089e-01 1.517958738550919056e-21
2.616991449842858492e+04 2.860312989030616791e+03 -2.330960150939796949e+04 1.832087922663129698e+00 6.600341612694256288e-02 1.507644442377499126e-21
2.588768729176259876e+04 3.125320017237890625e+03 -2.276236727452470950e+04 1.743873779858124307e+00 -1.395667887043541000e-01 1.495854251277917529e-21
2.623615877087562330e+04 2.795204291052428289e+03 -2.344095447982319456e+04 3.008305980556868153e+00 -5.870867082289877442e-02 1.523966110218786477e-21
2.617906454105997182e+04 2.877706989767601499e+03 -2.330135755129237077e+04 2.714630620333420286e+00 7.808882263655836375e-02 1.529548921719485018e-21
2.618303156922400012e+04 2.864881256400849452e+03 -2.331815031282314885e+04 2.343833891781139656e+00 1.193828471749110998e-01 1.488213811740884119e-21
2.568357567818715688e+04 3.476356644921715542e+03 -2.220721903326544270e+04 2.204700636084028886e+00 3.373804658659521755e-02 1.483814925613594500e-21
2.558182078516102411e+04 3.473225782618678295e+03 -2.210859500254234445e+04 2.464772165848679197e+00 8.739346237557353569e-02 1.511752654145543779e-21
2.475472452881314894e+04 4.498678021696458018e+03 -2.025604650711669092e+04 3.582100660971470507e+00 1.057175339421627912e-02 1.440040746559468837e-21
2.422224893726461232e+04 5.065974206916649564e+03 -1.915627473034796276e+04 4.661639344856579825e+00 6.755488422710957848e-03 1.382337754979498009e-21
2.320604463937121909e+04 6.238224721966709694e+03 -1.696781991740450758e+04 5.613448778181609811e+00 -8.271207223484682014e-02 1.330125461563690142e-21
2.248869522067610524e+04 7.025129164128279626e+03 -1.546356605654782470e+04 4.122820142100335872e+00 -6.457928414828047192e-02 1.314084449277292725e-21
