0.000000000000000000e+00 3.140588526059525611e+04 3.140588526059525611e+04 nan 3.592816770302099627e+01 3.187910331995422721e-25
1.959672909853869529e-94 3.141345463552333240e+04 3.141345463552333240e+04 5.065386456897118705e+01 7.303474455144015387e+00 3.202537599489330080e-25
1.109479890314742201e-43 3.142239277238267096e+04 3.142239277238267096e+04 2.533052581065973641e+01 3.302377414429322755e+00 3.209839710231313527e-25
9.702216680935093051e-26 3.141542142971531212e+04 3.141542142971531212e+04 1.383176729570370789e+01 1.286574795787357672e+00 3.211111323204795758e-25
2.276503763697226514e-17 3.142091293919760574e+04 3.142091293919760574e+04 8.449649176733606382e+00 1.648352064133424832e-01 3.219198306079237760e-25
6.221740454765936364e-12 3.142619242413488610e+04 3.142619242413487882e+04 6.963807513716715469e+00 6.024467977801859497e-01 3.224786146300836730e-25
2.154244559365586156e+03 2.914305782695357266e+04 2.698881326758798605e+04 4.204088047614599866e+00 -2.770315393848477026e-01 1.321047721298701271e-22
1.560770702955869638e+04 1.459671466121827689e+04 -1.010992368340419489e+03 1.284935736744783874e+01 -2.125773450285601759e-02 8.817774880251966129e-22
2.454933461110098142e+04 4.615531524400781564e+03 -1.993380308670020167e+04 1.151769663905043473e+01 7.691237794362881797e-02 1.360179937753090038e-21
2.623314688654604106e+04 2.789091884330967332e+03 -2.344405500221507464e+04 9.789070253974417213e+00 -1.771008957842259979e-02 1.487531437083028193e-21
2.652294418174769817e+04 2.404397396673024559e+03 -2.411854678507467179e+04 1.820461847330282934e+00 9.075412869649790437e-02 1.502896481004515856e-21
2.666645283677156840e+04 2.288040884150505008e+03 -2.437841195262106339e+04 1.329514997885812511e+00 7.436878399463305034e-02 1.488603180330176341e-21
2.670909871698002826e+04 2.271608568928555542e+03 -2.443749014805147453e+04 7.222104986314100694e-01 5.637314837311228205e-02 1.519859707319092005e-21
2.669116759795072358e+04 2.281174817508573142e+03 -2.440999278044214952e+04 1.011052009353718528e+00 3.602022261881500723e-03 1.528846003374906165e-21
2.672178272598129479e+04 2.266357348607358745e+03 -2.445542537737393650e+04 7.149713502807762966e-01 4.292933572462809960e-02 1.509582999026226191e-21
2.665547827945684185e+04 2.266450796244719641e+03 -2.438902748321212130e+04 7.939477497487820168e-01 1.916375090692351221e-02 1.551992342571047095e-21
2.667353408580591349e+04 2.273000492927579671e+03 -2.440053359287833518e+04 1.153836756491798399e+00 3.579545054156933054e-02 1.522987140196649424e-21
2.662524439965087004e+04 2.338848481107942916e+03 -2.428639591854292667e+04 1.248841884886593201e+00 1.097830564546959792e-01 1.547000624242127781e-21
2.649816118200448182e+04 2.479391638329308535e+03 -2.401876954367517465e+04 1.871315419562312288e+00 6.164065846596141103e-03 1.533663820167878291e-21
2.636290977946217390e+04 2.635138163793411422e+03 -2.372777161566876384e+04 3.106304168216059480e+00 1.228144404258471739e-01 1.491624402173191011e-21
2.616233713484198961e+04 2.839864413243044510e+03 -2.332247272159894419e+04 3.363156457622825446e+00 6.921445105511007945e-02 1.525528315309382730e-21
2.623429167436945136e+04 2.880983745261857166e+03 -2.335330792910759556e+04 3.058946881949887509e+00 3.020149511158015665e-02 1.515421272993183377e-21
2.618107755456535597e+04 2.858015883135548847e+03 -2.332306167142980848e+04 2.066372699760040010e+00 -4.265525405634151140e-02 1.502003010623328954e-21
2.616244184796991613e+04 2.889946375897796770e+03 -2.327249547207211799e+04 2.744835105113573093e+00 8.498211937637456526e-02 1.492627453660328429e-21
2.580711779047808886e+04 3.268873566506630596e+03 -2.253824422397145827e+04 3.910128697085589078e+00 1.030065398377391778e-01 1.535408386847627172e-21
2.593134281291961088e+04 3.098189651103017695e+03 -2.283315316181659364e+04 2.848487207262792253e+00 5.579102656960736178e-02 1.538028009719992131e-21
2.555923784833573154e+04 3.527994667776767074e+03 -2.203124318055896583e+04 2.345897924937167645e+00 5.199484576483984904e-02 1.510691084896585283e-21
2.490754150149400084e+04 4.328400351060230605e+03 -2.057914115043377024e+04 6.046856598826644280e+00 7.059488481374531776e-02 1.431431401995056177e-21
2.457231466058288424e+04 4.702159101563464901e+03 -1.987015555901941843e+04 4.275103866154068122e+00 -1.472678132976492082e-01 1.436829106998562370e-21
2.353060465616174042e+04 5.834254440081155735e+03 -1.769635021608058378e+04 3.965566142045201303e+00 1.209844993146872022e-01 1.337431410508328262e-21
2.237365811038607353e+04 7.105756218851716767e+03 -1.526790189153435676e+04 3.095598175883088832e+00 -4.039478060829157502e-02 1.243493491291003821e-21
