0.000000000000000000e+00 3.141857287601454664e+04 3.141857287601454664e+04 nan 3.305707268973341684e+01 3.209195220605691490e-25
1.978184508698379051e-94 3.142269391407872899e+04 3.142269391407872899e+04 5.403529577829971231e+01 7.546294738647389089e+00 3.222129304106940197e-25
1.603695195121927264e-43 3.142339023058940438e+04 3.142339023058940438e+04 2.712801753944576433e+01 3.713546988788648751e+00 3.226833202497798552e-25
1.001983524090830294e-25 3.141636994015291202e+04 3.141636994015291202e+04 1.404170369555622067e+01 1.252699824391175554e+00 3.213130561809482041e-25
2.292127169974122897e-17 3.141653607975659543e+04 3.141653607975659543e+04 9.043666755851766936e+00 1.591901269694473153e-01 3.218983544474200150e-25
4.155586837158089113e-12 3.141431193926617198e+04 3.141431193926616834e+04 6.006922908127729777e+00 6.685953272642289891e-01 3.198172913703244693e-25
2.266165380476815244e+03 2.902924487074274293e+04 2.676307949026592905e+04 4.089152594201852509e+00 -2.124681410178459184e-01 1.322538458704066563e-22
1.630083507242300402e+04 1.387499383131439572e+04 -2.425841241108608301e+03 1.338423728263061285e+01 -1.480383123087387343e-01 9.535593739856123115e-22
2.358267439077782910e+04 5.742178476584961572e+03 -1.784049591419286662e+04 1.181245899264209243e+01 -4.212911879429041134e-02 1.350819195041208542e-21
2.615061099557351190e+04 2.936061653871047383e+03 -2.321454934170246270e+04 6.625942910340924641e+00 7.599978609895498283e-02 1.503940172183510540e-21
2.662053816955542425e+04 2.328050204581010348e+03 -2.429248796497441435e+04 1.174965660382835564e+00 -3.966945678346762288e-02 1.556981258534822272e-21
2.667793943133916400e+04 2.281889718685999924e+03 -2.439604971265316271e+04 1.462804087488331239e+00 3.459679461526431882e-02 1.537775168284490473e-21
2.662020528336482312e+04 2.293894169124037944e+03 -2.432631111424078699e+04 8.162825143492870028e-01 1.066603432844069888e-01 1.531541146715107399e-21
2.667537383031182617e+04 2.281416779433679039e+03 -2.439395705087814713e+04 7.072819485037604714e-01 1.899041294506988165e-01 1.517407893593238464e-21
2.662501008097957674e+04 2.292772449300591688e+03 -2.433223763167898505e+04 7.857631228618298103e-01 -1.414137300468969703e-02 1.534074868988029428e-21
2.663316334684699905e+04 2.320168228096586972e+03 -2.431299511875041208e+04 7.322225939479678480e-01 -1.114523589699732420e-01 1.545863167013005141e-21
2.657906900970988863e+04 2.374062771749956482e+03 -2.420500623795993306e+04 3.375056751971710067e+00 -5.812529748168780014e-02 1.510066035441383176e-21
2.666267808382988005e+04 2.345076551578410999e+03 -2.431760153225146860e+04 2.181918576571859614e+00 3.134428442597180647e-02 1.529604317577442418e-21
2.662087738023240672e+04 2.420130036489706526e+03 -2.420074734374269974e+04 2.406644288159782263e+00 1.056664639980226389e-01 1.540216110269775372e-21
2.639295900923482986e+04 2.625801721746104704e+03 -2.376715728748872425e+04 1.998471287629096649e+00 8.989804813120794158e-02 1.549429084651236613e-21
2.632582066521121669e+04 2.659147222598730878e+03 -2.366667344261248581e+04 1.531429497408013374e+00 1.520267348538818265e-02 1.465427959217650870e-21
2.607789356507774937e+04 2.933887474527761697e+03 -2.314400609054998858e+04 2.001306689316676657e+00 1.365167142173208947e-01 1.545268701060282039e-21
2.614060397741969791e+04 2.923033130988108951e+03 -2.321757084643159033e+04 1.916555258183820998e+00 -4.436745637604492393e-02 1.564038029517829050e-21
2.586378650677703263e+04 3.228972222128214526e+03 -2.263481428464881901e+04 1.306225604586467304e+00 1.314025516428440621e-01 1.508571459366889550e-21
2.594735021387484448e+04 3.128704127425662136e+03 -2.281864608644918189e+04 3.036576214134667939e+00 -3.497382757190155983e-02 1.512913057707024728e-21
2.577402064601553866e+04 3.376310320499430418e+03 -2.239771032551610915e+04 3.053909555939495757e+00 -1.238102432035867034e-01 1.507370568479754419e-21
2.545463050609791753e+04 3.654895280820580410e+03 -2.179973522527733803e+04 2.235619686672142503e+00 -5.821931036636901480e-02 1.483819580995815325e-21
2.457920261288878828e+04 4.687539248698623851e+03 -1.989166336419016443e+04 2.750711256538853178e+00 2.070748549845180184e-02 1.423894709864446498e-21
2.411409365369240186e+04 5.181243707319064924e+03 -1.893284994637333875e+04 7.625400689161544676e+00 6.686547754359992157e-02 1.416725815479553167e-21
2.267274154706083937e+04 6.756587892190485036e+03 -1.591615365487035524e+04 3.446536617105282918e+00 1.330017790511711651e-02 1.322353494321460257e-21
2.229128719003720107e+04 7.204338867197516265e+03 -1.508694832283968572e+04 4.543081262985226410e+00 5.537777382297640050e-02 1.274552547364882256e-21
