0.000000000000000000e+00 3.142472451278755761e+04 3.142472451278755761e+04 nan 3.647385632232470698e+01 3.228865458419021887e-25
1.702564989430126134e-94 3.141625927733948993e+04 3.141625927733948993e+04 5.574046271249788020e+01 7.559443357890067716e+00 3.203811287757195719e-25
1.450408166613123256e-43 3.141804758311386831e+04 3.141804758311386831e+04 2.360203937041569233e+01 3.231701097635965692e+00 3.219301674564062666e-25
1.044958856786222952e-25 3.142558241885340976e+04 3.142558241885340976e+04 1.224885903501720641e+01 1.790892225014548034e+00 3.237130114571667200e-25
2.155494037646972117e-17 3.141467439817743434e+04 3.141467439817743434e+04 8.560790918718517162e+00 -3.041555792429653793e-01 3.203987325833908031e-25
9.495128386932247573e-12 3.141760691487295844e+04 3.141760691487294753e+04 6.099383902531315016e+00 5.483618608040300435e-01 3.227949196278016364e-25
2.631779962647814955e+03 2.862259117592336770e+04 2.599081121327555229e+04 4.047032049640596263e+00 -1.352988550528415601e-01 2.134767943222243643e-22
1.596832365930707238e+04 1.417545289404106188e+04 -1.792870765266010494e+03 1.550123463251741818e+01 2.342626895505590598e-02 1.490082729336010685e-21
2.397196956613033399e+04 5.316348072333430537e+03 -1.865562149379690527e+04 2.196934855690080113e+01 4.667099864453286978e-02 2.227983755982788856e-21
2.598045825571880414e+04 3.027215685559323902e+03 -2.295324257015948024e+04 6.607464488646698442e+00 1.930879613460695365e-01 2.569747811918997879e-21
2.663349213688880263e+04 2.366624900074555626e+03 -2.426686723681424701e+04 6.877123731532652329e+00 1.164152643236044012e-02 2.563741766384501173e-21
2.670840980097830106e+04 2.272882713530108504e+03 -2.443552708744819392e+04 8.722849148773578198e-01 9.114676101390277452e-02 2.678547224401516812e-21
2.667422040119424855e+04 2.269465073392103477e+03 -2.440475532780214417e+04 8.928214853520893834e-01 -7.297631162209682054e-02 2.667729792775472308e-21
2.669794076559067980e+04 2.251327564891996644e+03 -2.444661320069868452e+04 1.315295720257899204e+00 -5.283834908813807990e-02 2.678393867142756905e-21
2.665734808590502871e+04 2.266740887095273592e+03 -2.439060719880975375e+04 9.890010008900222971e-01 -1.871770538596812666e-02 2.761867611070183090e-21
2.671075022255043223e+04 2.277213259831448795e+03 -2.443353696271898298e+04 8.123740769512286519e-01 1.601409995619822169e-01 2.637413701931749204e-21
2.663713966175178575e+04 2.295340447734839472e+03 -2.434179921401694446e+04 7.606518060577958096e-01 8.375387567377790346e-03 2.619202661745688148e-21
2.643795550051088867e+04 2.485035987521493098e+03 -2.395291951298939603e+04 2.209699539285104652e+00 2.232342077941326663e-02 2.680873352085037114e-21
2.644307300301123541e+04 2.556800209535188060e+03 -2.388627279347604781e+04 1.731832222186576731e+00 -3.519597134173839403e-02 2.738503544283779624e-21
2.628958483769399027e+04 2.737646417727465177e+03 -2.355193841996652554e+04 1.675329279347219646e+00 -2.456792108785056383e-01 2.715748101404086218e-21
2.631507188127904010e+04 2.672450663924050332e+03 -2.364262121735499022e+04 1.300803728915845392e+00 -4.627280723470608703e-02 2.574291009829922838e-21
2.612984505840454949e+04 2.878517645792670464e+03 -2.325132741261187766e+04 2.407820479732205587e+00 -2.167372964065035837e-02 2.757241857651271557e-21
2.607045847393005533e+04 3.032035402505572165e+03 -2.303842307142448408e+04 2.214415992395756039e+00 -1.257013597035974983e-01 2.599135931133309415e-21
2.599754331778940832e+04 3.086757564996142719e+03 -2.291078575279326469e+04 3.113748542530030416e+00 -3.416872828303846570e-03 2.577816872554463555e-21
2.582224987099886130e+04 3.227661729771058162e+03 -2.259458814122780313e+04 2.497273936171069852e+00 -9.572487329128995942e-03 2.469882051327256972e-21
2.553204972233590888e+04 3.542169440411249525e+03 -2.198988028192465936e+04 2.016020734505906464e+00 -1.017889980579434611e-01 2.498681699805341199e-21
2.530729096823176587e+04 3.838439409107111260e+03 -2.146885155912465416e+04 6.654454555279248673e+00 4.011596790709079027e-03 2.493024049025803397e-21
2.479836337394646398e+04 4.371171640023254440e+03 -2.042719173392320954e+04 2.521393948486827075e+00 -7.410820727047108536e-03 2.380925112549056783e-21
2.407613083971303422e+04 5.201337405504294111e+03 -1.887479343420873920e+04 2.702658642235089115e+00 1.180046617554763033e-01 2.334926624062756465e-21
2.359911994345492712e+04 5.798091023316866085e+03 -1.780102892013806195e+04 3.431464572878984765e+00 1.066687516254309805e-02 2.302050137024923860e-21
2.217412804780733131e+04 7.406828806567562424e+03 -1.476729924123976889e+04 2.857194922138498683e+00 -6.382710625444024122e-02 2.124112488343695238e-21
