0.000000000000000000e+00 3.141180865675878522e+04 3.141180865675878522e+04 nan 3.777183247519990772e+01 3.205785479731209561e-25
1.974277093371913752e-94 3.142075018471304793e+04 3.142075018471304793e+04 4.908844483146603466e+01 8.396332337550589386e+00 3.211596578162506244e-25
1.291435365488321863e-43 3.141804034123232123e+04 3.141804034123232123e+04 2.326552672578148417e+01 3.300526193790668028e+00 3.224118722193854336e-25
1.186006092209057437e-25 3.142009577217263723e+04 3.142009577217263723e+04 1.380613598036835299e+01 1.757708157887891254e+00 3.229842215406224974e-25
2.218113143375094870e-17 3.142240089378371704e+04 3.142240089378371704e+04 8.549957452002914238e+00 4.057911356411831316e-01 3.231355641820870503e-25
6.249261659800178730e-12 3.140810358712580273e+04 3.140810358712579546e+04 5.988308634888340976e+00 6.213223145482258403e-01 3.192121298141234981e-25
2.219061869590611423e+03 2.906514716508978745e+04 2.684608529549917512e+04 4.307057037571678570e+00 -1.242492972142286572e-01 1.254289675641934597e-22
1.649485707886232194e+04 1.359518624136431390e+04 -2.899670837498008041e+03 1.321420622889522001e+01 -1.933631735748344085e-02 9.266751149515583993e-22
2.435847876379428635e+04 4.855118222320093082e+03 -1.950336054147419418e+04 7.647680543852239055e+00 -5.643594667121470086e-03 1.396082457598478032e-21
2.605342613198226536e+04 2.985012302842515510e+03 -2.306841382913975031e+04 7.326770099392838631e+00 5.219242007140817430e-02 1.495540073222083777e-21
2.647435260085179834e+04 2.487365485922151038e+03 -2.398698711492964867e+04 1.410020420929278373e+00 7.976578313633841955e-02 1.504921877358485578e-21
2.662851149060445459e+04 2.342831399613232406e+03 -2.428568009099122355e+04 6.838436920249693074e-01 -1.281202011936806440e-01 1.527720895610800102e-21
2.675941182948171263e+04 2.258160505370799001e+03 -2.450125132411091181e+04 9.096988355367008339e-01 5.933991479878884118e-02 1.528822497633974339e-21
2.666554878045723308e+04 2.255146312438244877e+03 -2.441040246801898684e+04 8.195256150505237924e-01 6.026521552489499250e-02 1.537213237477981292e-21
2.669454109887516097e+04 2.261478753202551161e+03 -2.443306234567260981e+04 6.015666099451393301e-01 -3.210785983393322357e-02 1.536090906825943066e-21
2.665922333675043046e+04 2.291451797062914011e+03 -2.436777153968751736e+04 9.388478616350334205e-01 3.860322908020660804e-02 1.498599832885832881e-21
2.664002967732647448e+04 2.322616457981324402e+03 -2.431741321934515145e+04 1.066284362248449691e+00 -6.484380445023422979e-02 1.536380163763917395e-21
2.667115883072146244e+04 2.346597486701651633e+03 -2.432456134401981035e+04 9.051805973814602835e-01 1.153350763434435149e-02 1.508940218725198171e-21
2.655269736087181082e+04 2.474159233488421251e+03 -2.407853812738338820e+04 2.208325297181814140e+00 9.072001137647472957e-02 1.555815838555248344e-21
2.645546434658556609e+04 2.517170968301434641e+03 -2.393829337828413190e+04 2.007994957788744816e+00 -5.921456479913122552e-03 1.507468733405957842e-21
2.627474095238092559e+04 2.726866138360927835e+03 -2.354787481401999685e+04 2.188892642441409020e+00 -2.857604989938634585e-02 1.565666130041165024e-21
2.619132035191199975e+04 2.841461010521582011e+03 -2.334985934139041638e+04 2.839385629558305535e+00 -5.035829112589850637e-02 1.569405340537471028e-21
2.615030931603111458e+04 2.874222140873825992e+03 -2.327608717515728858e+04 2.938720736888078999e+00 -3.585538954343353568e-03 1.515200417893648028e-21
2.618217365718877409e+04 2.853877494998288967e+03 -2.332829616219048330e+04 4.238594358855962696e+00 -1.437090029678186609e-01 1.521573024887117226e-21
2.592859048426833397e+04 3.133205708801397577e+03 -2.279538477546693684e+04 2.422602290770030642e+00 9.338004871703275978e-03 1.548320411422870109e-21
2.564287811448433786e+04 3.440156119614624004e+03 -2.220272199486971294e+04 1.689889506945406517e+00 -6.735030566011741826e-02 1.452156143715632353e-21
2.570944613387770369e+04 3.370439256871744874e+03 -2.233900687700595881e+04 3.070371665139413064e+00 5.684408719277820460e-02 1.529026908376326937e-21
2.489123253859132456e+04 4.313040906412677032e+03 -2.057819163217864843e+04 3.691845516383915449e+00 -6.097684180298787449e-02 1.428378381232801703e-21
2.405612794851908984e+04 5.262250804693525424e+03 -1.879387714382556442e+04 4.596473906450181168e+00 -6.354817384307975825e-02 1.412314370462262784e-21
2.336316518560401892e+04 6.051747197716720621e+03 -1.731141798788729648e+04 4.298437262936956493e+00 -8.319950924223958044e-02 1.343722175657885452e-21
2.262685314949629901e+04 6.834772267816288149e+03 -1.579208088168001086e+04 4.269457480420882689e+00 7.658193078342560725e-04 1.271220748723156712e-21
