0.000000000000000000e+00 3.141845771110108399e+04 3.141845771110108399e+04 nan 3.054883979280231188e+01 3.217453676926364730e-25
2.016188915326180745e-94 3.141803458155416229e+04 3.141803458155416229e+04 5.103990045745980098e+01 8.375027240174722110e+00 3.216691213692844371e-25
1.350233614980961534e-43 3.141959573451208416e+04 3.141959573451208416e+04 2.265519594504266365e+01 3.378808552900588236e+00 3.225645755453656569e-25
1.269541443176384270e-25 3.141240136512621757e+04 3.141240136512621757e+04 1.202260464360626457e+01 1.795559967003547586e+00 3.208049012327250296e-25
2.324300460620028882e-17 3.141557603158187339e+04 3.141557603158187339e+04 9.778800305889989275e+00 1.225358214780115640e-01 3.217548083035399709e-25
6.830065941727215517e-12 3.141984352219215361e+04 3.141984352219214634e+04 6.282122625699920526e+00 6.133876678652329106e-01 3.224466065227198021e-25
2.320831464229917401e+03 2.894537667125045482e+04 2.662454520702053560e+04 3.980027245388498613e+00 -9.465258659759168136e-02 2.161547205561816382e-22
1.685406358212351188e+04 1.326022185563089624e+04 -3.593841726492615635e+03 1.252866416410354589e+01 3.242109918744876668e-02 1.701092483390954694e-21
2.429572750437843206e+04 5.000786839168586084e+03 -1.929494066520984779e+04 1.305271877667930447e+01 1.593474664880687938e-02 2.348309936850573747e-21
2.598762306673737112e+04 3.085910495588942467e+03 -2.290171257114842956e+04 1.759526520992001464e+00 1.148335961282825474e-01 2.519144264609392823e-21
2.653486720072450771e+04 2.472483089398729589e+03 -2.406238411132577676e+04 7.661848657062274803e+00 1.994335186768922061e-02 2.680275544956466013e-21
2.674047802634509571e+04 2.268946033084378541e+03 -2.447153199326071626e+04 5.911094697352484717e-01 7.998853228967971185e-02 2.612652948209555826e-21
2.664186295350768705e+04 2.297371071967353146e+03 -2.434449188154033254e+04 7.799458560694354503e-01 -8.667857122757560706e-02 2.577079941922019215e-21
2.666841329497212428e+04 2.283549398639015635e+03 -2.438486389633311046e+04 9.744452048558933654e-01 1.051327671657499851e-01 2.575834579966195756e-21
2.667898158094421160e+04 2.291296144024423484e+03 -2.438768543691978994e+04 8.685956290213061592e-01 4.847761764668987589e-02 2.603911568238267866e-21
2.663917531938967295e+04 2.279733557278154422e+03 -2.435944176211151716e+04 1.072055522722834553e+00 1.737718351162450270e-01 2.630788456909540851e-21
2.657997298824959580e+04 2.380618168654111287e+03 -2.419935481959548633e+04 9.699346390649533634e-01 1.372227908188267120e-01 2.660638201790996994e-21
2.659486742596357362e+04 2.372316571473499607e+03 -2.422255085449007311e+04 2.550580510500207954e+00 6.797288097049357380e-02 2.695395210137256036e-21
2.641934730715722617e+04 2.574789853890745235e+03 -2.384455745326647957e+04 2.728013577579908144e+00 -2.759575184632599362e-02 2.526628206925347984e-21
2.635826319832295121e+04 2.682383913757310438e+03 -2.367587928456564259e+04 2.352610003309866915e+00 1.436067678673310678e-02 2.527576495317684826e-21
2.640167863062518882e+04 2.666819101319740639e+03 -2.373485952930544954e+04 1.265483499278357904e+00 -3.463956615468290895e-02 2.652232454961493380e-21
2.579280945396076640e+04 3.269425002376679004e+03 -2.252338445158408649e+04 2.985947177491235394e+00 -6.334417999968743052e-02 2.404493342587954604e-21
2.606871375731557782e+04 3.019699524641665448e+03 -2.304901423267391147e+04 3.303199602604615759e+00 1.026368246648835109e-01 2.610262158511794885e-21
2.597450337081647376e+04 3.096551071534445782e+03 -2.287795229928202752e+04 2.401426631055447292e+00 -1.201103504852883697e-02 2.517100232747586371e-21
2.611760425016848603e+04 2.980319331509059339e+03 -2.313728491865942487e+04 2.265690600098950735e+00 -2.833075526389397872e-02 2.677420250840532325e-21
2.596954222657818536e+04 3.148187375774685279e+03 -2.282135485080350190e+04 2.053112657143182584e+00 -8.568142120965736852e-02 2.542348707306524676e-21
2.552634677559570628e+04 3.647495880676903653e+03 -2.187885089491880353e+04 3.462063738005870306e+00 1.624680203434392470e-02 2.633610097081190448e-21
2.426298699329593364e+04 4.991363968162952915e+03 -1.927162302513297982e+04 2.847199923987497439e+00 -1.760333315594529713e-01 2.286613950487720066e-21
2.404832360015860104e+04 5.246538487922137392e+03 -1.880178511223646274e+04 3.109281835229772639e+00 -8.531341136889110388e-02 2.196925445380160193e-21
2.343903884718941117e+04 5.978466622277745955e+03 -1.746057222491166613e+04 3.852792223821930762e+00 -7.934831114641911765e-02 2.295360198429416051e-21
2.231215859130287208e+04 7.207387515200603957e+03 -1.510477107610226813e+04 3.649791815554757957e+00 -9.440971477892167937e-03 2.175950662444685260e-21
