0.000000000000000000e+00 3.141828254869735247e+04 3.141828254869735247e+04 nan 3.445667763566508057e+01 3.221780743017828315e-25
2.164077747207166290e-94 3.141598273326202616e+04 3.141598273326202616e+04 5.215860985296733787e+01 8.396332337550591163e+00 3.213047723172260961e-25
1.514518234987273140e-43 3.142066992296452736e+04 3.142066992296452736e+04 2.529273970299285779e+01 3.302675415476477028e+00 3.220729190510324176e-25
1.034992526247512030e-25 3.141246625416967436e+04 3.141246625416967436e+04 1.262245886368903314e+01 1.769080465273715319e+00 3.204167133738664772e-25
2.322713860908297022e-17 3.142347593923551904e+04 3.142347593923551904e+04 8.147292934934521114e+00 3.303707780597924804e-01 3.238864336471508318e-25
4.851944094875220253e-12 3.141267352008620583e+04 3.141267352008620219e+04 6.121657619891156976e+00 5.981322715234275167e-01 3.198765601305690172e-25
2.545598082380770848e+03 2.871203112406516448e+04 2.616643304168439499e+04 4.108339540110846677e+00 -1.368797390820721549e-01 1.498186078367262131e-22
1.652311514688649549e+04 1.361918771070592811e+04 -2.903927436180567383e+03 1.329269401487904645e+01 -1.583040649541796463e-01 9.202062779374227941e-22
2.410029042346053757e+04 5.180469274131253769e+03 -1.891982114932928380e+04 1.026453132047095096e+01 1.125852087069485336e-01 1.411328679672013842e-21
2.628132075195967991e+04 2.678864016045840344e+03 -2.360245673591383820e+04 1.215395899908663857e+01 4.210036471717246848e-02 1.513044167366939271e-21
2.657586919683187079e+04 2.373079734965155694e+03 -2.420278946186671601e+04 6.167136656022822017e+00 -3.402989724958315615e-02 1.552690529867943804e-21
2.668457684393490490e+04 2.266253457055369381e+03 -2.441832338687953597e+04 6.574131330538232065e-01 1.681159400235845425e-01 1.540451536643340774e-21
2.665700944431879907e+04 2.288228518515688847e+03 -2.436878092580311204e+04 7.789457457997596146e-01 4.265923668839000094e-02 1.512346037666983413e-21
2.669906183038442032e+04 2.286283705499536154e+03 -2.441277812488488416e+04 8.986775635862849221e-01 6.595105513706110700e-02 1.537007639602826231e-21
2.664763220981927952e+04 2.287114073322859440e+03 -2.436051813649641917e+04 9.799997654226165755e-01 1.782596409935049975e-01 1.518613006374392752e-21
2.663935056154105041e+04 2.286235157806212101e+03 -2.435311540373483876e+04 1.060824973013676509e+00 2.378890187678454060e-01 1.524391150676862767e-21
2.670588433298799646e+04 2.251632169301356043e+03 -2.445425216368664042e+04 9.631385062175653600e-01 1.216704508120646649e-01 1.560313705118680942e-21
2.658160784768595477e+04 2.435660314890261361e+03 -2.414594753279569341e+04 1.878237082150836512e+00 8.736956066184559111e-02 1.581949420662425214e-21
2.647026474115224119e+04 2.541512579521160660e+03 -2.392875216163108053e+04 2.540977355142449046e+00 1.787664175531382404e-01 1.587882684575561040e-21
2.651578197102839113e+04 2.489338241899676177e+03 -2.402644372912871404e+04 1.303298944255382175e+00 1.304647342607868910e-02 1.547322783886431226e-21
2.612806771935869983e+04 2.944316595403926385e+03 -2.318375112395477481e+04 4.213458279852683397e+00 -1.880132157690552266e-02 1.533488851194217633e-21
2.625852794554195134e+04 2.785135525989637699e+03 -2.347339241955231410e+04 2.673327338838824119e+00 1.619948452516272938e-02 1.493233739209370463e-21
2.633357872521064201e+04 2.701638942468729056e+03 -2.363193978274191250e+04 1.761819292715235408e+00 -3.631899170355046974e-02 1.540006279088529035e-21
2.597143783378619992e+04 3.110141610732928712e+03 -2.286129622305327212e+04 3.030986713962750656e+00 7.530906698391631737e-02 1.583316981876144483e-21
2.590381329341854143e+04 3.163515789656757079e+03 -2.274029750376178345e+04 2.702969069686139481e+00 -3.612681143303336784e-02 1.479835966082872420e-21
2.571344602790686986e+04 3.372696584141343010e+03 -2.234074944376552594e+04 2.401029372545998353e+00 8.003732301354883616e-02 1.510080849503689036e-21
2.531408918298201024e+04 3.903768318584153349e+03 -2.141032086439785780e+04 2.767644765294274833e+00 1.528279407685759943e-03 1.488850262074263864e-21
2.469956247879562579e+04 4.596140990960688214e+03 -2.010342148783493758e+04 3.706925128527970514e+00 3.594694275920569328e-04 1.433244855886108247e-21
2.419662870404400746e+04 5.154327991915713937e+03 -1.904230071212829353e+04 4.271385339426778671e+00 9.441939083094795515e-02 1.420644255803448545e-21
2.364004597397566977e+04 5.725460994045429288e+03 -1.791458497993024139e+04 3.837331198988331860e+00 -6.935480222719879462e-02 1.347599952904346862e-21
2.268987761356409828e+04 6.807244330651981727e+03 -1.588263328291211656e+04 4.629444594749256403e+00 -4.207143528078581616e-04 1.290579301400206231e-21
