0.000000000000000000e+00 3.141595741461366561e+04 3.141595741461366561e+04 nan 3.629840449721503859e+01 3.212360811560052843e-25
1.951729827466095251e-94 3.141751103499231976e+04 3.141751103499231976e+04 5.084767237674206086e+01 8.712402732439286979e+00 3.210720843209608785e-25
1.621415626645237855e-43 3.141561098738849250e+04 3.141561098738849250e+04 2.257062339265475615e+01 3.339798507537600880e+00 3.204519813214230214e-25
1.067960951526812555e-25 3.141292040928602364e+04 3.141292040928602364e+04 1.219537839364227949e+01 1.695193675540895173e+00 3.211475505815056402e-25
2.054181590493109770e-17 3.141525583967064813e+04 3.141525583967064813e+04 8.840712926629125334e+00 1.613286488038824518e-01 3.211476207683187930e-25
4.072000102764182823e-12 3.141243006922311542e+04 3.141243006922311179e+04 6.585191622023878644e+00 6.697524902222268262e-01 3.208270374285893255e-25
2.087893256399816437e+03 2.917180917772392786e+04 2.708391592132411097e+04 4.013325285635480633e+00 -2.077977197452769431e-01 1.835859193605037104e-22
1.594185250361185535e+04 1.420530670248306888e+04 -1.736545801128786479e+03 1.207009375405198170e+01 -5.822336373704085043e-03 1.454565744618453329e-21
2.422096558231409290e+04 5.060184332490615816e+03 -1.916078124982347799e+04 5.167731970599265701e+00 1.018135718285792385e-01 2.430140898211740444e-21
2.601526432983953782e+04 3.061028298445636210e+03 -2.295423603139390252e+04 5.689501685900926198e+00 -1.855385268362704787e-01 2.650607027125993514e-21
2.661126012062591326e+04 2.324742070802930812e+03 -2.428651804982298199e+04 1.160743763748549151e+00 6.977651104871156196e-02 2.465311040948650222e-21
2.662826628070385777e+04 2.313986188863222651e+03 -2.431428009184063558e+04 9.066142500644641666e-01 1.171568583760573823e-01 2.647320709299479849e-21
2.667253801958502299e+04 2.280309159726334201e+03 -2.439222885985868925e+04 7.740821899424363828e-01 9.443482707047612390e-02 2.532278785254342831e-21
2.665627469640809431e+04 2.280165460167643687e+03 -2.437610923624045245e+04 7.759133754278387807e-01 6.550439674747236818e-02 2.650011870786511022e-21
2.664787050023081611e+04 2.284229765568405128e+03 -2.436364073466241098e+04 1.145545292714866603e+00 9.221837148925447758e-02 2.623076655940564205e-21
2.660330528409299222e+04 2.333152213370703976e+03 -2.427015307072228825e+04 7.220081493465274614e-01 -2.583723233445426801e-02 2.565274389023100144e-21
2.657446170495829938e+04 2.335160500161324762e+03 -2.423930120479697507e+04 1.327294897226817483e+00 -3.515406340957389492e-02 2.645042299067995717e-21
2.662517887990169038e+04 2.320821547047696640e+03 -2.430435733285399328e+04 9.174415694436732771e-01 1.159005627154354734e-01 2.530103828323427574e-21
2.649437030559381674e+04 2.514123548079522607e+03 -2.398024675751429459e+04 1.661237577908457830e+00 1.074905323985797939e-01 2.500079770393029681e-21
2.652620159119664822e+04 2.558144645638205475e+03 -2.396805694555844093e+04 1.074087095206357478e+00 1.161733168228642477e-01 2.663388008979918435e-21
2.624194486148178839e+04 2.826631820120788234e+03 -2.341531304136100152e+04 2.502973248648750815e+00 -8.890514951159990409e-02 2.645970827143333299e-21
2.619073750562469286e+04 2.863586616891873291e+03 -2.332715088873282002e+04 3.558286403395376052e+00 1.537814407017839002e-01 2.576335967099483942e-21
2.614481406813219655e+04 2.865984031894846339e+03 -2.327883003623734839e+04 3.967746714345569803e+00 -1.240736084591843695e-02 2.517073585237145483e-21
2.600135435886749838e+04 3.064186598230915024e+03 -2.293716776063658472e+04 4.436514266452031841e+00 -9.960619813880898510e-02 2.593270376984996030e-21
2.600106985036685728e+04 3.107404876522617997e+03 -2.289366497384423928e+04 2.132677929706019881e+00 5.408699639079510985e-02 2.584885283279535135e-21
2.556354273153299073e+04 3.541886100843404165e+03 -2.202165663068958747e+04 3.850930689428676335e+00 -9.916434897071485510e-02 2.658279176966263774e-21
2.549877501689842757e+04 3.608448356453402084e+03 -2.189032666044502548e+04 3.593481208682197892e+00 1.049001442677296864e-01 2.404399619175151795e-21
2.503683844610226151e+04 4.129233122983199792e+03 -2.090760532311905990e+04 1.930477050106282677e+00 -8.186556512120258741e-03 2.449732718200733430e-21
2.445301442470564507e+04 4.848168210864910179e+03 -1.960484621384073398e+04 5.103620701915750679e+00 -4.098399923716120052e-02 2.446998923646574043e-21
2.383065267754361412e+04 5.514331675338664354e+03 -1.831632100220494976e+04 6.622026092362126803e+00 1.317142107726437528e-01 2.315622339550273142e-21
2.217535479820978799e+04 7.358387093664596250e+03 -1.481696770454519174e+04 3.840766169094388172e+00 2.763750424608658537e-02 2.225505577305735911e-21
