0.000000000000000000e+00 3.141280378558824304e+04 3.141280378558824304e+04 nan 3.592598972377629707e+01 3.194382020362370483e-25
2.630874367353612452e-94 3.142377212102089834e+04 3.142377212102089834e+04 5.241309796188080128e+01 8.404610957497789414e+00 3.225914146196100808e-25
1.593092239864025300e-43 3.142077379813869993e+04 3.142077379813869993e+04 2.205797861928606096e+01 3.359816014424939823e+00 3.216073532028283870e-25
1.131667780953651363e-25 3.141830764221375284e+04 3.141830764221375284e+04 1.326515894125081019e+01 1.799992247849018234e+00 3.213302883579328365e-25
2.237515583260705093e-17 3.141809139922798204e+04 3.141809139922798204e+04 8.318122083267960321e+00 2.084449834122969747e-01 3.221493327403613195e-25
4.987584336714338885e-12 3.141617295585184547e+04 3.141617295585184183e+04 6.084924575793955626e+00 8.158090271133128235e-01 3.215507790811075014e-25
2.797889797355873725e+03 2.842367167243812219e+04 2.562578187508224801e+04 4.070424141175224442e+00 -1.592052323784767520e-01 1.669363089202343802e-22
1.654092123591225754e+04 1.354096931428695098e+04 -2.999951921625306568e+03 9.818348161516167849e+00 -1.308351352236421239e-01 9.141950391220383173e-22
2.468135273723987848e+04 4.503700466405060070e+03 -2.017765227083482023e+04 1.277285140718880996e+01 -7.973125480503980012e-02 1.356570051592267385e-21
2.614364953478598909e+04 2.872892715252837661e+03 -2.327075681953315143e+04 1.515714038200684399e+00 4.302491920217976773e-02 1.505986667223555889e-21
2.646598905956699309e+04 2.539117701614733051e+03 -2.392687135795225913e+04 4.180116074144561544e+00 -4.700808830481675166e-02 1.559293532718630039e-21
2.660900243143401531e+04 2.294127903643124682e+03 -2.431487452779088926e+04 1.031089972800990573e+00 -1.383973564676967138e-02 1.562768306991342821e-21
2.670087927325179407e+04 2.264847572968270470e+03 -2.443603170028352179e+04 7.186686879267564221e-01 -4.343235828925221670e-02 1.500143803734962764e-21
2.661547236482000517e+04 2.295786938669120445e+03 -2.431968542615088518e+04 7.451066062957103497e-01 1.006452202435418469e-01 1.518141948932274810e-21
2.666537315045589276e+04 2.279010696465520141e+03 -2.438636245399037216e+04 1.035969599724303025e+00 2.382219467429501011e-02 1.511238371435972325e-21
2.663387783012927684e+04 2.282819258322259429e+03 -2.435105857180701787e+04 1.030233020338991556e+00 2.133742943469021935e-02 1.513074249888615237e-21
2.662783801986435356e+04 2.316907381220431944e+03 -2.431093063864392025e+04 1.236615237727823668e+00 7.754051640099991760e-02 1.515583688890912056e-21
2.659193726257315575e+04 2.370281717049352665e+03 -2.422165554552380490e+04 1.569393016716577494e+00 -2.664371674846949169e-03 1.527007366321430004e-21
2.654164668858655205e+04 2.510291847307784792e+03 -2.403135484127876771e+04 3.872626986955857831e+00 1.298483169632473899e-01 1.534847563760572380e-21
2.640056762799145145e+04 2.636001550225661958e+03 -2.376456607776579040e+04 2.228630808547866327e+00 1.835641725220625853e-01 1.519879832334348100e-21
2.630387836812447858e+04 2.707799759401492793e+03 -2.359607860872298625e+04 2.434071114703502570e+00 4.089797430046727272e-02 1.515993649780776902e-21
2.634288982728301198e+04 2.731272236559317662e+03 -2.361161759072369387e+04 2.336823715072409602e+00 8.657282553124007185e-03 1.536796319860397181e-21
2.574911380667563208e+04 3.369728262221186469e+03 -2.237938554445444606e+04 3.226842172307026413e+00 -4.753811727240240398e-02 1.596021245010227979e-21
2.606037008893160237e+04 2.984631478673006313e+03 -2.307573861025859514e+04 1.972463483168689580e+00 -7.590189419898131680e-03 1.499571766192858674e-21
2.614634922366621322e+04 2.892355032090495115e+03 -2.325399419157571901e+04 1.867467218773275262e+00 1.279256517276811805e-02 1.544174043629299865e-21
2.569600000692042158e+04 3.437382641566592611e+03 -2.225861736535382806e+04 2.352420849889192755e+00 5.500112616263256454e-02 1.515651143391234481e-21
2.536187186746578300e+04 3.800290299136940121e+03 -2.156158156832884197e+04 2.194615362966025440e+00 -8.629473377670142387e-02 1.489841532079297828e-21
2.522829147259011006e+04 3.934785955076198206e+03 -2.129350551751391322e+04 2.868875810936815984e+00 -3.376026492867533618e-02 1.471481089787007823e-21
2.451738104909005779e+04 4.788483408407608295e+03 -1.972889764068245131e+04 2.660152516620052143e+00 -6.609223098503544391e-02 1.432998378958196390e-21
2.335243153598870776e+04 5.983272834784291263e+03 -1.736915870120441832e+04 4.670276245203975662e+00 -3.047559483062566976e-03 1.350928819982523409e-21
2.207388764974504738e+04 7.467571610559123656e+03 -1.460631603918592373e+04 5.923814453317537421e+00 -4.021111087505029741e-02 1.249472303066768171e-21
