0.000000000000000000e+00 3.141944220420632337e+04 3.141944220420632337e+04 nan 3.176938705938077945e+01 3.217578198247068188e-25
2.305416304367466866e-94 3.141224080528462946e+04 3.141224080528462946e+04 5.498330467414021427e+01 8.695596084680760285e+00 3.195724879070294144e-25
1.312459633676639121e-43 3.141879811910622448e+04 3.141879811910622448e+04 2.227794050517925939e+01 3.397984182466718295e+00 3.229719049900571216e-25
1.204702167947475730e-25 3.141693738077106173e+04 3.141693738077106173e+04 1.270555008403236030e+01 1.818910486531736703e+00 3.206726316418087948e-25
2.079492526024707261e-17 3.140713533390994053e+04 3.140713533390994053e+04 8.562433078627014638e+00 -1.686600374518215373e-01 3.201540877365535785e-25
8.283159163875108947e-12 3.142517204579048848e+04 3.142517204579048121e+04 5.545705707630975922e+00 4.584585011004427280e-01 3.229978536937511417e-25
1.946416098627315932e+03 2.935409269385323205e+04 2.740767659522591566e+04 4.494085214508829473e+00 -1.955136426490327040e-01 9.996330507022997315e-23
1.621036457374559359e+04 1.390918845929353665e+04 -2.301176114452056936e+03 8.553274670868098895e+00 -2.538910901964113731e-01 8.954775138376859010e-22
2.426874208499601446e+04 5.003345391278487114e+03 -1.926539669371752825e+04 9.538128408653047785e+00 5.593921673759329888e-02 1.416862033058682871e-21
2.608689017244180286e+04 2.944031720525388209e+03 -2.314285845191641420e+04 2.004150926229166174e+01 -1.411608899437174491e-01 1.526833648903718006e-21
2.651850674891095332e+04 2.473014669834675260e+03 -2.404549207907627715e+04 1.711830788664048697e+00 5.666312163733133733e-02 1.504380746561795761e-21
2.665719892620912287e+04 2.331677067872233692e+03 -2.432552185833688782e+04 4.959112790742936205e+00 1.894987881532729235e-01 1.521424239366557251e-21
2.670622671031445861e+04 2.262643689034015097e+03 -2.444358302128044306e+04 1.033587861914856632e+00 1.223820336914578123e-02 1.559359471034806749e-21
2.665422059921323307e+04 2.282292320875936184e+03 -2.437192827833729825e+04 1.065143607011303395e+00 1.381312192068417238e-02 1.500762361120433332e-21
2.667135946359728769e+04 2.270101211888456874e+03 -2.440125825170883036e+04 1.261750720273514537e+00 1.475331000348426569e-01 1.495700724565683151e-21
2.665132130908476029e+04 2.293917318130643707e+03 -2.435740399095411703e+04 8.645943365640283984e-01 3.770123977034495200e-02 1.562093317217153112e-21
2.670812677955517211e+04 2.269693435480187873e+03 -2.443843334407498332e+04 6.828518988563856418e-01 -3.163400496435569281e-02 1.547402635468733195e-21
2.659068572338467493e+04 2.377077938318266661e+03 -2.421360778506640781e+04 1.513269148502793371e+00 3.921666690283378415e-02 1.550693854143598427e-21
2.658737303355024778e+04 2.405042220749830904e+03 -2.418233081280041733e+04 1.074087148434304861e+00 -6.579791984542972261e-02 1.496318898133498758e-21
2.623777839581172157e+04 2.775138865343317320e+03 -2.346263953046840470e+04 5.984428490602641482e+00 -5.344638276607275446e-02 1.453182747651296116e-21
2.638071777415029283e+04 2.660315106626507259e+03 -2.372040266752378375e+04 2.466381769157873105e+00 3.421155401740460372e-02 1.525510032806551716e-21
2.610936603936786923e+04 2.912794285745142133e+03 -2.319657175362272756e+04 3.039455309300501451e+00 -4.354574813091045132e-02 1.492908046070744453e-21
2.634880076462231955e+04 2.708966432911329321e+03 -2.363983433171099023e+04 2.193200248000661823e+00 -4.773832458846650334e-02 1.507169159613721123e-21
2.597021997818494128e+04 3.080684896839254634e+03 -2.288953508134568619e+04 3.304205671530583199e+00 -8.828013173394839985e-02 1.475067804385469527e-21
2.570445534301265070e+04 3.411326794959923973e+03 -2.229312854805272582e+04 2.459933405890480262e+00 -5.033820884740101281e-02 1.492887094149550110e-21
2.593648508596943429e+04 3.151135518275452796e+03 -2.278534956769398195e+04 1.648440162656922281e+00 1.048361900400381908e-01 1.507507690937164835e-21
2.557525874509461937e+04 3.510133600107259554e+03 -2.206512514498735982e+04 1.914327041375895933e+00 2.336958288429052955e-02 1.497048882788774750e-21
2.518215490186623356e+04 4.029905515490472681e+03 -2.115224938637576270e+04 2.586593926274554534e+00 -7.774129979219675246e-02 1.494211825412624695e-21
2.434527148020928871e+04 4.951768182338181759e+03 -1.939350329787110604e+04 5.856709078524314549e+00 -8.345000057102386348e-02 1.414570559990866814e-21
2.367436640275660102e+04 5.703256424633270399e+03 -1.797110997812333153e+04 3.794974114792946995e+00 -7.981888346103443999e-02 1.368480651398264310e-21
2.230501132107412559e+04 7.236692820119445969e+03 -1.506831850095467962e+04 6.153522858468203793e+00 4.622053395138259191e-02 1.277339022076490780e-21
