0.000000000000000000e+00 3.141193054465904061e+04 3.141193054465904061e+04 nan 3.039835953555039438e+01 3.208245309935847036e-25
2.023399439280511374e-94 3.142367043479566200e+04 3.142367043479566200e+04 5.275623872681010340e+01 7.519029795754661905e+00 3.232883129341119889e-25
1.366822693841849085e-43 3.141285604947939282e+04 3.141285604947939282e+04 2.300905115195626038e+01 3.268524628889387440e+00 3.199179201043024397e-25
1.248140226861729484e-25 3.141598749987690098e+04 3.141598749987690098e+04 1.240484739834858807e+01 1.551751789058604558e+00 3.218746871790686938e-25
2.331424563015789905e-17 3.142756615438857261e+04 3.142756615438857261e+04 7.987242541544278929e+00 3.026601915332808868e-01 3.244923167560163863e-25
1.201045195627210497e-11 3.140813582344835959e+04 3.140813582344834867e+04 6.604450182906816735e+00 8.617738110876588253e-01 3.199699171282864994e-25
2.806699536082902796e+03 2.844258592211622818e+04 2.563588638603332583e+04 3.837872312277708975e+00 -1.477664097070632288e-01 1.534359437646007954e-22
1.666795205255694964e+04 1.341614440989327886e+04 -3.251807642663670777e+03 1.401716570522409633e+01 3.311471326518170694e-02 9.182545615439217177e-22
2.379515882410808990e+04 5.539765604322975378e+03 -1.825539321978511362e+04 1.263866657592070197e+01 -4.445829645444813322e-02 1.357239853820926067e-21
2.593853735121837599e+04 3.089168689698024991e+03 -2.284936866152035145e+04 1.123799960908382189e+01 2.073417514443512133e-01 1.498111967644239156e-21
2.660555090149106763e+04 2.381980757363750399e+03 -2.422357014412731587e+04 6.551551389540832826e-01 1.034199847086220286e-01 1.491044175300147444e-21
2.672766978721209671e+04 2.255538690561510975e+03 -2.447213109665058437e+04 8.385047976846693452e-01 1.537090124548091095e-02 1.529285652287716952e-21
2.663033750526579024e+04 2.320951374983013466e+03 -2.430938613028277541e+04 1.911670443733918923e+00 9.965457578089758836e-03 1.500433271999950888e-21
2.658483408902781957e+04 2.295583527754460647e+03 -2.428925056127335847e+04 1.504165829650025543e+00 1.192732338409508291e-01 1.496714923315170021e-21
2.666200187060856479e+04 2.295072634024625586e+03 -2.436692923658393920e+04 8.243209673555815797e-01 -2.249874713485854397e-02 1.531446754708489369e-21
2.668360865792784534e+04 2.278412018516160515e+03 -2.440519663941168619e+04 7.143922740675655580e-01 4.244413384206837531e-02 1.544208841870052902e-21
2.664439145194443699e+04 2.325156221707512032e+03 -2.431923523023692542e+04 1.128166006901842211e+00 6.124939540027731638e-02 1.510518235720544887e-21
2.660547937803749664e+04 2.403490118320731654e+03 -2.420198925971676363e+04 2.934054703993897117e+00 2.042786319514221516e-01 1.495348419550492570e-21
2.649431405077923773e+04 2.474898262360499302e+03 -2.401941578841873707e+04 1.654546836885743000e+00 -2.707213386783067707e-02 1.526943544225160015e-21
2.657596855314272034e+04 2.396719289915532045e+03 -2.417924926322718966e+04 1.301998311971506395e+00 3.348568715937796925e-02 1.467776650255295036e-21
2.634569908474830663e+04 2.670645202146147312e+03 -2.367505388260215841e+04 2.044236964919506683e+00 1.064246191223326699e-02 1.533823039817994090e-21
2.607481961439957377e+04 2.989712442604810349e+03 -2.308510717179476342e+04 2.007112483756722021e+00 5.007760160211634920e-02 1.498223150968082505e-21
2.606769744627307591e+04 2.950647352587949626e+03 -2.311705009368512765e+04 1.877261442983451545e+00 3.159451780446249081e-01 1.491038741309214808e-21
2.588675341933095115e+04 3.168358877798501453e+03 -2.271839454153244878e+04 1.726436292021411356e+00 2.025833160441336267e-01 1.488275591956792457e-21
2.598967574411847454e+04 3.104248793352080611e+03 -2.288542695076639211e+04 1.935061572225874826e+00 4.528321521391076576e-02 1.513870020601214009e-21
2.560646970900598535e+04 3.467192384344508810e+03 -2.213927732466147791e+04 2.025820029493236252e+00 7.621398801605950603e-03 1.460157849477063697e-21
2.522308220083645574e+04 3.964604982596815717e+03 -2.125847721823964093e+04 5.235540307586804332e+00 1.240346595716081551e-01 1.475200332799272403e-21
2.501773889823834179e+04 4.204889045214820726e+03 -2.081284985302352288e+04 2.321640818410548146e+00 3.923356245158140382e-02 1.491561524920616560e-21
2.408015173334891733e+04 5.178851655564829343e+03 -1.890130007778408617e+04 3.125928673381820122e+00 -3.716411220754132355e-02 1.388465106860245370e-21
2.343958327136615844e+04 5.937201561870725527e+03 -1.750238170949543201e+04 4.552272887513088229e+00 1.643468763062221625e-03 1.371635530615712205e-21
2.209849448027837570e+04 7.439068120610532787e+03 -1.465942635966784292e+04 3.115214805302101819e+00 3.466446902773308997e-02 1.197474635237887388e-21
