0.000000000000000000e+00 3.140678597959359831e+04 3.140678597959359831e+04 nan 3.141347013073620431e+01 3.184098681973178258e-25
2.466030970506578000e-94 3.142075796466798784e+04 3.142075796466798784e+04 6.013112633041007626e+01 8.362778209049748668e+00 3.223803996245008535e-25
1.423134910405333124e-43 3.141791161689867295e+04 3.141791161689867295e+04 2.472309643892856812e+01 3.302675415476478360e+00 3.221504425176253409e-25
9.300148163344931814e-26 3.141647472652163924e+04 3.141647472652163924e+04 1.328921928456590784e+01 1.239168499440109317e+00 3.215286111351051116e-25
2.113013876615621695e-17 3.140851476508816268e+04 3.140851476508816268e+04 8.185573858681884474e+00 2.605491770772170312e-01 3.190908378555664590e-25
8.678670812239636501e-13 3.141570484788167960e+04 3.141570484788167960e+04 5.393631571354730703e+00 6.414637304926742445e-01 3.217148024103121202e-25
2.562940830188945711e+03 2.870552120196726901e+04 2.614258037177832375e+04 3.810881103083633814e+00 -3.481567570693848701e-01 1.383593859280077526e-22
1.629477553636860830e+04 1.376363073101272494e+04 -2.531144805355883364e+03 1.049543194089426379e+01 -1.026568184269911893e-01 9.111980593062066676e-22
2.448925472656323109e+04 4.754483228420959676e+03 -1.973477149814227232e+04 6.561370801532267372e+00 -8.132550976842718715e-02 1.438183706030838623e-21
2.607206272267009626e+04 2.937504768274407525e+03 -2.313455795439568828e+04 1.062092088903559439e+00 1.111729443378649124e-01 1.514692839762621797e-21
2.649014105028110862e+04 2.465299228110053718e+03 -2.402484182217105626e+04 8.738479266323947448e-01 -5.564909909514809822e-02 1.491928565946684592e-21
2.674625629874489096e+04 2.242144340819118497e+03 -2.450411195792577200e+04 8.496314702449015988e-01 -7.547632318296944309e-02 1.619924405224465929e-21
2.668817941893521129e+04 2.317924151440106016e+03 -2.437025526749510391e+04 2.197677790508216322e+00 4.199572628890464038e-02 1.512367369155519551e-21
2.661759282647836881e+04 2.286029026451435129e+03 -2.433156380002693186e+04 6.726760582311204217e-01 5.833997247764052124e-02 1.459744717361988340e-21
2.665751432791235857e+04 2.278534340136451647e+03 -2.437897998777590692e+04 8.096151732614189633e-01 4.213927157706040538e-02 1.547406015940165296e-21
2.678129521109326015e+04 2.227177050366919502e+03 -2.455411816072634247e+04 1.233183055491877234e+00 -3.573325587113146753e-03 1.556780051008133768e-21
2.661814052168426861e+04 2.338695815275817949e+03 -2.427944470640845248e+04 2.295699552036421398e+00 -4.595915664828953417e-02 1.565058672072416633e-21
2.652496402580281938e+04 2.407748585400641787e+03 -2.411721544040217850e+04 1.356174317874379254e+00 1.863452908475503600e-01 1.529805590035230608e-21
2.636845225416356698e+04 2.621100181198388327e+03 -2.374735207296517910e+04 2.063246854145155407e+00 1.364639471662907610e-01 1.497874234647971161e-21
2.639878275719228986e+04 2.633655425904532876e+03 -2.376512733128775653e+04 3.257988027864749281e+00 2.115562408915601031e-02 1.527156878459254521e-21
2.649410660290024316e+04 2.519927535893056756e+03 -2.397417906700718595e+04 2.052628426764689262e+00 -1.804196845528377446e-02 1.555189374960360863e-21
2.618193799577958998e+04 2.883763225906075149e+03 -2.329817476987351620e+04 2.699705130084498972e+00 -6.070395106676260144e-02 1.524450682767917261e-21
2.618076590719656815e+04 2.887963444070825972e+03 -2.329280246312574309e+04 3.808280280586391342e+00 1.106389809443558830e-01 1.528153631451807640e-21
2.603026770852096888e+04 3.038441312264783392e+03 -2.299182639625618685e+04 3.368108148453228257e+00 -1.440262245086230443e-02 1.506030122265295467e-21
2.598900394457842049e+04 3.113465863034317408e+03 -2.287553808154410217e+04 1.964672536690014626e+00 9.534724061577333487e-02 1.497186162417296264e-21
2.556495345240635652e+04 3.534601130098820249e+03 -2.203035232230753536e+04 3.752687983940619088e+00 -7.513959668576637718e-02 1.473050497825077054e-21
2.530920086099856780e+04 3.856892281554274177e+03 -2.145230857944429226e+04 2.757278175791571417e+00 -1.680759124390572221e-02 1.496721783862373674e-21
2.479896526150090722e+04 4.419487369933778609e+03 -2.037947789156712679e+04 4.135854376915372832e+00 4.459557981714570916e-04 1.400811931034472367e-21
2.428672109133062258e+04 4.988770410685215211e+03 -1.929795068064540828e+04 5.264222179685074110e+00 -3.199576569980347451e-02 1.401615170859575903e-21
2.322760267000369640e+04 6.170199998755192610e+03 -1.705740267124850288e+04 6.251569763985806105e+00 1.493931560058646413e-01 1.299894463628538347e-21
2.170832514378734777e+04 7.930370897993399012e+03 -1.377795424579394967e+04 6.889774599085534135e+00 -5.711776522530600392e-02 1.244488471789997919e-21
