0.000000000000000000e+00 3.141957887902521907e+04 3.141957887902521907e+04 nan 3.351091413396351726e+01 3.223121087103568698e-25
3.031651212327799857e-94 3.141585335757400389e+04 3.141585335757400389e+04 5.190696896891261503e+01 8.714255190117903282e+00 3.210904383928397462e-25
1.663102489298119566e-43 3.141726656242847093e+04 3.141726656242847093e+04 2.304090668639374329e+01 3.307034978715938323e+00 3.209867247399193143e-25
1.033816474987080367e-25 3.140895576345883819e+04 3.140895576345883819e+04 1.228926004791006399e+01 1.211587313656240728e+00 3.188598288918533957e-25
2.101885079211342001e-17 3.141478212950058150e+04 3.141478212950058150e+04 7.923955338142660842e+00 2.561331495104952616e-01 3.215368863644835795e-25
3.449358832655373083e-12 3.141399299228221935e+04 3.141399299228221571e+04 5.655501334834867500e+00 6.855487669898642222e-01 3.214261939575925742e-25
2.067005180740318792e+03 2.922282125637515128e+04 2.715581607563483340e+04 3.805419919766242387e+00 -1.072768850367936261e-01 1.790739621567470483e-22
1.706159644927063709e+04 1.298272697581838656e+04 -4.078869473452250531e+03 1.429802510553796502e+01 -2.177065555668803234e-02 1.604687563490130608e-21
2.452915139767174696e+04 4.680984085556531682e+03 -1.984816731211521619e+04 9.301704774209804683e+00 2.293720085490058569e-01 2.352324967036679659e-21
2.606622705931920063e+04 2.933637862349359239e+03 -2.313258919696984231e+04 8.983659739942142508e+00 6.946477255543316576e-02 2.484269171878374179e-21
2.654736790805107012e+04 2.437226419690445255e+03 -2.411014148836062668e+04 5.629397551493711127e+00 -5.372008544649223977e-02 2.623688245134137768e-21
2.664199207166378255e+04 2.296185194847016646e+03 -2.434580687681676500e+04 9.288336472388792897e-01 -4.637798961602770942e-02 2.663904981280591894e-21
2.670007055453992507e+04 2.278630099812566186e+03 -2.442144045472735888e+04 7.534873585717264399e-01 8.116550903704654665e-03 2.617698253349167229e-21
2.662758288240981710e+04 2.272425015668675769e+03 -2.435515786674114133e+04 8.558489829446651598e-01 -1.226974964284622410e-01 2.799798332231922220e-21
2.671420335973682086e+04 2.255631190159421294e+03 -2.445857216957740093e+04 8.850290517380225985e-01 1.048406243124169746e-02 2.563950606631823513e-21
2.664323505771456985e+04 2.277576960269818301e+03 -2.436565809744474973e+04 1.162474042955662812e+00 1.200539920751068496e-01 2.630676502080013562e-21
2.672786183473561687e+04 2.256761981482454757e+03 -2.447109985325316302e+04 6.588536549679421261e-01 -4.853712189429206653e-02 2.681034647227278981e-21
2.657301067846886508e+04 2.383940847334054979e+03 -2.418906983113480965e+04 1.345678226056942206e+00 6.502717482225707502e-02 2.613587383820179229e-21
2.654522121567902650e+04 2.434551605607286092e+03 -2.411066961007174177e+04 2.040052208142651313e+00 -1.417733882474545848e-01 2.667530548662710366e-21
2.599954955003166469e+04 3.060408744278057384e+03 -2.293914080575360640e+04 1.827138829915512241e+00 4.342411580173499014e-02 2.454008556964172825e-21
2.649012476437199803e+04 2.526952890305963138e+03 -2.396317187406603625e+04 1.340707165518246535e+00 3.144425552742238089e-02 2.640236306282156745e-21
2.603896783830907225e+04 3.052228917528673719e+03 -2.298673892078039717e+04 1.887269909881273078e+00 3.347428539566094791e-02 2.616927661061737148e-21
2.615306457462072285e+04 2.890300531345282707e+03 -2.326276404327544151e+04 3.023894504321347210e+00 7.479418385357983201e-02 2.589042838254370862e-21
2.601531413182728284e+04 3.056126568563819546e+03 -2.295918756326346193e+04 2.443765734455218830e+00 -4.287356264742871875e-02 2.683882721272208348e-21
2.595132199590340315e+04 3.099270733154613481e+03 -2.285205126274879149e+04 1.806749740635211765e+00 -4.909906295299665963e-02 2.599324376457370308e-21
2.592207447515543026e+04 3.150932904503974896e+03 -2.277114157065145628e+04 2.176740879613965785e+00 -4.029997218271179349e-02 2.649969323270026761e-21
2.542269439131991021e+04 3.725376389669584569e+03 -2.169731800165032473e+04 4.530416182929143609e+00 1.033567456758204134e-01 2.604339494218023592e-21
2.529241132163511429e+04 3.849954393880444513e+03 -2.144245692775466887e+04 8.349321448910252741e+00 -9.728089214651475247e-02 2.522012895177960834e-21
2.388288179076450251e+04 5.393302235629508687e+03 -1.848957955513499473e+04 6.022834572473084513e+00 -7.673121659314445508e-02 2.367798568311232656e-21
2.409263814163119969e+04 5.279125539524048691e+03 -1.881351260210715191e+04 3.709251860033619064e+00 1.233243162118310421e-01 2.365845207851075649e-21
2.198168716161914563e+04 7.573612912685386618e+03 -1.440807424893375901e+04 4.123017049488212571e+00 -1.075294823366053885e-02 2.171722066750158522e-21
