0.000000000000000000e+00 3.141346716427827778e+04 3.141346716427827778e+04 nan 3.756959134379287235e+01 3.203430975918493744e-25
2.169306268814643948e-94 3.140793613477543113e+04 3.140793613477543113e+04 5.182917597213204175e+01 7.586140155858970502e+00 3.195332017295724150e-25
1.523317564030290470e-43 3.141641330487315281e+04 3.141641330487315281e+04 2.393472464652434084e+01 3.378416199513830431e+00 3.223012614985958994e-25
1.080376424712166327e-25 3.141222950745515118e+04 3.141222950745515118e+04 1.277146316770851264e+01 1.831335659016555040e+00 3.195908763832754266e-25
1.936558583891446325e-17 3.141978217614127425e+04 3.141978217614127425e+04 9.162148982710158762e+00 -2.813258272725420728e-01 3.226376284345190090e-25
3.857041620231424958e-12 3.141809773186609164e+04 3.141809773186608800e+04 5.885244618310690790e+00 7.419401591004289864e-01 3.227532920335409065e-25
2.547322499137362684e+03 2.870670661519136411e+04 2.615938411605400324e+04 4.486257544630524841e+00 -1.870530731229769206e-01 2.151654211989745470e-22
1.620581626927875004e+04 1.389568429786586603e+04 -2.310131971412884013e+03 2.473082965573017944e+01 -3.788066812920053844e-02 1.542840546934153847e-21
2.436297157109823820e+04 4.888200656710010662e+03 -1.947477091438822754e+04 1.048070377906614681e+01 -3.120178638636566040e-02 2.407292924816956682e-21
2.632991351416027464e+04 2.663290757283919447e+03 -2.366662275687635702e+04 6.229750556783041127e+00 4.419180992753597020e-02 2.519072254049739001e-21
2.663469638540877349e+04 2.367809554492660936e+03 -2.426688683091611165e+04 1.058674728370763773e+01 9.451899002150744578e-02 2.527987841656905305e-21
2.666369177535667768e+04 2.282999104412227098e+03 -2.438069267094445240e+04 8.726275025610238378e-01 -8.488059192442555523e-02 2.625988007983917259e-21
2.663820560280708014e+04 2.293920855186776862e+03 -2.434428474762030237e+04 7.256287367728035953e-01 7.583764722723888851e-02 2.640038033118623297e-21
2.666009319887170568e+04 2.267280847400198581e+03 -2.439281235147150801e+04 7.291350498761494103e-01 2.355694325042445234e-02 2.612297519991420066e-21
2.673091314193189828e+04 2.247180722397076806e+03 -2.448373241953482284e+04 6.702888937610879116e-01 2.762492599361386289e-02 2.680037904398951670e-21
2.655888254839637011e+04 2.399323219883550792e+03 -2.415955932851281977e+04 1.220652467582093337e+00 3.538242439206667339e-02 2.593845100965582137e-21
2.662770130430108838e+04 2.351277333483331859e+03 -2.427642397081775562e+04 1.635445703069848600e+00 1.190081567979927625e-02 2.559240300247237620e-21
2.656292379531533516e+04 2.414814737584365957e+03 -2.414810905773096965e+04 7.822773346249828341e-01 2.898365470289847312e-02 2.595917988849037344e-21
2.633702076828174177e+04 2.656418898673554850e+03 -2.368060186960818828e+04 2.423555062914001468e+00 9.506565564397445600e-02 2.572466845654642145e-21
2.634911362054198617e+04 2.665428301494706830e+03 -2.368368531904727934e+04 2.396779714086433533e+00 -1.615216280816210784e-02 2.443493276826218095e-21
2.625001854606260531e+04 2.808238657635920390e+03 -2.344177988842668492e+04 1.415758196270424873e+00 5.358899614044097121e-02 2.611783164832369813e-21
2.620367860126696905e+04 2.826304096440671856e+03 -2.337737450482629720e+04 3.417289109409561210e+00 1.882275018573472888e-02 2.512928269986227768e-21
2.599760505313568865e+04 3.068645431794052001e+03 -2.292895962134163710e+04 3.564366945493269156e+00 -7.872226584478932143e-02 2.621531235947795413e-21
2.611729341586743249e+04 2.960286064813994926e+03 -2.315700735105343847e+04 1.590007468049984496e+00 8.838293031923349918e-02 2.593518492966917363e-21
2.630231071190409057e+04 2.734638140749898866e+03 -2.356767257115419125e+04 1.737364944382258303e+00 -1.321042731860001540e-01 2.734537935284094562e-21
2.542481949818678913e+04 3.653100138941352270e+03 -2.177171935924543504e+04 3.024926905783415609e+00 -3.074231574913470488e-02 2.565556992359570033e-21
2.556525162747480135e+04 3.560105465872927653e+03 -2.200514616160187506e+04 3.143398881928368471e+00 -2.600438523530293478e-02 2.396569399707824118e-21
2.492959521274174767e+04 4.295266513580915671e+03 -2.063432869916083291e+04 2.264340308698610471e+00 -2.479281228733250589e-02 2.434302387780033113e-21
2.405544156893922263e+04 5.304510825803676198e+03 -1.875093074313554825e+04 4.395367617583571196e+00 -1.696556452192342357e-01 2.222190894415037952e-21
2.333279543554204793e+04 6.038058483535709456e+03 -1.729473695200633665e+04 2.822409685714896366e+00 6.207162475758244008e-03 2.320824038550626805e-21
2.228577710733370623e+04 7.227859685417083710e+03 -1.505791742191662343e+04 3.058211466170519088e+00 -6.116349381077948455e-02 2.205772165259704687e-21
