0.000000000000000000e+00 3.141990109808853958e+04 3.141990109808853958e+04 nan 3.054883939034668927e+01 3.212472335172918316e-25
2.053862994326619929e-94 3.141436494242151821e+04 3.141436494242151821e+04 4.786690599584667183e+01 7.544754786999043006e+00 3.210978792438336893e-25
1.745959641934694721e-43 3.142120796811398395e+04 3.142120796811398395e+04 2.267258753201167210e+01 3.462081183410948171e+00 3.233128675220847532e-25
1.074821054533695324e-25 3.142663596878212411e+04 3.142663596878212411e+04 1.298605864393773146e+01 1.740672572943195773e+00 3.240731593860340258e-25
1.683699905728768556e-17 3.142140623632051211e+04 3.142140623632051211e+04 9.203142731422365941e+00 8.883839295481965603e-02 3.233433787972402471e-25
8.019910733963908627e-12 3.142118724553434731e+04 3.142118724553434004e+04 5.868780131715825910e+00 6.663781268204965746e-01 3.232023806157725529e-25
2.274295296127652819e+03 2.899443793729894605e+04 2.672014264117129278e+04 4.050887087696984246e+00 -2.386065584820650232e-01 1.313187937491868969e-22
1.645879091543511095e+04 1.366411857049237915e+04 -2.794672344942731797e+03 1.403169889612706989e+01 -1.054888154122234495e-01 9.477020466715122268e-22
2.428473161233728024e+04 4.938126525346014205e+03 -1.934660508699126513e+04 1.338011480307899070e+01 6.710173751421691368e-02 1.371061798825390246e-21
2.615195759674172223e+04 2.855618191596079669e+03 -2.329633940514564165e+04 7.655402953383121378e+00 6.694082478263348179e-02 1.498950552960396135e-21
2.658030144102013946e+04 2.372017395722062247e+03 -2.420828404529807813e+04 2.734101387449830778e+00 5.805404793882209397e-02 1.553432290063481426e-21
2.667241838627784091e+04 2.282734914514587217e+03 -2.438968347176325187e+04 8.520808259479358826e-01 -2.346392599574984028e-02 1.535477870228320422e-21
2.668252440281920281e+04 2.274659876058370628e+03 -2.440786452676083354e+04 7.205711665118519349e-01 -4.842113574532320476e-03 1.577689173052246184e-21
2.669762349395242563e+04 2.288052038342913420e+03 -2.440957145560951176e+04 8.961683457543689890e-01 -5.591618668078879306e-02 1.546225463298966887e-21
2.668319294099263425e+04 2.287506654190422978e+03 -2.439568628680221082e+04 9.927613950093637785e-01 1.363596575241438902e-01 1.463900449551325693e-21
2.672092757224114030e+04 2.261688021552222835e+03 -2.445923955068891883e+04 9.799922591315163301e-01 1.310458234359095087e-01 1.530266548103956949e-21
2.668167851492582486e+04 2.295320719071529766e+03 -2.438635779585429555e+04 1.332324046185272559e+00 -5.015534579162795464e-02 1.569948900081739505e-21
2.658479345951812138e+04 2.409092302515567098e+03 -2.417570115700255337e+04 1.138495712309917751e+00 8.557595747517789120e-02 1.525900149590601462e-21
2.642911048310584374e+04 2.580283675001517622e+03 -2.384882680810432794e+04 1.931396893773952073e+00 1.022515961163601855e-01 1.476993657103426402e-21
2.634617666358850329e+04 2.745800248228442342e+03 -2.360037641536006049e+04 1.988524678210265684e+00 5.450387695490832574e-02 1.513631676053516667e-21
2.648522787333390806e+04 2.495957144377452096e+03 -2.398927072895645688e+04 1.890695283524540971e+00 8.014491726558745088e-02 1.542068280134051517e-21
2.629045495618995119e+04 2.739555990179429955e+03 -2.355089896601052169e+04 4.318738863622081148e+00 -1.216723780832287272e-01 1.509545189716141225e-21
2.620243417803234115e+04 2.808780834039140700e+03 -2.339365334399319909e+04 6.362109058191736999e+00 -1.259443656881747975e-01 1.482313566594488783e-21
2.605467864159614328e+04 3.010718511660033073e+03 -2.304396012993610930e+04 2.035165764734320870e+00 -9.687073230480640340e-02 1.557761951308862494e-21
2.596969825836136442e+04 3.103165934765451766e+03 -2.286653232359591129e+04 3.765936480547252163e+00 -1.801294457270409544e-02 1.525841258502166309e-21
2.575147211769350179e+04 3.338246855564390444e+03 -2.241322526212911180e+04 2.600356599461402407e+00 1.862096059593110198e-02 1.490856489751786959e-21
2.556573772882173216e+04 3.624161460262300807e+03 -2.194157626855943090e+04 1.726122816130196247e+00 -8.379082505699827002e-03 1.498386007476908082e-21
2.537406871935681920e+04 3.813812876589182906e+03 -2.156025584276763766e+04 2.516509899740910772e+00 -4.535308982578902665e-02 1.480800165183941936e-21
2.431868525998945188e+04 4.938500575994301471e+03 -1.938018468399515041e+04 4.274624503891306659e+00 -9.395873956355309253e-02 1.444481276837158563e-21
2.334441368411624353e+04 6.044534897024291240e+03 -1.729987878709195138e+04 4.214715169890907553e+00 -3.274108591713475319e-02 1.324882565974854370e-21
2.262819499325134893e+04 6.833808920489940647e+03 -1.579438607276140829e+04 2.658108841417625268e+00 2.815237268553240357e-02 1.277570959392399816e-21
