0.000000000000000000e+00 3.141306387437715239e+04 3.141306387437715239e+04 nan 3.612361057751030557e+01 3.199093394299077678e-25
2.047019425019948223e-94 3.141772543528823735e+04 3.141772543528823735e+04 5.015862850384888816e+01 7.573001362911423229e+00 3.214560625198903679e-25
1.530969379420271152e-43 3.141907340732265220e+04 3.141907340732265220e+04 2.570520891885903225e+01 3.378808552900586459e+00 3.223374530059875170e-25
1.111232876503897021e-25 3.142280603294506363e+04 3.142280603294506363e+04 1.308159140856411362e+01 1.745337123844437954e+00 3.216105281264773044e-25
2.085020320247420169e-17 3.141729230696895684e+04 3.141729230696895684e+04 7.808560690268087079e+00 -8.594512446016466800e-02 3.229395923588379500e-25
6.055003051641529113e-12 3.142547834526955921e+04 3.142547834526955194e+04 5.999557884608903713e+00 6.045266142440071100e-01 3.239684219305393180e-25
2.550032443839624193e+03 2.870968287550668538e+04 2.615965043166706164e+04 4.698239606839911708e+00 -2.016452935929624879e-01 2.480692368026486633e-22
1.669797196111131780e+04 1.335274915272591716e+04 -3.345222808385400640e+03 5.592310885765789941e+00 -2.008228479390964105e-01 1.573800728528388260e-21
2.418370588108338779e+04 5.066285234605392361e+03 -1.911742064647799634e+04 1.288340828822972384e+01 5.412801369190240602e-02 2.369797396184230914e-21
2.619959822886210532e+04 2.822907117943413596e+03 -2.337669111091869127e+04 9.601314726720508119e+00 -9.486673821658055117e-02 2.442049547638272957e-21
2.662544812405529956e+04 2.365926150464569218e+03 -2.425952197359073034e+04 5.438836499392819546e-01 -4.165728183281804803e-02 2.683503820679275007e-21
2.668427775244924123e+04 2.307013185434091611e+03 -2.437726456701515053e+04 4.713107970480959530e+00 6.974940418908349982e-02 2.665740832906670919e-21
2.670362804866057195e+04 2.268859637802138877e+03 -2.443476841085843262e+04 1.080155182073153197e+00 1.597789027150530936e-02 2.617023149092533588e-21
2.666850253463524132e+04 2.273287160368596233e+03 -2.439521537426664509e+04 1.050714542984547917e+00 1.732539273657619783e-01 2.682721157587388972e-21
2.663485101650397337e+04 2.286994983926964778e+03 -2.434785603257700859e+04 6.904853833317451395e-01 6.678733390535279701e-02 2.541104590415987042e-21
2.670995604018993254e+04 2.271480665657878944e+03 -2.443847537453205223e+04 1.213024576011611622e+00 4.237238020271071222e-03 2.632381875896999658e-21
2.669213805410030182e+04 2.267426351263673951e+03 -2.442471170283662650e+04 7.871376342226733547e-01 4.044224849444689324e-02 2.634128711915083133e-21
2.657701536840758490e+04 2.385244219974577391e+03 -2.419177114843300660e+04 1.615175936991146033e+00 1.131449557466903538e-01 2.585265953701488372e-21
2.644192285247890686e+04 2.527007667310462693e+03 -2.391491518516844371e+04 1.737292537729752340e+00 8.201861461585166491e-02 2.512186835580371355e-21
2.650877115188510288e+04 2.512379367475125036e+03 -2.399639178440997784e+04 1.291899978950955763e+00 9.521443646335710220e-02 2.581616273554320084e-21
2.621647891711014017e+04 2.719057263804987997e+03 -2.349742165330515127e+04 1.691975129799121014e+00 -2.750159838702726997e-02 2.475053066458789157e-21
2.612476443444458710e+04 2.912561060348396950e+03 -2.321220337409618878e+04 3.125222978392196538e+00 7.530301082875342535e-03 2.564702487347517315e-21
2.609278375550783312e+04 2.954894667122293413e+03 -2.313788908838553834e+04 2.782452686102244055e+00 3.820497188430549418e-02 2.688661061240938396e-21
2.637037857561661076e+04 2.657824848931665656e+03 -2.371255372668494601e+04 2.386939061497021175e+00 1.496996418020090681e-02 2.680129179422438786e-21
2.588574716445658851e+04 3.165583607766244313e+03 -2.272016355669034238e+04 5.319472387197970775e+00 -1.102532157292996501e-01 2.613275619300390213e-21
2.567564929694715102e+04 3.407816626333566546e+03 -2.226783267061358492e+04 3.967261536732506588e+00 -1.110932008234245538e-01 2.568782151074887733e-21
2.542259524952968786e+04 3.703533146144558032e+03 -2.171906210338513119e+04 5.441270340983656695e+00 -2.087091873576863918e-02 2.455872104059350257e-21
2.488128207818856754e+04 4.370397206215549886e+03 -2.051088487197301583e+04 2.446947404155672690e+00 1.426171948453419658e-01 2.453886832430089824e-21
2.388169532759470894e+04 5.451140864939919993e+03 -1.843055446265478895e+04 3.392419145076489340e+00 3.091207532965126181e-02 2.367910034568301677e-21
2.384600396239612746e+04 5.500884358488291582e+03 -1.834511960390783497e+04 2.914023042988501455e+00 4.917327894917875031e-03 2.305678953393745286e-21
2.231476088912882187e+04 7.193188729637654433e+03 -1.512157215949116653e+04 2.975109468141386326e+00 -6.708972220712255963e-02 2.063830031314350289e-21
