0.000000000000000000e+00 3.142342412545503248e+04 3.142342412545503248e+04 nan 3.351091390564847217e+01 3.234518878042793762e-25
1.901768913238749783e-94 3.141597677934778403e+04 3.141597677934778403e+04 5.660928837017584669e+01 7.350611736445801903e+00 3.220269869721469847e-25
1.736615716501854515e-43 3.142045840633012995e+04 3.142045840633012995e+04 2.193059980674651044e+01 2.424348881536646516e+00 3.221935100264264636e-25
1.091587458670826971e-25 3.142208007971116240e+04 3.142208007971116240e+04 1.378722971651004237e+01 1.820377108376311837e+00 3.211153128163810756e-25
2.188322729663205814e-17 3.142252957875327411e+04 3.142252957875327411e+04 8.006402061642019063e+00 2.196353502036357541e-01 3.237902432919473878e-25
1.246937401807790839e-11 3.140837812285483596e+04 3.140837812285482505e+04 6.147079867041777668e+00 8.299212852003886587e-01 3.194674403268567115e-25
2.020386061989143855e+03 2.927303201017260653e+04 2.725264594818346086e+04 4.816042122947450821e+00 -1.985049777406966420e-01 1.911427940296121044e-22
1.627770747302423842e+04 1.388110555441407087e+04 -2.396601918610167559e+03 1.428503616367448537e+01 -7.640342079037769352e-02 1.584460598786794267e-21
2.400281472289201338e+04 5.210607746848890201e+03 -1.879220697604312227e+04 9.718911614994576453e+00 1.665239835859955511e-02 2.311989754603121749e-21
2.619323347845163153e+04 2.855405905805037492e+03 -2.333782757264659449e+04 6.380804426574543164e+00 2.016206690060270285e-02 2.681289138784109114e-21
2.643418207549539147e+04 2.548865087658494303e+03 -2.388531698783689717e+04 7.728138037827527285e+00 9.163600398189188090e-02 2.611253821441397213e-21
2.664349359285167884e+04 2.274175045262931690e+03 -2.436931854758874761e+04 1.190773259157135611e+00 -1.672716626395346490e-02 2.607233864200478456e-21
2.665930304818995864e+04 2.288081050105105987e+03 -2.437122199808485311e+04 7.469752895936548898e-01 2.254183064116278834e-02 2.523432159154569299e-21
2.672033297479543035e+04 2.254334832712103434e+03 -2.446599814208332828e+04 6.603228456605626517e-01 9.539358263400554705e-02 2.619602548103047874e-21
2.673540114207236547e+04 2.250240146518205165e+03 -2.448516099555416076e+04 8.966150072598221277e-01 7.952016486576138007e-03 2.559634409260388263e-21
2.659477766780988168e+04 2.311893439490187575e+03 -2.428288422831969365e+04 8.283958416961464399e-01 -4.324188446592902579e-02 2.496802817186958463e-21
2.675253279078744890e+04 2.290079111698774796e+03 -2.446245367908867411e+04 1.257812450731340403e+00 -1.039621565271967203e-02 2.597109463263086449e-21
2.659767844990026060e+04 2.379623502625807305e+03 -2.421805494727445330e+04 1.049945044748880507e+00 2.693255480201177735e-02 2.616891937612238960e-21
2.652699290113159805e+04 2.517375880846150267e+03 -2.400961702028544823e+04 1.664508689637588468e+00 1.145599326729012518e-01 2.717930996340161583e-21
2.632736697898119746e+04 2.694648242162400038e+03 -2.363271873681879879e+04 2.012871092186879540e+00 -1.281450468596044556e-01 2.711121840786209467e-21
2.626836151910297122e+04 2.788681709684267389e+03 -2.347967980941870337e+04 2.621294073929957502e+00 3.179238882879027034e-02 2.589461082376027894e-21
2.620838616988968715e+04 2.776037742885791886e+03 -2.343234842700389709e+04 4.008016223103115117e+00 1.666891554945683709e-02 2.573157374991779294e-21
2.615200709347941665e+04 2.900933674386437815e+03 -2.325107341909297975e+04 2.259663150744528171e+00 1.965844936618112160e-01 2.584324420417868751e-21
2.593365471974731918e+04 3.121690808432344966e+03 -2.281196391131497512e+04 2.276930429020730617e+00 1.879927416178715782e-02 2.488566361343250044e-21
2.596624534326584399e+04 3.092601109492274190e+03 -2.287364423377357161e+04 8.546379072121478515e+00 1.505054265237516439e-03 2.457778453065326600e-21
2.594773415534549713e+04 3.066642340552044971e+03 -2.288109181479345352e+04 3.369758257269012347e+00 7.007598270644675720e-02 2.593735319218289168e-21
2.561479120771207090e+04 3.449656772944760633e+03 -2.216513443476731118e+04 2.747817458053031459e+00 -1.522005608839842872e-01 2.595381711480012651e-21
2.475187000827682277e+04 4.523193234602455050e+03 -2.022867677367436772e+04 3.369768609678766680e+00 -1.590135211492674575e-02 2.433061060591704024e-21
2.415625851863633579e+04 5.200500605728131632e+03 -1.895575791290820416e+04 8.073367982475707194e+00 -9.916689684966764964e-03 2.429039617835490102e-21
2.307214379449393891e+04 6.378181076952233525e+03 -1.669396271754170448e+04 5.422189538955495713e+00 -6.263979855513789052e-02 2.331337968608042914e-21
2.245502162962187504e+04 7.099212636480208857e+03 -1.535580899314166527e+04 3.478940798306674242e+00 7.925294819545246339e-02 2.156562786805794470e-21
