0.000000000000000000e+00 3.141174176150253334e+04 3.141174176150253334e+04 nan 3.612361154604015212e+01 3.210486008239331629e-25
2.462249463009530840e-94 3.140872259636451417e+04 3.140872259636451417e+04 5.239445034418633895e+01 8.358191562130146579e+00 3.205198282074393275e-25
1.715391170872378131e-43 3.141574591032700118e+04 3.141574591032700118e+04 2.342203273703720257e+01 3.285222135061083293e+00 3.211443466778918763e-25
1.119152526939673612e-25 3.141340251000901480e+04 3.141340251000901480e+04 1.322335849389560458e+01 1.252699824398036066e+00 3.215209143474183641e-25
1.986766325683167493e-17 3.141498991495687369e+04 3.141498991495687369e+04 9.287839852690671805e+00 2.313974639253240095e-01 3.220842107055520400e-25
3.177371189957711624e-12 3.142751117768548647e+04 3.142751117768548283e+04 6.413668006369483088e+00 5.144023249980042012e-01 3.243879787133717012e-25
2.218177840999438104e+03 2.903619981908299815e+04 2.681802197808356141e+04 4.391674210574818993e+00 -1.554939110063622010e-01 1.849313772838374985e-22
1.668631926865013884e+04 1.338332801650191504e+04 -3.302991252148223793e+03 1.158869952000628700e+01 -3.602405080517581681e-02 1.614432236327610420e-21
2.415979730216184180e+04 5.087903427148587070e+03 -1.907189387501325473e+04 1.413463040633761914e+01 -2.662637687448345461e-02 2.354365041540976579e-21
2.629920719562904560e+04 2.749189321924809519e+03 -2.355001787370423699e+04 7.718219011868868051e+00 -5.935169620127533213e-02 2.631846817799824595e-21
2.650083458765644173e+04 2.504445173168359815e+03 -2.399638941448808328e+04 6.963565458985743639e+00 7.844876334306446000e-03 2.586799229413008432e-21
2.665038807383968378e+04 2.294804605452013220e+03 -2.435558346838767102e+04 8.129994460824617741e-01 -4.465775006820785903e-02 2.678502262035923009e-21
2.676091402776675022e+04 2.258355266721098815e+03 -2.450255876104564959e+04 7.929509747015391907e-01 6.439171837018360656e-02 2.570738314623174704e-21
2.664584398424237952e+04 2.287086826160345026e+03 -2.435875715808203313e+04 7.514159738246558584e-01 -7.716150611288268013e-02 2.644628173302842880e-21
2.665614852105288082e+04 2.280126315484075803e+03 -2.437602220556880638e+04 8.177520279663120784e-01 1.808024767807708544e-01 2.759178047484627612e-21
2.667089454004346771e+04 2.272579279655303708e+03 -2.439831526038816446e+04 6.974553473786636593e-01 3.941430810220412223e-02 2.592919131874576653e-21
2.663665572521088325e+04 2.344597380998044628e+03 -2.429205834421283726e+04 1.018385606432582469e+00 8.453445667834406929e-02 2.631885190692801379e-21
2.653348585318403639e+04 2.425949349258644816e+03 -2.410753650392539203e+04 1.590631211884076412e+00 1.850763224768132986e-02 2.528722496205002494e-21
2.655811516014694644e+04 2.400619659277027495e+03 -2.415749550086991803e+04 1.631755071394284107e+00 6.372245979319239584e-02 2.647721253638980919e-21
2.631085162723412941e+04 2.713462860048116909e+03 -2.359738876718601387e+04 2.715252965493601067e+00 1.189526611371585774e-01 2.715008170680073580e-21
2.619480758576351946e+04 2.852476441830788644e+03 -2.334233114393272990e+04 1.492560069212387930e+00 -1.321120819823618786e-01 2.614764528929814871e-21
2.612231854552044388e+04 2.944851687537686757e+03 -2.317746685798275576e+04 2.191459367589455809e+00 -1.261998719741197206e-01 2.597040105633441010e-21
2.601265999659043155e+04 3.010158682997413962e+03 -2.300250131359301668e+04 3.127233646143241064e+00 4.102970889810372140e-02 2.629100667087800957e-21
2.611935391584839090e+04 2.946390385021123166e+03 -2.317296353082726637e+04 2.521912608741519346e+00 -1.243851758265938079e-01 2.586414284983088529e-21
2.588128867621737299e+04 3.233651377724257145e+03 -2.264763729849311494e+04 1.958087417221113569e+00 9.133214735983780086e-02 2.659252508729728489e-21
2.558320657992288761e+04 3.530598634116849098e+03 -2.205260794580603761e+04 2.886256915997023942e+00 1.526020491370374266e-01 2.531949549836892435e-21
2.538337683227467642e+04 3.797633733454480989e+03 -2.158574309882019588e+04 5.438359743923641076e+00 6.542848035919390792e-02 2.499265025663604618e-21
2.472687220593522943e+04 4.544706227118365859e+03 -2.018216597881686175e+04 2.384248085296353903e+00 4.206479918675928159e-02 2.390666179546366813e-21
2.457129104203413590e+04 4.727416200283024409e+03 -1.984387484175111240e+04 2.700622464103334064e+00 1.457270410425260121e-01 2.430442337677001928e-21
2.349547778851144540e+04 5.845139838812163362e+03 -1.765033794969928203e+04 5.566239081075565309e+00 -9.294784364496549989e-02 2.301779410042108168e-21
2.205223074900655774e+04 7.506872587738238508e+03 -1.454535816126831924e+04 3.231017654489260149e+00 -1.182459888032511980e-01 2.184674630938551069e-21
