0.000000000000000000e+00 3.141463483015286693e+04 3.141463483015286693e+04 nan 3.336043436040620946e+01 3.199352124770402190e-25
1.974380906041959973e-94 3.142392044421242099e+04 3.142392044421242099e+04 5.799016466695579197e+01 8.746766678618769220e+00 3.219198078298394820e-25
1.528549157373460499e-43 3.142285274701284652e+04 3.142285274701284652e+04 2.171252064608236765e+01 3.775062673168205318e+00 3.227399097972579877e-25
9.928161500846363877e-26 3.141549637924383569e+04 3.141549637924383569e+04 1.433840521818626712e+01 1.343722752616359095e+00 3.215430645140728762e-25
2.161969541153969005e-17 3.141976211766839697e+04 3.141976211766839697e+04 7.877139324376616791e+00 1.500554544100860255e-01 3.223078893863220496e-25
2.139777242045694414e-11 3.140591987164638340e+04 3.140591987164636157e+04 5.904707837756181910e+00 8.414478820969261141e-01 3.192368142731451390e-25
2.303153359778852973e+03 2.898045786815475003e+04 2.667730450837589888e+04 4.171159715621548081e+00 -2.179705229500759067e-01 1.293415091797962322e-22
1.637200059664344735e+04 1.370624128208171169e+04 -2.665759314561735664e+03 3.917457030674809548e+00 -3.765357982450216051e-02 9.193980688346822038e-22
2.428119328271089762e+04 4.953003601662798246e+03 -1.932818968104809755e+04 1.589299770623482821e+01 2.917747216303579957e-02 1.379033075487350121e-21
2.609450156899919602e+04 2.961449542672492953e+03 -2.313305202632670262e+04 9.345075664340118493e+00 5.376195589721222134e-02 1.460186860016312631e-21
2.659690809935608922e+04 2.360459611216444500e+03 -2.423644848813964563e+04 7.373295942919653179e-01 1.263981151945044734e-01 1.530019277902335019e-21
2.660188489535044573e+04 2.337557048445917189e+03 -2.426432784690452900e+04 1.083914133375612598e+00 -7.309667852804763166e-02 1.493462507508350794e-21
2.666378936338163112e+04 2.292364314224607824e+03 -2.437142504915702375e+04 7.209175552318992652e-01 1.553983457185577899e-01 1.482882677630176491e-21
2.667100152401088781e+04 2.289235254400008216e+03 -2.438176626961087823e+04 6.957993758153634412e-01 4.273656698476338209e-03 1.506538100456761996e-21
2.661655278230590193e+04 2.289709234967801422e+03 -2.432684354733809960e+04 8.034022212259541718e-01 -1.639388887101595471e-01 1.516580453972130965e-21
2.671731658460630933e+04 2.266365210460318394e+03 -2.445095137414599230e+04 8.692602055966829333e-01 5.489502472961240581e-02 1.504519606664498839e-21
2.670578918986569261e+04 2.271495065942920064e+03 -2.443429412392277300e+04 6.813191075584970058e-01 9.570657255457611090e-02 1.541112952478125644e-21
2.665208492587012370e+04 2.336616227090222765e+03 -2.431546869877989957e+04 1.580980101532823534e+00 -5.070216274457633315e-02 1.552295728458947100e-21
2.662699143206782173e+04 2.365916438300032951e+03 -2.426107499376779015e+04 9.662419579684797810e-01 7.939952470641907512e-02 1.553635362852531889e-21
2.625754427708901858e+04 2.749327487680154718e+03 -2.350821678940886341e+04 2.286280847414772222e+00 5.326393804007963778e-02 1.489438408841419189e-21
2.628625521307063173e+04 2.738167055216668359e+03 -2.354808815785396291e+04 2.150344447040583251e+00 3.697827653197913178e-02 1.518147463771255967e-21
2.628482767786312252e+04 2.736888849962911536e+03 -2.354793882790021235e+04 3.151954751414149047e+00 -3.240784847885820608e-02 1.542690607837337495e-21
2.604309468407104578e+04 3.010977125370905924e+03 -2.303211755870014167e+04 2.840586688479726174e+00 -6.821871484740814340e-02 1.543255558674503365e-21
2.604846194898711110e+04 3.008418418017015938e+03 -2.304004353097009516e+04 2.011834619586603257e+00 3.173492860068520549e-02 1.478069974602855784e-21
2.598232165021366018e+04 3.093193822197038571e+03 -2.288912782801662252e+04 2.726950842372632966e+00 2.340215239350887377e-02 1.515386207656360384e-21
2.579091927654367464e+04 3.260891272951933843e+03 -2.253002800359174216e+04 3.433557564040158994e+00 -3.417452392975964346e-03 1.471135136369495009e-21
2.563381697158204770e+04 3.515287315019075777e+03 -2.211852965656297238e+04 3.212032915844067471e+00 1.013731743585930961e-01 1.455233215351295585e-21
2.476051884421578143e+04 4.488800423691040123e+03 -2.027171842052473949e+04 3.813649455103071073e+00 -4.040148761119426862e-02 1.465282489717363548e-21
2.426424430129898610e+04 4.971764385596598913e+03 -1.929247991570238810e+04 2.157945018021627970e+00 -3.547835806161406952e-02 1.382995264734686704e-21
2.324615422463406503e+04 6.132907749114712715e+03 -1.711324647551935050e+04 4.533152887150616372e+00 2.811405064184683764e-02 1.293939693694397736e-21
2.219148902670030293e+04 7.333709248852406745e+03 -1.485777977784789618e+04 4.205751683825558196e+00 -9.837019981039585304e-03 1.274050183216691534e-21
