0.000000000000000000e+00 3.141854283143672365e+04 3.141854283143672365e+04 nan 3.824536750502912241e+01 3.222002194708210907e-25
1.888416691990331151e-94 3.141760772443871974e+04 3.141760772443871974e+04 4.863285950949578051e+01 7.270461097980046361e+00 3.211231072033781507e-25
1.521065858346880145e-43 3.141742333180298010e+04 3.141742333180298010e+04 2.337564088110493898e+01 3.300526193790678686e+00 3.213014753876595252e-25
1.106804357905581497e-25 3.141824538048840623e+04 3.141824538048840623e+04 1.340439091459173504e+01 1.769080465273713765e+00 3.216959590696162525e-25
1.830905290561062382e-17 3.142097102586714027e+04 3.142097102586714027e+04 8.834294301568460739e+00 1.478669716732678718e-01 3.222035279652912022e-25
8.610402869752654767e-13 3.141951224886149066e+04 3.141951224886149066e+04 5.645940500591597022e+00 5.057521406359356542e-01 3.228439961787383087e-25
2.523643028063209840e+03 2.874139167416023338e+04 2.621774864609702490e+04 3.857833459339323312e+00 -2.866708421512032534e-01 2.274472069770168657e-22
1.625653075206122048e+04 1.381894428987343963e+04 -2.437586462187780853e+03 1.469716858440312102e+01 3.675405834088061457e-02 1.589370469042179924e-21
2.390567836185788110e+04 5.383532759152677500e+03 -1.852214560270520451e+04 8.674196965299891815e+00 1.180768191851092313e-03 2.236373382646419160e-21
2.605983668894165021e+04 2.965146116880049703e+03 -2.309469057206160142e+04 1.255772105836529562e+01 2.518183710526851818e-02 2.608130740816684562e-21
2.657827967788157912e+04 2.359274247051729617e+03 -2.421900543082984950e+04 4.762916319039078417e+00 -1.070327496090942160e-01 2.570831354224365146e-21
2.667740735281699745e+04 2.292437723515666676e+03 -2.438496962930132941e+04 6.480379799328169765e-01 5.850059166984322712e-02 2.671500427681375617e-21
2.666944294065130453e+04 2.277831581784409536e+03 -2.439161135886689590e+04 9.529559401603154845e-01 8.391793920819329289e-02 2.608370203767115832e-21
2.672960215138249259e+04 2.249743808383012038e+03 -2.447985834299947965e+04 1.110429768527781524e+00 -4.744208116477344889e-02 2.565385658258151249e-21
2.673392464600179665e+04 2.246502999416054536e+03 -2.448742164658574256e+04 7.120380015756696546e-01 -1.646514500563655767e-02 2.756597050946775854e-21
2.661160758807210732e+04 2.261050874210437541e+03 -2.435055671386166796e+04 5.917652130048093317e-01 -9.484046949940201643e-02 2.662317017387206109e-21
2.661633583834234378e+04 2.337823243633104539e+03 -2.427851259470923833e+04 6.592818272630344145e-01 1.180787135827418566e-01 2.736655965559402617e-21
2.649275836603909556e+04 2.489040598512111956e+03 -2.400371776752698497e+04 4.271549119406389039e+00 -5.700990653265053387e-02 2.537833345133837875e-21
2.642427204089082443e+04 2.540947884446860371e+03 -2.388332415644396315e+04 1.937004315789919273e+00 -7.883749309199256095e-02 2.574755676998688927e-21
2.637063727434447355e+04 2.664463250868756404e+03 -2.370617402347571624e+04 1.206866115205097456e+00 9.043014831431223088e-02 2.614393924114506564e-21
2.629883740605742059e+04 2.706944423876479959e+03 -2.359189298218093973e+04 1.828173164651249794e+00 4.154415998371315671e-02 2.682804759388730720e-21
2.611141423018929345e+04 2.974999512993413646e+03 -2.313641471719587935e+04 1.657239783980967829e+00 -2.311192276395823697e-02 2.701904482456360908e-21
2.596107125886886206e+04 3.084073749862733621e+03 -2.287699750900612707e+04 2.014110417885453863e+00 -6.945715754862152869e-02 2.627817048315468399e-21
2.609714550823170066e+04 2.938051040669507984e+03 -2.315909446756219404e+04 4.315528515064745108e+00 1.175053427189577393e-01 2.555741058193832110e-21
2.592053281708951181e+04 3.194728721319846954e+03 -2.272580409576966485e+04 3.202922723557597440e+00 -1.831516724771125870e-01 2.548137929624091007e-21
2.581654814151803293e+04 3.244116909576980106e+03 -2.257243123194105283e+04 3.364511799962244254e+00 -1.368578911327526793e-01 2.596653910414345531e-21
2.520653240987764730e+04 3.944261466343675693e+03 -2.126227094353397115e+04 3.919797612113625096e+00 -7.508303482895804792e-02 2.404460124761767136e-21
2.504672060504084948e+04 4.139436780174710293e+03 -2.090728382486613918e+04 2.091246291661311485e+00 7.882535961023090509e-02 2.413659463815549096e-21
2.425375917191298504e+04 4.990990911006586430e+03 -1.926276826090639952e+04 4.666844345989387577e+00 5.004103242372128640e-02 2.366994660317706685e-21
2.317698409129129504e+04 6.278490604880224964e+03 -1.689849348641106917e+04 3.328686296136066591e+00 -6.305586263522296175e-02 2.280913986922863378e-21
2.220100426416547998e+04 7.383233001645188779e+03 -1.481777126252029120e+04 3.722623805270183883e+00 2.429911933704665197e-02 2.131024702233178504e-21
