0.000000000000000000e+00 3.142066379774660527e+04 3.142066379774660527e+04 nan 3.794201250167295569e+01 3.225383365514526910e-25
1.974966946558149239e-94 3.141544285859344745e+04 3.141544285859344745e+04 5.070835738093105505e+01 7.502352178746069633e+00 3.208683278110005235e-25
1.726350624096896356e-43 3.141933107352945080e+04 3.141933107352945080e+04 2.336246282303309840e+01 3.378416199513830875e+00 3.221686593500681391e-25
1.089453024281341735e-25 3.141657345600189365e+04 3.141657345600189365e+04 1.263636650218323432e+01 1.330343167979106456e+00 3.206615230396857596e-25
1.587661139424032168e-17 3.142449216324229565e+04 3.142449216324229565e+04 7.876635046732796575e+00 -2.813162000915678251e-01 3.231028722265398971e-25
6.772530109742903707e-12 3.141832758182870748e+04 3.141832758182870020e+04 6.060687965620658701e+00 6.767605060799463113e-01 3.205430201007398730e-25
1.949869753533660514e+03 2.935104487038712250e+04 2.740117511685346108e+04 4.637108360917668648e+00 -2.444016613370639801e-01 1.879821330261808255e-22
1.624652755092687767e+04 1.391207375011293880e+04 -2.334453800813938869e+03 1.348356307454037228e+01 -1.414399870495831879e-01 1.512017122535569611e-21
2.403399544546370453e+04 5.215874389927845186e+03 -1.881812105553585934e+04 8.452546784828998128e+00 4.702832786000630400e-02 2.305765176872994097e-21
2.629700258085425958e+04 2.662199172399777126e+03 -2.363480340845448154e+04 8.923974853697350440e+00 9.120634289586204702e-02 2.627442039195641556e-21
2.656098484000542885e+04 2.420290850006049368e+03 -2.414069398999938130e+04 1.168521775511885741e+00 1.417949817605016205e-01 2.563798158245230632e-21
2.673378249931964820e+04 2.298195151904350951e+03 -2.443558734741529770e+04 1.699341068039956992e+00 -4.358570975158189420e-03 2.670038814789495652e-21
2.665533021042651308e+04 2.280596162640210878e+03 -2.437473404778630356e+04 9.121426274935903189e-01 1.025558951260977375e-01 2.596188364689608078e-21
2.667126509073197303e+04 2.274611912045306326e+03 -2.439665317868666534e+04 8.049690908455019445e-01 1.224849363126048890e-01 2.658187445265902244e-21
2.664563347045955015e+04 2.262449493265332876e+03 -2.438318397719421773e+04 1.007831753556391208e+00 -9.386526312894459545e-02 2.630228964503549323e-21
2.668870840318811315e+04 2.262153892033928969e+03 -2.442655451115418327e+04 9.732947173301558230e-01 -5.350033875421342927e-02 2.602614439640026251e-21
2.669302261504845592e+04 2.273574789570554003e+03 -2.441944782547790237e+04 8.198517093833205260e-01 4.971605673221923122e-02 2.703159361501357267e-21
2.649912006713921437e+04 2.503342292761943099e+03 -2.399577777437727127e+04 2.807907266000405855e+00 -8.304219167715019443e-04 2.503288550467894774e-21
2.652700564707761805e+04 2.489503962284046793e+03 -2.403750168479356944e+04 3.281246442873307245e+00 1.653811156931637716e-01 2.541950675647341122e-21
2.621419403166035045e+04 2.832564830316838652e+03 -2.338162920134351225e+04 3.156474155710255136e+00 4.646350127702509464e-02 2.636365357589830166e-21
2.622923420245686066e+04 2.824747038350405091e+03 -2.340448716410645648e+04 3.550929466630522668e+00 1.209431328897185992e-01 2.762406715610767829e-21
2.616897370019663140e+04 2.840062172369813197e+03 -2.332891152782681820e+04 2.516819167289358727e+00 -1.503604480360411222e-01 2.521765682236838977e-21
2.612113481868564122e+04 2.883838145348745456e+03 -2.323729667333689576e+04 2.677750958922751057e+00 -7.185354681613176364e-02 2.456878278430757277e-21
2.603312515494752006e+04 3.072011588186754125e+03 -2.296111356676076684e+04 2.133745642566336809e+00 -8.542604984702025298e-03 2.651801335337080032e-21
2.606269592612238921e+04 3.006142280836776536e+03 -2.305655364528561404e+04 2.865967278083493053e+00 -2.136167176721248673e-02 2.620119451845804040e-21
2.555645089677650321e+04 3.588437318429582319e+03 -2.196801357834691953e+04 3.080074387023219007e+00 -9.650531641221744839e-02 2.485518839923900196e-21
2.558324427617943729e+04 3.604323164293376067e+03 -2.197892111188606214e+04 3.555450705314804782e+00 -1.381499534935508311e-01 2.658141153390565489e-21
2.476246274849655310e+04 4.437844390631890747e+03 -2.032461835786466327e+04 4.068294525336560774e+00 -1.620824479170476784e-02 2.427057151349537532e-21
2.399386058887049512e+04 5.306463064595365722e+03 -1.868739752427512940e+04 4.451608213345316756e+00 -6.506752370012762465e-02 2.367564063077207373e-21
2.360462117934222624e+04 5.768489548314010790e+03 -1.783613163102821636e+04 2.630834161194704368e+00 -1.716570648121595877e-02 2.322733316809176706e-21
2.172611385733415955e+04 7.877097070970306959e+03 -1.384901678636385259e+04 4.018306819957222054e+00 -2.455728338936924438e-01 2.096955751162630039e-21
