0.000000000000000000e+00 3.141739484770924537e+04 3.141739484770924537e+04 nan 3.794200617897333672e+01 3.226213946086023319e-25
2.129923473947316614e-94 3.141686574941813888e+04 3.141686574941813888e+04 5.431472554988736334e+01 8.397872289198936357e+00 3.204212397666235779e-25
1.555666088569502068e-43 3.142835723217573832e+04 3.142835723217573832e+04 2.229978592684436833e+01 3.339331796104376249e+00 3.236011213815052530e-25
1.099803015818019820e-25 3.142394080246196972e+04 3.142394080246196972e+04 1.318494748646190295e+01 1.314903474698667196e+00 3.213728880936780676e-25
2.208604730786777902e-17 3.142282447069944465e+04 3.142282447069944465e+04 8.471888622150865800e+00 1.197678788526497645e-01 3.223815748743866411e-25
2.898176507367409409e-12 3.142037303237124434e+04 3.142037303237124070e+04 5.789088929131374073e+00 5.582900667694127295e-01 3.224722181908414231e-25
2.504693771782203385e+03 2.873825451019505635e+04 2.623356073841285252e+04 4.409469383495932426e+00 -5.856472256660603254e-02 2.272753556478567308e-22
1.660345728467423396e+04 1.347772010252221844e+04 -3.125737182152015521e+03 1.457700527929838863e+01 -9.265483823159963161e-02 1.648780559812420267e-21
2.429418029384092006e+04 4.926636782333134761e+03 -1.936754351150778530e+04 1.540809050101159450e+01 -2.504385377360535472e-02 2.252242491686942403e-21
2.601858448556829171e+04 2.981879814329648980e+03 -2.303670467123864364e+04 8.040218301079510965e+00 7.051594807263816822e-02 2.543640350289813008e-21
2.652106306141365712e+04 2.463739943593168846e+03 -2.405732311782048782e+04 2.721377475370816423e+00 1.108019152379793315e-01 2.686390277572960785e-21
2.662524257616698378e+04 2.329142881605854654e+03 -2.429609969456112958e+04 1.935863488521028186e+00 6.397775190453605654e-02 2.606237443036537432e-21
2.675675666333494883e+04 2.238738148325157454e+03 -2.451801851500978955e+04 8.934802735673216256e-01 1.280546814509180009e-01 2.829181145465776405e-21
2.666843127725876911e+04 2.293204275587870598e+03 -2.437522700167089715e+04 7.685022954596211209e-01 -1.705961281016672856e-04 2.666275423816324752e-21
2.669541259718554284e+04 2.267829069346021697e+03 -2.442758352783952068e+04 8.164357551997731832e-01 3.200064478052834266e-04 2.655749912402797941e-21
2.666072638255554557e+04 2.273996947715604165e+03 -2.438672943483994095e+04 7.445289399665403485e-01 3.817129904811494834e-02 2.635384778384492012e-21
2.669486845801629897e+04 2.264219274792410488e+03 -2.443064918322388985e+04 9.549572042535140470e-01 -5.953358150238760582e-02 2.722438686440037070e-21
2.667545941206332282e+04 2.321019228577374179e+03 -2.435444018348594909e+04 2.461938826050323659e+00 1.464595130035035164e-01 2.575988789616297925e-21
2.649529925239729710e+04 2.510045078348876814e+03 -2.398525417404841937e+04 1.361885225006719935e+00 -4.890472170370777083e-02 2.480140640902540759e-21
2.633220349658551640e+04 2.695463446799186841e+03 -2.363674004978633093e+04 1.684587841145827269e+00 3.971300408297389478e-02 2.679448541893531447e-21
2.630123116541640047e+04 2.763942837439192317e+03 -2.353728832797720679e+04 3.850160305803508987e+00 -2.268374633762852352e-02 2.713101985831447363e-21
2.584133522293039277e+04 3.178772921888642031e+03 -2.266256230104175120e+04 2.522696110981210271e+00 -1.320497619285764812e-01 2.494105170234954135e-21
2.598808147297832693e+04 3.085352498362105507e+03 -2.290272897461622051e+04 2.018637923342362583e+00 3.047001279433220189e-03 2.568971730682873792e-21
2.613432486311761022e+04 2.864200592704105929e+03 -2.327012427041350384e+04 3.149993893457711192e+00 -1.315569517485049855e-01 2.428329118629820485e-21
2.600561826829766869e+04 3.066340098420745562e+03 -2.293927816987692495e+04 2.572368546464292915e+00 -2.505419547451272558e-02 2.728182092820106133e-21
2.594160625544489812e+04 3.152667782852566233e+03 -2.278893847259233007e+04 2.053083378004787463e+00 -1.325069999987566194e-01 2.652441276137767276e-21
2.531210362871599500e+04 3.875222924904378942e+03 -2.143688070381161742e+04 8.637157724090423372e+00 5.404259118065624784e-02 2.488661944160853487e-21
2.483654539956844383e+04 4.396418802846425933e+03 -2.044012659672201698e+04 3.464534750481762515e+00 5.741748263312548145e-02 2.474754050657626846e-21
2.414285647039263131e+04 5.205870896314803758e+03 -1.893698557407782937e+04 5.975689208121899298e+00 -6.723449076711272843e-02 2.426676537807283067e-21
2.333181870125672867e+04 6.082101499835403956e+03 -1.724971720142132472e+04 3.357888234358612944e+00 -1.354678563090507860e-02 2.227847394484273721e-21
2.187153366201208701e+04 7.726079019191870429e+03 -1.414545464282021567e+04 3.348458145016964593e+00 8.770857054873364145e-02 2.027391437314518628e-21
