0.000000000000000000e+00 3.141794068603985215e+04 3.141794068603985215e+04 nan 3.756959119869325292e+01 3.216040094636034954e-25
1.689748107228388501e-94 3.142256543162005983e+04 3.142256543162005983e+04 5.260734040303203329e+01 7.502828948017740807e+00 3.226000169991722361e-25
1.595709121139900758e-43 3.141832679537719014e+04 3.141832679537719014e+04 2.328542919739795991e+01 3.367861026853839590e+00 3.222473319842763219e-25
1.066294817901238355e-25 3.141413489814821878e+04 3.141413489814821878e+04 1.497171583977293530e+01 1.471531810279189445e+00 3.205670008099172265e-25
2.284627179180210090e-17 3.142359507410240258e+04 3.142359507410240258e+04 8.037116488750768895e+00 3.446970293130620644e-01 3.242682982303456563e-25
8.219715899044022856e-13 3.141583937310969850e+04 3.141583937310969850e+04 6.688383190311514959e+00 7.008065296150965962e-01 3.202300520527210108e-25
2.397181965792015035e+03 2.887976550333148407e+04 2.648258353753946722e+04 4.186785957017590043e+00 -2.369830228915084103e-01 2.127671526322407708e-22
1.638297492291846356e+04 1.371781199164851751e+04 -2.665162931269946057e+03 1.597200171917802969e+01 -8.375742702953480057e-02 1.545441304155119446e-21
2.391160182803153293e+04 5.399535935888236963e+03 -1.851206589214329506e+04 1.155387231875494969e+01 -9.300296365061766490e-02 2.315849206086657992e-21
2.617095285822945516e+04 2.866603768601559750e+03 -2.330434908962789632e+04 1.237682840676944673e+00 4.995547103446790899e-02 2.608875070485063059e-21
2.654224009675487468e+04 2.416049667497373321e+03 -2.412619042925750182e+04 2.583124063405979332e+00 -1.120329086466932515e-02 2.592677017485693382e-21
2.668836657373341950e+04 2.295619125793315561e+03 -2.439274744794010257e+04 1.274079277961928769e+00 -3.873457732247113233e-02 2.661217617886647467e-21
2.671942725003763189e+04 2.259098300145471967e+03 -2.446032894989215856e+04 6.664668121669515832e-01 -2.801372177853496404e-02 2.638559349572006934e-21
2.661529061994600124e+04 2.288005641399343403e+03 -2.432728497854665693e+04 8.283512781571512607e-01 -8.041320937220496068e-02 2.644490616566233500e-21
2.665941339869273725e+04 2.271376455200184864e+03 -2.438803694349255238e+04 1.532681600301621927e+00 7.633618842458904374e-02 2.691157108843195910e-21
2.666160009530599200e+04 2.289511690441713654e+03 -2.437208840486427653e+04 9.891791628756783084e-01 -1.736571621344700223e-01 2.621067787741895843e-21
2.670246231068846464e+04 2.284962621440816747e+03 -2.441749968924764835e+04 7.291766136289905553e-01 -5.009097845298103764e-03 2.583726611931223259e-21
2.667656831783551024e+04 2.287867010198075150e+03 -2.438870130763743509e+04 8.105245348233071079e-01 8.394017366128549151e-02 2.782815050796278027e-21
2.637174158117830302e+04 2.627127984300989738e+03 -2.374461359687731237e+04 1.378326785032481183e+00 5.074014786888824541e-02 2.657344983639939996e-21
2.645870058353325294e+04 2.499698542173558963e+03 -2.395900204135969398e+04 2.783376883430777493e+00 3.494739947052836332e-02 2.641706992007582755e-21
2.599822894381005608e+04 3.014377808671045841e+03 -2.298385113513901160e+04 3.113495608999257147e+00 3.965686268009040866e-02 2.557861718166334013e-21
2.620040270500113911e+04 2.850567767891001949e+03 -2.334983493711013580e+04 5.044325625538639279e+00 -1.194638910264891711e-02 2.587402037510798944e-21
2.602735876650679711e+04 2.990766517974510862e+03 -2.303659224853228807e+04 1.738193796419460702e+00 -4.267647815148541829e-02 2.465977987141870824e-21
2.605485927366452597e+04 3.054874494446841709e+03 -2.299998477921768426e+04 2.065921018080547178e+00 -1.068111485773031860e-01 2.508657957363455206e-21
2.600462876614039851e+04 2.998537637544221525e+03 -2.300609112859617744e+04 5.231591934516597320e+00 -1.683316771842754411e-01 2.575297583747671180e-21
2.586368473505759175e+04 3.221912137674147743e+03 -2.264177259738344583e+04 1.737219646893389147e+00 4.571719701524196849e-02 2.540839756274782299e-21
2.514011370319515481e+04 4.021371884422375842e+03 -2.111874181877277806e+04 3.057284320065874805e+00 1.216641740910008075e-02 2.577912620430246780e-21
2.490437323492750511e+04 4.299896108002330948e+03 -2.060447712692517234e+04 3.392667872682812114e+00 5.602833695890758331e-02 2.498546987536006049e-21
2.435367624951011021e+04 4.935732028328353408e+03 -1.941794422118175862e+04 2.348262842605328693e+00 -1.020482115494024816e-01 2.528899125805463445e-21
2.303469249816098090e+04 6.451968783432628697e+03 -1.658272371472835221e+04 4.331741844954407838e+00 1.232926999457961276e-01 2.279124448307817986e-21
2.199230655816306898e+04 7.578522902160148988e+03 -1.441378365600292091e+04 4.453025571846946917e+00 -7.135087096668666804e-04 2.092751229272962944e-21
