0.000000000000000000e+00 3.142287562801107197e+04 3.142287562801107197e+04 nan 3.629840351065755755e+01 3.218127303327822822e-25
2.228440742811534216e-94 3.141073530306787870e+04 3.141073530306787870e+04 5.359240974298921856e+01 8.355180319056238147e+00 3.197756865716971999e-25
1.476663839482126658e-43 3.141951305979307654e+04 3.141951305979307654e+04 2.480360579197200366e+01 3.780201804392768761e+00 3.224289061171928036e-25
1.385294552380383848e-25 3.142321288594331418e+04 3.142321288594331418e+04 1.378896445184782493e+01 1.710597868865390891e+00 3.225778056278312096e-25
2.253469915301519232e-17 3.142226625582897032e+04 3.142226625582897032e+04 8.964532275559955465e+00 4.055341502231007422e-01 3.229167029945426546e-25
4.214795637277610069e-12 3.141643424014484117e+04 3.141643424014483753e+04 5.787731128780539080e+00 6.508287472366433013e-01 3.220081393695471154e-25
2.354028964295795049e+03 2.891733496056601507e+04 2.656330599627022093e+04 4.808193816824665845e+00 -7.370462204237580861e-02 2.143039388352358049e-22
1.628306857066677912e+04 1.380466538638823113e+04 -2.478403184278547997e+03 1.143408401561548438e+01 -1.938008523782335825e-03 1.521266084791554592e-21
2.417096949812276216e+04 5.080993502786788667e+03 -1.908997599533597531e+04 1.346009920501158774e+01 -6.362227843787109094e-02 2.415562815532481622e-21
2.627888504479355834e+04 2.741120877745604957e+03 -2.353776416704795338e+04 1.213874482200568572e+01 -7.399214634480340280e-02 2.595849769697044195e-21
2.660221680493865279e+04 2.398426770001359273e+03 -2.420379003493729397e+04 1.575774054912081779e+00 4.120971844214726260e-02 2.578168842752696728e-21
2.670956750623010521e+04 2.259545574882834899e+03 -2.445002193134726986e+04 1.015513822782219355e+00 -1.055921196703563103e-02 2.571519630778750582e-21
2.663979683882984318e+04 2.303388587164941328e+03 -2.433640825166490322e+04 8.557596939428080418e-01 7.372385414495082057e-02 2.478657879811540598e-21
2.670852004701696205e+04 2.273527971224862085e+03 -2.443499207579209906e+04 9.813183164228437283e-01 5.551370411900227037e-02 2.626804075164682930e-21
2.672095565131226977e+04 2.278188299008082595e+03 -2.444276735230418853e+04 6.913925746521317750e-01 2.552152260953981233e-02 2.636260912997776551e-21
2.664910181727093732e+04 2.280829647473789009e+03 -2.436827216979715013e+04 7.099411790889021967e-01 -6.510123375603178719e-02 2.533991215837836814e-21
2.655740082633334532e+04 2.387139375089119767e+03 -2.417026145124422692e+04 1.538648280491464293e+00 2.576294799490758125e-02 2.533823227720749990e-21
2.658952178869453201e+04 2.397428573819668145e+03 -2.419209321487486523e+04 3.196793171305682524e+00 -1.118861247769657730e-02 2.554760072127472585e-21
2.654505903068348925e+04 2.475498230245748346e+03 -2.406956080043774273e+04 1.328330631521455807e+00 2.461022511032588678e-02 2.586426862746023116e-21
2.631143888494637213e+04 2.656739356294588561e+03 -2.365469952865178493e+04 9.880708514949573251e-01 -4.838996257207758833e-02 2.560277813330922815e-21
2.628955333887645611e+04 2.764865565293848704e+03 -2.352468777358260559e+04 1.866090127705869683e+00 9.933688456593293536e-04 2.706821982720499699e-21
2.605853421400723892e+04 3.007109340756647725e+03 -2.305142487325059119e+04 2.865902299831464717e+00 2.295642793173001406e-02 2.426410391143730741e-21
2.621576373033392883e+04 2.840318933452958390e+03 -2.337544479688096908e+04 2.823516865455923952e+00 1.092659016687623635e-01 2.666705982327084261e-21
2.600556847791931796e+04 3.005891085397529423e+03 -2.299967739252178944e+04 1.754603731000766054e+00 -1.103362159559902016e-02 2.480070858764414240e-21
2.598894954805925227e+04 3.111862562906308085e+03 -2.287708698515294236e+04 2.753040526781193709e+00 1.112802300572167391e-02 2.548923018943306535e-21
2.571799913254923013e+04 3.362865593540720511e+03 -2.235513353900850780e+04 2.352332713338148196e+00 -6.023076657292882746e-02 2.562091231516944108e-21
2.569301609727999312e+04 3.462681511974294608e+03 -2.223033458530569987e+04 2.798943269324117633e+00 1.260660845060879338e-02 2.565557550179902475e-21
2.507702929564646911e+04 4.119364760241544900e+03 -2.095766453540492512e+04 4.848595586223596321e+00 -1.593802830402031925e-02 2.534613256307046726e-21
2.430973105618379486e+04 5.000611071549559711e+03 -1.930911998463423515e+04 3.244903119889857024e+00 6.053636888641903552e-02 2.462334311175933527e-21
2.310365890824126836e+04 6.315129694003811892e+03 -1.678852921423745647e+04 2.697573566442580617e+00 -6.220262732603404343e-02 2.154979225781010653e-21
2.227480156985179565e+04 7.280429356166698199e+03 -1.499437221368509745e+04 1.319440899812711798e+01 9.421366793799661188e-02 2.070017590558510495e-21
