0.000000000000000000e+00 3.141371002812070947e+04 3.141371002812070947e+04 nan 3.787295274007500012e+01 3.200172604881196543e-25
2.530197093861829292e-94 3.141229412051753025e+04 3.141229412051753025e+04 5.357789693528197716e+01 8.363016593685584255e+00 3.203330001899385917e-25
1.507069484312377322e-43 3.142156590392749422e+04 3.142156590392749422e+04 2.428356192791011736e+01 3.622261754050196458e+00 3.218792242159151106e-25
1.089608567410097123e-25 3.141955156618124238e+04 3.141955156618124238e+04 1.320705088503117430e+01 1.137138376064283918e+00 3.198136170438392852e-25
2.145279800565914156e-17 3.141363415469284155e+04 3.141363415469284155e+04 8.756022969810471679e+00 1.759862281209000623e-01 3.203633612206252141e-25
5.301663998526589114e-12 3.141456938276027358e+04 3.141456938276026995e+04 5.860186310590120407e+00 5.797616177398913218e-01 3.210212217222424974e-25
2.374706591442994068e+03 2.888908677716262537e+04 2.651438018571963039e+04 3.860160635257898321e+00 -1.189517961977337862e-01 1.935286722151601649e-22
1.645388879341582651e+04 1.362721404481865466e+04 -2.826674748597171856e+03 1.771914957426711013e+01 1.563633016590971481e-01 1.528465092427597598e-21
2.430682302084229013e+04 4.943490564603444000e+03 -1.936333245623884432e+04 1.036501440747734648e+01 -2.756507095193412582e-02 2.327628474259066417e-21
2.607610372649935016e+04 2.982207025948515820e+03 -2.309389670055083479e+04 1.141680839212401111e+01 -3.108977430511707454e-02 2.532430717461886163e-21
2.649987733033078257e+04 2.490241999837516687e+03 -2.400963533049326725e+04 6.562789368153441494e+00 4.213284188097035643e-02 2.591896869279259730e-21
2.665164172969488573e+04 2.324550217527433233e+03 -2.432709151216745158e+04 6.774698992980847656e-01 1.025669875676032822e-01 2.642634966735016643e-21
2.665712975198147615e+04 2.287985435152386799e+03 -2.436914431682908980e+04 1.305326255153749448e+00 1.566211446056351569e-02 2.597021111933822088e-21
2.663590209079075794e+04 2.299355551839260443e+03 -2.433654653895149750e+04 1.056283319772717277e+00 -2.902341516996219395e-02 2.616974324943194800e-21
2.673303184504996170e+04 2.265239993614209197e+03 -2.446779185143575160e+04 6.916852281558819593e-01 -6.082621274837982789e-02 2.558829407547715832e-21
2.666570616544707082e+04 2.307900571540109013e+03 -2.435780559390695998e+04 1.129858563041182373e+00 5.241817610067308481e-02 2.763659301697435997e-21
2.662441605905857796e+04 2.326919268684202507e+03 -2.429749679037437454e+04 8.260330966542076547e-01 -3.240468804447911317e-03 2.557949948163666222e-21
2.660669117483240552e+04 2.393960484182555319e+03 -2.421273069064984884e+04 8.365032773085628870e-01 -1.104137646459855439e-02 2.633120588407111720e-21
2.643873645805957858e+04 2.529095321026435158e+03 -2.390964113703314433e+04 2.177496403074931752e+00 -1.424907799292992293e-02 2.590160360875154468e-21
2.626443134401475618e+04 2.739434513998278362e+03 -2.352499683001647645e+04 3.135277605099080489e+00 1.843061419496255515e-01 2.479069704875595355e-21
2.606508682243908333e+04 2.959025345892858695e+03 -2.310606147654622328e+04 1.563471439610710112e+00 -3.908830993266024408e-03 2.510877143801713020e-21
2.632861131087724425e+04 2.742676785264446607e+03 -2.358593452561279628e+04 1.794485294858330304e+00 -6.275982463893117758e-02 2.569144577816304675e-21
2.615604347492518718e+04 2.862870591116583910e+03 -2.329317288380860191e+04 2.242310173827787079e+00 1.192156883525414927e-02 2.630363824107369694e-21
2.603434903027799373e+04 2.993335608752439839e+03 -2.304101342152555299e+04 2.988625317084991462e+00 3.202382060994034968e-02 2.443956711473397823e-21
2.571775260245507889e+04 3.397090318124078294e+03 -2.232066228433099968e+04 1.971663190198712501e+00 7.187465554581190519e-02 2.497082432493858484e-21
2.576456029343550472e+04 3.300264791612901718e+03 -2.246429550182260209e+04 3.685354280073182220e+00 1.034781679696820528e-01 2.692113010018266480e-21
2.571698715329086554e+04 3.405370439884217831e+03 -2.231161671340664907e+04 2.963526374519272810e+00 -5.377547171520701171e-03 2.521223189914860241e-21
2.522710578858894951e+04 3.949980461491980805e+03 -2.127712532709696825e+04 3.085791368897090603e+00 -1.486308860429877143e-01 2.458712774993574986e-21
2.442518048222939979e+04 4.880631370145219989e+03 -1.954454911208417980e+04 6.511839980372932324e+00 3.107603626516397544e-02 2.436068281942661641e-21
2.290338306000532975e+04 6.566729129904998445e+03 -1.633665393010033222e+04 5.059957182178892232e+00 -1.885924463120720596e-01 2.167003290613018740e-21
2.257076097931827098e+04 6.925227308891734538e+03 -1.564553367042653554e+04 3.940990614988505225e+00 -5.763067029253515078e-02 2.128643943407751566e-21
