0.000000000000000000e+00 3.142541640112332971e+04 3.142541640112332971e+04 nan 3.612361059253664308e+01 3.243485586227428085e-25
1.855673677920880007e-94 3.141914633852498082e+04 3.141914633852498082e+04 5.204084479741981539e+01 8.746186217677182739e+00 3.224866830728607870e-25
1.635528308616004559e-43 3.142148468349596442e+04 3.142148468349596442e+04 2.337710535631786612e+01 3.712702470976058766e+00 3.226486324762210361e-25
1.296736145883828313e-25 3.140851650927662922e+04 3.140851650927662922e+04 1.311547317883529296e+01 1.277970895954269936e+00 3.195680979410422565e-25
2.004061189640662704e-17 3.142634859302172117e+04 3.142634859302172117e+04 8.617203906687697312e+00 -2.912621214300172845e-01 3.247668641723163907e-25
8.275872799622852247e-13 3.142484678472070300e+04 3.142484678472070300e+04 5.943651890215623901e+00 6.232070022732320025e-01 3.239287332986949839e-25
2.414953836429594958e+03 2.885182055241243506e+04 2.643686671598284011e+04 4.228319697510863229e+00 -1.622796268572006817e-01 2.287766139333147128e-22
1.566814396324327026e+04 1.452540166175142258e+04 -1.142742301491847684e+03 1.433015743979372836e+01 -2.433836151890245159e-02 1.582502228301810730e-21
2.396075882270928923e+04 5.324554112993946546e+03 -1.863620470971534087e+04 1.269470138727495190e+01 2.073644611280406613e-01 2.388450494160851838e-21
2.632501014817971736e+04 2.714616082818026825e+03 -2.361039406536169190e+04 7.472111633505510220e+00 -2.019901342133249497e-02 2.624714931330998704e-21
2.664563597678079168e+04 2.364147830860574686e+03 -2.428148814592021517e+04 7.349211969168475411e-01 -7.516201432444760688e-03 2.573828374901414677e-21
2.668449870348574768e+04 2.282165291787627666e+03 -2.440233341169812047e+04 9.128372593068495577e-01 9.081939346617907971e-02 2.646815454455776443e-21
2.663013327843990919e+04 2.281643440857219503e+03 -2.434848983758268878e+04 7.539180091779759119e-01 6.918819576189554066e-02 2.638114813897276748e-21
2.665648307866312098e+04 2.294372367302453313e+03 -2.436211071136066676e+04 9.621383429818209931e-01 1.089920320261276859e-01 2.559535297534922230e-21
2.669901816858091479e+04 2.283522934665918456e+03 -2.441549523391499679e+04 8.989151757402784604e-01 4.464303948157909846e-02 2.651826034452889441e-21
2.667248660531930727e+04 2.280462394069189941e+03 -2.439202421125011824e+04 7.901207474892241178e-01 -6.823107835344745242e-02 2.625871038764574125e-21
2.672231109967219163e+04 2.257116285405026701e+03 -2.446519481426716447e+04 5.646295796456141103e-01 2.063481973086878085e-02 2.666865708509216490e-21
2.661160526842882246e+04 2.366742024155507352e+03 -2.424486324427331419e+04 4.022566768795665659e+00 8.409628070887288642e-02 2.563583014575026687e-21
2.646936038124782135e+04 2.544103568007809827e+03 -2.392525681324001198e+04 2.403060365740729676e+00 -1.113748998488085923e-01 2.612152874726834764e-21
2.625537432376417564e+04 2.750220899368533992e+03 -2.350515342439564120e+04 1.801918430443827823e+00 2.143343834814364912e-01 2.537296535560372527e-21
2.613049132667693993e+04 2.917363737466625025e+03 -2.321312758921031491e+04 2.056918386535040444e+00 7.110042278885726763e-02 2.562102139049707092e-21
2.623437577817032070e+04 2.834952981956430904e+03 -2.339942279621389025e+04 1.811797292400309400e+00 5.134839843109836183e-02 2.684758120338977841e-21
2.591324105921899900e+04 3.131370505801105537e+03 -2.278187055341789528e+04 2.251875411052805642e+00 4.089194819997427066e-02 2.559751893419063227e-21
2.611847229217901622e+04 2.925634759070847394e+03 -2.319283753310816974e+04 2.599353459049095871e+00 -7.287257910994654475e-02 2.579348404882745488e-21
2.608024719333760004e+04 2.994198660871213178e+03 -2.308604853246638595e+04 2.967938619911687947e+00 8.639289431670915675e-02 2.523408564128496680e-21
2.604537936091785741e+04 3.049838807447139970e+03 -2.299554055347071699e+04 2.234405732594343164e+00 4.371644618672657773e-02 2.479090710845612946e-21
2.513751681916165035e+04 4.068894234588902691e+03 -2.106862258457274584e+04 5.269704437522729989e+00 8.220277877540586864e-02 2.475629402084823068e-21
2.502808389057632667e+04 4.195830716294871308e+03 -2.083225317428145354e+04 2.560200410209032107e+00 5.043639502317325690e-02 2.522995338960644529e-21
2.420586882156394495e+04 5.073629499587966166e+03 -1.913223932197597969e+04 2.117418095484426388e+00 -3.189807851340506137e-03 2.270738502644942267e-21
2.324149887052509439e+04 6.167206590161841632e+03 -1.707429228036325367e+04 3.141747358771571630e+00 -5.976304808878993985e-02 2.260127032568017737e-21
2.205868514582316129e+04 7.459767133420406026e+03 -1.459891801240275527e+04 1.013458226551838770e+01 3.315311002195021201e-02 2.086821160777317549e-21
