0.000000000000000000e+00 3.141590395833831280e+04 3.141590395833831280e+04 nan 5.272042627260231740e+01 3.224211539609064561e-25
2.927417359492116897e-94 3.141465550512568007e+04 3.141465550512568007e+04 5.257060675564536467e+01 1.134508402020768436e+01 3.205003881774906864e-25
1.477232204773663187e-43 3.141607306143951064e+04 3.141607306143951064e+04 2.307264125282675238e+01 3.380881943240123366e+00 3.209220565324308673e-25
1.099560212125200315e-25 3.141866976153248106e+04 3.141866976153248106e+04 1.214233667041789566e+01 1.745337123828863746e+00 3.206513322726779989e-25
2.059505398029289567e-17 3.142870578047947492e+04 3.142870578047947492e+04 7.528810693212830252e+00 1.603185573944161646e-04 3.249424915565442454e-25
6.029947302131417676e-12 3.142943851670725780e+04 3.142943851670725053e+04 6.776753610390373161e+00 6.293647872359384721e-01 3.238214946218491720e-25
2.444706962546621980e+03 2.882146706206716772e+04 2.637676009952054665e+04 4.115416378584296986e+00 -1.660806878337673098e-01 1.257768362602855350e-22
1.642113749258352254e+04 1.366204877890015268e+04 -2.759088713683369861e+03 6.291038689975951392e+00 -2.878432473149610329e-02 8.950456138910147921e-22
2.417756049819049440e+04 5.075408048144873646e+03 -1.910215245004562166e+04 1.470522639582616087e+01 -1.085097530135290533e-01 1.364280431200888253e-21
2.616614847755036681e+04 2.895027527268091035e+03 -2.327112095028227486e+04 4.963344217479921383e+00 7.050644959228158370e-02 1.519622599936697918e-21
2.655075519998532764e+04 2.447901362407712895e+03 -2.410285383757761520e+04 7.712087823462944414e+00 -9.258243149979202002e-02 1.603546266816019649e-21
2.670628916348508210e+04 2.288464136640067863e+03 -2.441782502684501378e+04 9.170772060564319483e-01 8.247314743454332853e-02 1.592119637067938654e-21
2.669038978918070643e+04 2.278460541874499086e+03 -2.441192924730620871e+04 9.344440589960313348e-01 1.127994495898562710e-01 1.553359471899543083e-21
2.671860985485705169e+04 2.251434712436815062e+03 -2.446717514242023753e+04 1.062116707293673024e+00 -1.242893733695313863e-01 1.550194220940760204e-21
2.674192192222161611e+04 2.258357856127664036e+03 -2.448356406609395344e+04 8.785570837539199429e-01 1.170576096677812677e-01 1.567353685604889373e-21
2.662137407796190382e+04 2.362047823915182562e+03 -2.425932625404672217e+04 2.146354720263040416e+00 9.368752087820213237e-02 1.541856718132603495e-21
2.664731608304024849e+04 2.315962366306709100e+03 -2.433135371673353802e+04 1.739720382969082157e+00 5.014128767529230091e-02 1.560834362466580336e-21
2.652752742871671944e+04 2.392622650613044698e+03 -2.413490477810367520e+04 1.883979633660472830e+00 1.559200168670902241e-02 1.526963001156690770e-21
2.643137817244061080e+04 2.610729531278400373e+03 -2.382064864116220997e+04 2.082724225745145485e+00 3.051190000935296090e-02 1.529953264648798567e-21
2.635830753753719546e+04 2.686656043854815834e+03 -2.367165149368238053e+04 1.898031157375501765e+00 -8.241561194943874957e-02 1.536341879496572085e-21
2.615713658661295631e+04 2.879373542656256632e+03 -2.327776304395670013e+04 1.889813285927767872e+00 1.630056045242992205e-02 1.503400181698851320e-21
2.614472630753933845e+04 2.913195580099403742e+03 -2.323153072743993471e+04 3.342859930832720039e+00 3.722315844255413148e-02 1.499505919917932515e-21
2.602477146439390344e+04 3.019658104792345057e+03 -2.300511335960155702e+04 1.846652367503362813e+00 1.105197924130278675e-02 1.506463874286695333e-21
2.603948869462811490e+04 3.008682642431129352e+03 -2.303080605219698555e+04 1.961699838231237836e+00 5.168545057070326326e-02 1.448667954124256936e-21
2.599310678432775239e+04 3.125621293628910280e+03 -2.286748549069884029e+04 3.091179088092790739e+00 -5.742521205959082858e-02 1.481860404001945127e-21
2.552881256932763426e+04 3.617683562577852172e+03 -2.191112900674978300e+04 2.023227440050697545e+00 -1.144592632812174160e-01 1.487982176318235324e-21
2.578677016406452094e+04 3.333045463582679531e+03 -2.245372470048184186e+04 4.429786785605660526e+00 -7.157609641699050340e-02 1.544495067030931218e-21
2.472401648254568863e+04 4.531404180039216044e+03 -2.019261230250647350e+04 3.451853582424617262e+00 7.315543167880572684e-02 1.460865065967590136e-21
2.412614439657063485e+04 5.179455555948885376e+03 -1.894668884062174766e+04 2.784054418438204781e+00 -5.022647111599826825e-02 1.419280366640410934e-21
2.326677345862656875e+04 6.147899759268373600e+03 -1.711887369935819515e+04 2.686642495802195274e+00 -6.187310614476504433e-02 1.365832872533329844e-21
2.181302917783287558e+04 7.792359412450206946e+03 -1.402066976538266863e+04 3.566274527475933542e+00 2.912489881077620982e-02 1.237238206786917577e-21
