0.000000000000000000e+00 3.142293481100537610e+04 3.142293481100537610e+04 nan 3.787295274007500723e+01 3.227898604103286241e-25
2.056098705096978204e-94 3.141879548845630779e+04 3.141879548845630779e+04 5.259199883772447492e+01 7.543984811174870408e+00 3.219928819104581740e-25
1.572172686980317408e-43 3.141507314454031803e+04 3.141507314454031803e+04 2.574423312284918097e+01 3.388059677643711520e+00 3.224162488998013587e-25
1.185421910892967254e-25 3.142455273081423366e+04 3.142455273081423366e+04 1.358342758548290874e+01 1.746567066734277418e+00 3.230371866853349015e-25
1.621336789217358629e-17 3.141677647624534438e+04 3.141677647624534438e+04 8.508897848185474899e+00 -2.655401764594879643e-01 3.215386933044553225e-25
7.060846008969684698e-12 3.141387180550344419e+04 3.141387180550343692e+04 6.080667678275626820e+00 6.863828567002868697e-01 3.204783655103920544e-25
2.261287101612147580e+03 2.902795968271738093e+04 2.676667258110523471e+04 4.494614125164503982e+00 -4.226997168555412382e-02 2.171797669147151021e-22
1.660750265524563656e+04 1.346480914531517556e+04 -3.142693509930461005e+03 7.638761598251293528e+00 -2.150488071362034459e-01 1.504242176866013636e-21
2.382049982392594029e+04 5.549882602924250023e+03 -1.827061722100168845e+04 1.185957323162928567e+01 -7.269308032413396292e-02 2.339244996548514592e-21
2.594586578168015694e+04 3.095263606946070013e+03 -2.285060217473408557e+04 8.418418751979759307e+00 1.154072587595631437e-02 2.547418974205758744e-21
2.643565961681136105e+04 2.537901963496628923e+03 -2.389775765331473303e+04 6.491456954032645221e+00 1.467220390050037182e-01 2.590487393172932554e-21
2.671866286620146275e+04 2.256470572785662625e+03 -2.446219229341579921e+04 9.988046859842100167e-01 -2.238486955960444780e-02 2.662952595670103787e-21
2.665668059737717704e+04 2.277211311436316464e+03 -2.437946928594086057e+04 1.193766627663006119e+00 8.474839976305491296e-02 2.571742568011234173e-21
2.670313549099966622e+04 2.307228531704005945e+03 -2.439590695929565845e+04 1.116785058259652130e+00 8.453268982166171897e-02 2.596112125986643762e-21
2.666089041898172218e+04 2.266952958921099253e+03 -2.439393746006062429e+04 9.090651704856002047e-01 1.003110620176740214e-01 2.572703320572829063e-21
2.663908629410525100e+04 2.274068476707614082e+03 -2.436501781739763828e+04 1.130428611504777914e+00 7.064026319035836103e-03 2.511463015231890534e-21
2.666471409681830119e+04 2.303810085510285717e+03 -2.436090401130801547e+04 7.311728252455705901e-01 -1.141527906398421589e-02 2.512281736777656182e-21
2.660392304155095189e+04 2.387175434457912615e+03 -2.421674760709303882e+04 1.187050572245246682e+00 -8.721461587585394026e-02 2.570833806965199930e-21
2.656753458746922115e+04 2.422453767508705369e+03 -2.414508081996051624e+04 1.820921753555264644e+00 3.404364083370912258e-02 2.638235851763107279e-21
2.642795482223305225e+04 2.566222138806864677e+03 -2.386173268342618758e+04 5.038126130685863124e+00 -3.033551823977141074e-03 2.625593943652498936e-21
2.611021024526564725e+04 2.892712939003884912e+03 -2.321749730626176097e+04 1.607446626715580917e+00 5.311158022432380804e-02 2.547026549078911352e-21
2.620824845186890161e+04 2.828066513575932731e+03 -2.338018193829296797e+04 1.370924995560638626e+00 -1.719817259780875851e-01 2.636904916677841995e-21
2.595600482166724396e+04 3.101115312547848134e+03 -2.285488950911939537e+04 1.704656811812203188e+00 -1.316407414096985341e-02 2.658620735929593391e-21
2.606389044054413534e+04 2.943176292583030772e+03 -2.312071414796110548e+04 2.560138291817283474e+00 6.504556448700525573e-02 2.643471506885227583e-21
2.602477911340223000e+04 3.047398342393886196e+03 -2.297738077100834198e+04 1.896059547196326633e+00 3.614746879748598901e-02 2.580987515792737220e-21
2.560304552427055751e+04 3.490120801051201397e+03 -2.211292472321935566e+04 3.113213289938109529e+00 -6.882944404127842863e-02 2.437720470524667974e-21
2.551729204832903997e+04 3.646414178687612548e+03 -2.187087786964142651e+04 2.161976692800220423e+00 9.637683288889599409e-02 2.561550874047539196e-21
2.467256631860484049e+04 4.518111347793344066e+03 -2.015445497081149733e+04 2.466673730399169706e+00 4.249216913061656942e-02 2.275506019539820335e-21
2.413854260986029112e+04 5.167287531970184318e+03 -1.897125507789010589e+04 3.990871408136664744e+00 8.182156975351147221e-02 2.324670258105648320e-21
2.300241127195951049e+04 6.463078644321079992e+03 -1.653933262763843231e+04 3.787731899380368361e+00 -6.821545448655945421e-02 2.207598785833100568e-21
2.177394168443728267e+04 7.815102963635996275e+03 -1.395883872080128640e+04 3.488703057911097360e+00 -7.662858017485908724e-02 2.110566165342583020e-21
