0.000000000000000000e+00 3.141330193042532846e+04 3.141330193042532846e+04 nan 3.794200608280932130e+01 3.199815058725864115e-25
1.892157853687973021e-94 3.141770555876637081e+04 3.141770555876637081e+04 5.207542941718239859e+01 8.384005322052134446e+00 3.213363834488848054e-25
1.565729021915069010e-43 3.141516067498812845e+04 3.141516067498812845e+04 2.109084468807118284e+01 3.302675415476478360e+00 3.210042553811024453e-25
1.297928925367675344e-25 3.141827039050385429e+04 3.141827039050385429e+04 1.393128320740046888e+01 1.455295745326494972e+00 3.226694773372998333e-25
2.118292783647056124e-17 3.141371799668570020e+04 3.141371799668570020e+04 8.647384420764227642e+00 -2.819992305475060301e-01 3.206903558355593927e-25
3.657435426280400058e-12 3.140789820049760601e+04 3.140789820049760237e+04 5.786226880808082562e+00 5.929056592031687334e-01 3.175745876682764993e-25
2.346906614790497770e+03 2.891648819994603764e+04 2.656958158515553805e+04 4.160002161253447461e+00 -2.364857770378080148e-01 1.991604176931239715e-22
1.610184741486851999e+04 1.407300731273312522e+04 -2.028840102135394773e+03 9.394052564669790328e+00 -1.112908308497391890e-01 1.482200222246834727e-21
2.378724494694960595e+04 5.552002521096743294e+03 -1.823524242585286265e+04 9.656952721224110192e+00 7.457116630097850030e-02 2.286563950355833170e-21
2.611214604266786773e+04 2.871583201807560272e+03 -2.324056284086030792e+04 3.000105699810771132e+00 6.246406895095992645e-02 2.685858562430363184e-21
2.647560098231201482e+04 2.524715621738516802e+03 -2.395088536057349847e+04 6.663435535817153088e+00 -3.837441703604246857e-02 2.572978556891620606e-21
2.659242607822199716e+04 2.305088971529791252e+03 -2.428733710669220454e+04 1.243788978772882636e+00 1.728129872702988956e-01 2.538217393905003015e-21
2.665177662329627128e+04 2.287294471589865225e+03 -2.436448215170640469e+04 9.426242073611011962e-01 2.754426993907868257e-02 2.579310640522300794e-21
2.668712661836070038e+04 2.265892669761239631e+03 -2.442123394859945984e+04 5.337455513936389950e-01 -5.074234683507958948e-03 2.580525344832251819e-21
2.668212559441182748e+04 2.268776647648878225e+03 -2.441334894676294789e+04 9.893682350109739287e-01 -2.326743127067429362e-02 2.770825335861423994e-21
2.670623965780710569e+04 2.264147217231117338e+03 -2.444209244057598698e+04 7.018877254468084415e-01 -4.934696086752668985e-03 2.692357736408944033e-21
2.665004533293458735e+04 2.302441783358795419e+03 -2.434760354957579329e+04 6.283633363786343962e-01 1.386832264424836710e-02 2.754662181134248477e-21
2.654739096433938903e+04 2.436058100426939291e+03 -2.411133286391244837e+04 4.271005993149190161e+00 -7.693837061907290303e-03 2.666272549124134535e-21
2.659863303570455901e+04 2.346898835181898448e+03 -2.425173420052266010e+04 1.892671284966019662e+00 1.906890125357190435e-01 2.517233925877472687e-21
2.639340648543747739e+04 2.609444010600654565e+03 -2.378396247483682237e+04 1.503636926261031403e+00 3.147820750858649347e-02 2.666856006498058213e-21
2.632496399953566288e+04 2.714069209003840115e+03 -2.361089479053182367e+04 1.945839920575537230e+00 2.871728572902627896e-02 2.556679259450089198e-21
2.621537435672144420e+04 2.816333166328035077e+03 -2.339904119039340731e+04 1.547828534827531355e+00 -3.157777770057056815e-02 2.689380718195461559e-21
2.606473409770835497e+04 2.959424129653171349e+03 -2.310530996805518225e+04 3.354881829079658928e+00 -3.700044543181235657e-02 2.517839463785469203e-21
2.620777387546253885e+04 2.821244328906885130e+03 -2.338652954655565554e+04 2.392240061640861004e+00 1.180915046442384542e-01 2.579965281976348082e-21
2.611301433350065781e+04 2.935380434520338440e+03 -2.317763389898031892e+04 2.982995863719576146e+00 9.300447191784511070e-02 2.535834380410782985e-21
2.563182675877487418e+04 3.424947934225211611e+03 -2.220687882454966166e+04 2.985277416186184585e+00 -1.353164611671661965e-01 2.568591844363173746e-21
2.528032823981624824e+04 3.888912057465719045e+03 -2.139141618235052738e+04 2.650480383787931604e+00 5.531863628786645032e-02 2.558325514749134286e-21
2.508244582909554447e+04 4.148195140837329745e+03 -2.093425068825821654e+04 1.789799298062980215e+00 -1.027227929726951122e-01 2.582174475837004371e-21
2.434920777027209988e+04 4.950057904391880584e+03 -1.939914986588021929e+04 5.375765331542130099e+00 -5.307012899380166709e-02 2.406935436747864064e-21
2.369586077690423917e+04 5.711689772240305501e+03 -1.798417100466393458e+04 4.240111563807306361e+00 8.137556982706854736e-02 2.431500787379559319e-21
2.228011218079362516e+04 7.244663991082581560e+03 -1.503544818971104360e+04 3.833125118238420725e+00 -2.280206462881121179e-02 2.092182957677300791e-21
