0.000000000000000000e+00 3.141839612215399029e+04 3.141839612215399029e+04 nan 3.592598875400133096e+01 3.214682316928290097e-25
1.559427083824705432e-94 3.141636162728797717e+04 3.141636162728797717e+04 5.371754025937436694e+01 6.819631449452079330e+00 3.204451618830733338e-25
1.593647750970652313e-43 3.141493119023778854e+04 3.141493119023778854e+04 2.290982042562784571e+01 3.389802045932282848e+00 3.213666980060759306e-25
1.071356376644540529e-25 3.141222690320192123e+04 3.141222690320192123e+04 1.212812268863024734e+01 1.571750571439753275e+00 3.211498125026160374e-25
2.313508918902510930e-17 3.142273688239525291e+04 3.142273688239525291e+04 8.233315151105751184e+00 1.347857722938079761e-01 3.218233166435424706e-25
5.443810497852376890e-12 3.141700433226396854e+04 3.141700433226396490e+04 6.109602384981555723e+00 4.236246653627899761e-01 3.210211994895234350e-25
2.428926573417169038e+03 2.885879496538407329e+04 2.642986839196690562e+04 4.409202636808508657e+00 -1.196433404302133102e-01 1.313518756738456598e-22
1.665070008205216436e+04 1.339865506865849784e+04 -3.252045013393666522e+03 1.053580817576884066e+01 -4.811228259827719095e-02 9.341861006552940915e-22
2.428446084720387807e+04 4.960988932223110169e+03 -1.932347191498076791e+04 1.151163974911774623e+01 1.658710805860672552e-03 1.384217690141124408e-21
2.603643672412673914e+04 2.972292178611490726e+03 -2.306414454551524977e+04 9.028503866503781339e+00 1.390959596666991593e-01 1.508145394125091190e-21
2.667856510801974946e+04 2.313943814851851130e+03 -2.436462129316789651e+04 7.414800697815794317e-01 7.466327183656656756e-03 1.559870660099387246e-21
2.667133984253799281e+04 2.303782709830490148e+03 -2.436755713270750130e+04 4.083141776388958810e+00 -1.398570560758600817e-03 1.557192988132492279e-21
2.664241485420862227e+04 2.278783469104680989e+03 -2.436363138510394128e+04 8.188089757839721594e-01 -2.750457922426716162e-02 1.471294436511910918e-21
2.671588677555449976e+04 2.262268010683599641e+03 -2.445361876487090194e+04 7.813017122187210228e-01 -1.841495508675947967e-01 1.517039279424896772e-21
2.671966748506119256e+04 2.273145372960973873e+03 -2.444652211210021778e+04 4.654451015588478668e+01 1.176922268340774846e-01 1.569214863142761935e-21
2.673277217248414308e+04 2.262267969242259824e+03 -2.447050420324188235e+04 7.441353728001102175e-01 -2.383057615216987654e-02 1.507440109080559262e-21
2.671726487178096795e+04 2.282866656116620561e+03 -2.443439821566434694e+04 1.084509524948628956e+00 6.975811112961534388e-02 1.520640884749329879e-21
2.661525516500174126e+04 2.348974179450745851e+03 -2.426628098555099496e+04 1.043705043397498367e+00 -3.691950544129756276e-03 1.517491596705760217e-21
2.649877939915074239e+04 2.514527079345945367e+03 -2.398425231980479657e+04 2.774268783777183334e+00 1.564400077727377825e-02 1.539342660407293417e-21
2.630503702318855721e+04 2.723027296162361381e+03 -2.358200972702619765e+04 3.854329475222115775e+00 -1.375131163749185592e-01 1.535280891560416736e-21
2.630888685231638010e+04 2.725400853489822111e+03 -2.358348599882655981e+04 1.509737451666339325e+00 -2.182975052287771181e-02 1.576608672529190771e-21
2.610001660389151220e+04 2.964417672210574437e+03 -2.313559893168093913e+04 3.440823146799779408e+00 -1.818445312922453427e-01 1.512404236920392583e-21
2.614429851964326372e+04 2.907758723750403988e+03 -2.323653979589285882e+04 2.657108269236049036e+00 4.743083390022779372e-02 1.511983605884092757e-21
2.564912913075512188e+04 3.382288122595884033e+03 -2.226684100815923739e+04 3.648473760766530294e+00 6.351006220084624843e-02 1.459849187575623323e-21
2.599012645744502152e+04 3.034098792177024279e+03 -2.295602766526799678e+04 1.570786810980762560e+00 -9.951498267308329926e-02 1.541985930276425992e-21
2.581631708906487620e+04 3.270595556649522678e+03 -2.254572153241535489e+04 1.644022280189293417e+00 5.804267537742079791e-02 1.494810232915352472e-21
2.549326566398074647e+04 3.645125416343967572e+03 -2.184814024763678026e+04 2.815189523863260490e+00 5.214028377196577857e-02 1.500185720553156244e-21
2.456940428141379380e+04 4.662886938790982640e+03 -1.990651734262281025e+04 4.689090836903925918e+00 -2.267479012236584338e-04 1.430891468963707256e-21
2.417309040954639568e+04 5.069229595636078557e+03 -1.910386081391031621e+04 3.578090249530276878e+00 1.625355065696950166e-02 1.358292203346139757e-21
2.373388530884725697e+04 5.619455582929797856e+03 -1.811442972591746002e+04 4.424415781602964337e+00 1.855242363001455980e-02 1.371377445431579310e-21
2.257780179790273542e+04 6.932618278345684303e+03 -1.564518351955705111e+04 4.018069129357201952e+00 -1.590003857544843302e-01 1.304534997992496030e-21
