0.000000000000000000e+00 3.141285903157040593e+04 3.141285903157040593e+04 nan 3.767071291354071150e+01 3.193015565647670349e-25
2.107047105512351239e-94 3.141117419444139523e+04 3.141117419444139523e+04 4.679419365762539229e+01 8.354597258661497605e+00 3.204056371584590221e-25
1.623756203236899539e-43 3.141668584064352399e+04 3.141668584064352399e+04 2.278259925488596593e+01 3.299489806961478422e+00 3.216253584816085659e-25
1.139533026026290398e-25 3.141455441073278052e+04 3.141455441073278052e+04 1.289934480706308051e+01 1.766517415661693846e+00 3.201553438977742095e-25
2.318771678925585969e-17 3.141927656435871177e+04 3.141927656435871177e+04 8.431371736906555725e+00 4.187274694194099145e-01 3.225805285400144327e-25
1.588538647249641147e-11 3.142055087051459122e+04 3.142055087051457667e+04 6.673814030956443766e+00 8.961146320925846842e-01 3.222099636853707231e-25
2.270544224232701708e+03 2.901122311799655290e+04 2.674067889376385210e+04 4.320415474142617285e+00 -1.417300241789983539e-01 2.096046628596899901e-22
1.631507094951039107e+04 1.379309934937847174e+04 -2.521971600131919331e+03 1.350244133424212301e+01 2.763183589013587169e-02 1.527708531362477116e-21
2.451018132349465668e+04 4.695296677847933097e+03 -1.981488464564672176e+04 1.445831350964291140e+01 -7.011781934797813032e-02 2.369027972393435666e-21
2.633300117453947678e+04 2.663411574724571437e+03 -2.366958959981490625e+04 9.882535700250420163e+00 -6.208622903672109811e-02 2.505070707751094077e-21
2.647182541331145694e+04 2.423159321211337101e+03 -2.404866609210012030e+04 4.093885489036683367e+00 5.072164158923780919e-02 2.453973457945824246e-21
2.665558515195476139e+04 2.322556039129965939e+03 -2.433302911282479545e+04 6.075907759959225940e-01 3.488168053630098103e-02 2.656947914925919769e-21
2.671558479834945683e+04 2.267903634091508593e+03 -2.444768116425794869e+04 5.618991615904781467e-01 -7.079085411321381360e-02 2.602059439901066215e-21
2.667850856990698230e+04 2.278977035010306281e+03 -2.439953153489667602e+04 9.545647142984760025e-01 8.473833949391283704e-02 2.670834190331874819e-21
2.666937476364855320e+04 2.280328025966333371e+03 -2.438904673768221983e+04 1.398238630749796485e+00 -2.667789663040391959e-02 2.724928390288967660e-21
2.662051898338514366e+04 2.283882687293118124e+03 -2.433663629609202690e+04 1.013371615979149709e+00 1.427532812726831912e-01 2.635603787628800093e-21
2.661804063897795641e+04 2.366582936420229544e+03 -2.425145770255772732e+04 2.324708294264011155e+00 1.154662408512796556e-01 2.620380093968491892e-21
2.655219376634812579e+04 2.449268282702793385e+03 -2.410292548364533286e+04 2.332860549120890692e+00 6.410002080268777103e-02 2.540295266840830360e-21
2.644962875124340644e+04 2.573223473674471279e+03 -2.387640527756893425e+04 1.927681669909109274e+00 4.314626225319581621e-02 2.717738447676233643e-21
2.629239062601334444e+04 2.708680621978993713e+03 -2.358371000403435028e+04 2.215470129260752596e+00 1.033629917556605077e-01 2.595349422605436129e-21
2.620115437191313686e+04 2.850334480847609484e+03 -2.335081989106552646e+04 1.864977278168383323e+00 -4.452660967720307311e-03 2.520157949272370331e-21
2.595775570842074012e+04 3.047515568441562209e+03 -2.291024013997917791e+04 2.536428253519402709e+00 -1.247987675808318597e-01 2.555795005931342826e-21
2.593794297562674910e+04 3.068137540682299914e+03 -2.286980543494445010e+04 2.658091696055827402e+00 -2.696428357899829376e-01 2.518437499089307047e-21
2.621326401673831788e+04 2.817382073778228914e+03 -2.339588194296008805e+04 3.338254894167198117e+00 4.032628174710049113e-02 2.611585838575944845e-21
2.613103769364959589e+04 2.936866890788309320e+03 -2.319417080286128476e+04 1.915696154957593933e+00 -2.525644670908063286e-02 2.551514042763948579e-21
2.593169065875325759e+04 3.106507073588731600e+03 -2.282518358516452645e+04 2.342501872637053228e+00 8.826473932964908065e-02 2.635359034331360786e-21
2.541349520413097343e+04 3.754165349776329549e+03 -2.165932985435464434e+04 3.601564096599594311e+00 2.355636005104156938e-01 2.465882946224336281e-21
2.505112326943530934e+04 4.157605430648758556e+03 -2.089351783878655260e+04 3.539043941342397748e+00 3.416018106134233179e-02 2.573718703492667063e-21
2.399338299952953093e+04 5.307472547532018325e+03 -1.868591045199751170e+04 2.843696109764627167e+00 -2.071621461554895571e-02 2.434141073530901322e-21
2.335922798130304363e+04 6.064739278139179987e+03 -1.729448870316386456e+04 4.562406562403285015e+00 -1.433094365137262995e-02 2.298706861452663354e-21
2.229582257196222781e+04 7.194975531315110857e+03 -1.510084704064711696e+04 4.780073560724032333e+00 -4.472984513961228425e-02 2.160091797518066614e-21
