0.000000000000000000e+00 3.142166886336799871e+04 3.142166886336799871e+04 nan 3.756959134379287235e+01 3.220136159462719843e-25
2.431755139139856703e-94 3.141164568747647718e+04 3.141164568747647718e+04 5.076170864347808021e+01 8.745268877550367748e+00 3.206459526408622628e-25
1.240420418013318934e-43 3.141023218979082958e+04 3.141023218979082958e+04 2.254328650279417090e+01 3.370430592466120867e+00 3.199162941887482210e-25
1.138142912840527359e-25 3.141902460736708599e+04 3.141902460736708599e+04 1.255095816909977025e+01 1.759801236550196490e+00 3.219996660413409171e-25
2.130362643915214911e-17 3.142686419410872622e+04 3.142686419410872622e+04 8.194947097712256934e+00 1.601031397077482270e-04 3.223144757924821802e-25
2.661239460612465376e-11 3.141558074900866268e+04 3.141558074900863721e+04 6.266315338089765596e+00 7.147986574176256047e-01 3.212530571868320547e-25
2.381127341205714401e+03 2.888432460120474570e+04 2.650319725999903312e+04 4.596410047536423349e+00 -1.169415779026660857e-01 2.278969931206702299e-22
1.667465145763940382e+04 1.342794643433097008e+04 -3.246705023308433738e+03 1.117320002225807229e+01 1.833385674581180236e-01 1.570361743581762955e-21
2.424032136833504046e+04 5.001869531038406421e+03 -1.923845183729663404e+04 7.003439770200880155e+00 -2.416326962654103891e-02 2.312318721199433384e-21
2.597496348083575867e+04 3.015640700847930475e+03 -2.295932277998782956e+04 1.643459612075207632e+00 4.624148651114818979e-03 2.450715161465183984e-21
2.656933997173699390e+04 2.353625543399416983e+03 -2.421571442833757828e+04 6.255728003007750893e+00 1.381585625676492735e-01 2.568125773496992002e-21
2.661454850767204698e+04 2.317562381115418702e+03 -2.429698612655662873e+04 7.787834404422061541e-01 -1.710931875030189675e-01 2.561698427793867103e-21
2.670101995285402154e+04 2.255083356625824308e+03 -2.444593659622819541e+04 8.820882552418027878e-01 1.078533639249741327e-01 2.592690144263707636e-21
2.665038235092469040e+04 2.283906997382758163e+03 -2.436647535354193315e+04 7.559443888292101121e-01 -5.010040022066378912e-02 2.652322901439262987e-21
2.668682587211427744e+04 2.266146366937392031e+03 -2.442067950517688587e+04 7.738730591753717469e-01 1.372964364183656277e-03 2.574205814349976127e-21
2.672360704667199752e+04 2.251899054734512902e+03 -2.447170799193748462e+04 8.590329268169855093e-01 4.092666349167593115e-02 2.641736982930305880e-21
2.669813012281901683e+04 2.258442504264502986e+03 -2.443968761855451521e+04 1.878557683604350714e+00 1.402829066931602087e-01 2.606926982352265408e-21
2.657190538817497509e+04 2.421907813905833791e+03 -2.414999757426914221e+04 1.228863059846701189e+00 -2.192725928457051054e-02 2.572175258260681089e-21
2.663087456514378573e+04 2.399837018944659121e+03 -2.423103754619912797e+04 2.605700299351424665e+00 -5.818891790133318663e-03 2.635670116377486234e-21
2.640517340522798622e+04 2.607789599485017334e+03 -2.379738380574296752e+04 1.946185112210144119e+00 1.080546672773933237e-01 2.648631929896316062e-21
2.628277850056866373e+04 2.777668850028303950e+03 -2.350510965054035842e+04 2.375174811637588146e+00 -3.284200014831233777e-02 2.654790763645138312e-21
2.624584568971225599e+04 2.817418886368401218e+03 -2.342842680334385659e+04 1.720830043220361150e+00 5.134697049848077621e-02 2.647343444703028625e-21
2.621538464419836964e+04 2.791671523475214599e+03 -2.342371312072315413e+04 1.943808195963833585e+00 -9.366327267500029752e-02 2.601972044198640160e-21
2.607859256013487175e+04 2.930557266405415703e+03 -2.314803529372945559e+04 2.501932940593523558e+00 -1.007127475419216656e-01 2.570507660058361347e-21
2.590282123001776927e+04 3.160689999958882709e+03 -2.274213123005888701e+04 3.243345921764527962e+00 2.785109010708286190e-02 2.569695058487053276e-21
2.555400641590178566e+04 3.536279610953009069e+03 -2.201772680494877568e+04 2.775900575552797900e+00 -2.863139236027011092e-03 2.570283478653151373e-21
2.521811334572109627e+04 3.926169755316740975e+03 -2.129194359040435666e+04 2.878506161738005886e+00 -6.414518241524884423e-02 2.612751561964447888e-21
2.464887324896101927e+04 4.579746987601743967e+03 -2.006912626135927712e+04 2.969259976653638944e+00 -5.278917544222868491e-02 2.570336408686567464e-21
2.439251782940080375e+04 4.886339129736079485e+03 -1.950617869966472426e+04 3.073160370103449335e+00 1.161291366556949090e-01 2.407526769260021133e-21
2.308617119564551831e+04 6.380346269901627238e+03 -1.670582492574389107e+04 3.430419158854481676e+00 -1.364164889013084678e-03 2.284332776335172616e-21
2.252624739878907712e+04 7.002243366749950837e+03 -1.552400403203912720e+04 7.668649374121893736e+00 -8.407095095505268123e-02 2.134619583231180898e-21
