0.000000000000000000e+00 3.142072498405776787e+04 3.142072498405776787e+04 nan 3.305707250574393896e+01 3.219896255086495678e-25
1.918622839792546295e-94 3.142569849136899575e+04 3.142569849136899575e+04 5.120532891697311584e+01 8.380899117653047625e+00 3.235372665596299387e-25
1.665795750695335644e-43 3.141612398628360825e+04 3.141612398628360825e+04 2.334121226992580489e+01 3.339331796104371808e+00 3.211113816063119900e-25
1.131832034582516855e-25 3.141774405020572158e+04 3.141774405020572158e+04 1.369806308127526329e+01 1.752439831342855081e+00 3.221617297992228672e-25
2.181867464363602494e-17 3.141360191379729076e+04 3.141360191379729076e+04 8.591664610416202663e+00 3.778361519055892792e-01 3.208691698199664856e-25
4.694473692466251839e-12 3.141776853201991253e+04 3.141776853201990889e+04 5.699501669787337299e+00 5.284123091402964656e-01 3.211636638584766471e-25
2.161825889148044098e+03 2.911614456728804726e+04 2.695431867814000361e+04 4.049559139597627144e+00 -1.490236722324533580e-01 1.144885315949682671e-22
1.674051171411900941e+04 1.339748816105471997e+04 -3.343023553064289445e+03 9.116378137393299497e+00 5.522692192359834884e-02 9.629159217408758072e-22
2.382689752020756714e+04 5.499778161706653918e+03 -1.832711935850091322e+04 9.595948615279761285e+00 -1.629680220177140773e-02 1.394545258011234590e-21
2.619567168510721604e+04 2.837975175142380522e+03 -2.335769650996483688e+04 6.970296840125350002e+00 8.226397703401335318e-03 1.439137093074219899e-21
2.668131864170497283e+04 2.316156546054516184e+03 -2.436516209565045574e+04 7.051168813917848555e-01 4.625753483794808711e-03 1.524367352985292879e-21
2.666141844286122432e+04 2.261016689673650035e+03 -2.440040175318757247e+04 1.581795398088014393e+00 -9.620065921246828688e-02 1.512113957279762230e-21
2.671377475051174770e+04 2.262259468853558246e+03 -2.445151528165819036e+04 7.517861918246763198e-01 -5.024226377831556706e-02 1.534010576723613919e-21
2.669839226128243899e+04 2.269248334766193238e+03 -2.442914392651624439e+04 9.672826279509886271e-01 6.963383592642501119e-02 1.502784399890739903e-21
2.669811257113896136e+04 2.265856363651548236e+03 -2.443225620748741494e+04 8.711798779389990921e-01 1.073163159175887643e-01 1.509041094650377449e-21
2.666499932214830187e+04 2.273540494106604910e+03 -2.439145882804169742e+04 1.159504675744140068e+00 9.969725566355332191e-02 1.502490107435344014e-21
2.660852105205046246e+04 2.337542139907716773e+03 -2.427097891214274568e+04 2.104775456167880421e+00 6.573410047900518638e-02 1.510156045328956376e-21
2.654146625649892303e+04 2.409992410709918204e+03 -2.413147384578900528e+04 2.600075968170050711e+00 -2.794213381843115365e-02 1.502597039639980636e-21
2.656499094124145995e+04 2.448748182064211051e+03 -2.411624275917725026e+04 1.028625618184312085e+00 2.387465592578559212e-02 1.519449757114092393e-21
2.634126569092681166e+04 2.663849749175969464e+03 -2.367741594175084174e+04 1.164874379880035393e+00 -5.683614310476153841e-02 1.486166247110935075e-21
2.633649334722694402e+04 2.683631897998626300e+03 -2.365286144922831591e+04 1.999561418367823640e+00 -7.719841712548020096e-02 1.516659807949421531e-21
2.582771797625975523e+04 3.252395750386407599e+03 -2.257532222587334763e+04 1.916442546024946347e+00 -9.825342597394810806e-02 1.529655192959121816e-21
2.606282727580388382e+04 3.028802725517302861e+03 -2.303402455028658005e+04 1.967914303569159529e+00 1.701338752465244575e-01 1.573858960859920513e-21
2.619581832344480426e+04 2.886258698850283508e+03 -2.330955962459451985e+04 2.345818249543936584e+00 6.844603220250167208e-02 1.516065549493360683e-21
2.612931102964447928e+04 2.919595604085510786e+03 -2.320971542555897031e+04 2.584080723478360042e+00 5.660873136409572820e-02 1.496868986912748194e-21
2.560175032523700065e+04 3.462521629592783029e+03 -2.213922869564421853e+04 5.097582979156261018e+00 -5.268775724145630113e-02 1.423691196528634602e-21
2.544356285418212792e+04 3.704585410128656349e+03 -2.173897744405347112e+04 6.678070468047952346e+00 2.010960424496258808e-02 1.503726586803727666e-21
2.441116000479153081e+04 4.824248627474218665e+03 -1.958691137731731214e+04 3.409318861067323070e+00 1.480156073635480463e-01 1.395911763308459509e-21
2.435816902292746818e+04 4.931354515143541903e+03 -1.942681450778392536e+04 5.937470602075110016e+00 -1.122718893506722826e-01 1.402785200270589682e-21
2.349038528110862171e+04 5.894801251616227091e+03 -1.759558402949239462e+04 3.352044244151745733e+00 7.699417790585313948e-02 1.341579206910339287e-21
2.283371627356035242e+04 6.680637867776186795e+03 -1.615307840578416653e+04 3.220443128681888201e+00 -2.192863823004543578e-01 1.301929305617443584e-21
