0.000000000000000000e+00 3.142395393019601397e+04 3.142395393019601397e+04 nan 3.141347106107311404e+01 3.228849624183810100e-25
2.166679065165234513e-94 3.141954453482453755e+04 3.141954453482453755e+04 5.311301712900666416e+01 8.379797622809959989e+00 3.220190129013497593e-25
1.635454035014981741e-43 3.141823486591317123e+04 3.141823486591317123e+04 2.306195086242956904e+01 3.614225647796993623e+00 3.222245529665639588e-25
1.131282095188588107e-25 3.141248496140444331e+04 3.141248496140444331e+04 1.633242304450216409e+01 1.292701449293671034e+00 3.212998215921450687e-25
2.182242334732966785e-17 3.141725664343167955e+04 3.141725664343167955e+04 7.783233494950345666e+00 -4.190785530052725250e-01 3.215255389096862809e-25
2.203227720050599210e-11 3.141379265294507059e+04 3.141379265294504876e+04 6.673879028421033865e+00 6.287365808702756187e-01 3.211745570017335161e-25
2.357440554139068354e+03 2.888843481721888747e+04 2.653099426307981776e+04 4.628110356192686403e+00 -2.473181741742875861e-01 1.997534194111301579e-22
1.600116628296329873e+04 1.413451841876551589e+04 -1.866647864197782837e+03 9.594550729128989985e+00 1.262114656756022912e-01 1.564111068930000150e-21
2.405952181804112843e+04 5.182805178633080686e+03 -1.887671663940804865e+04 1.165958656986293640e+01 1.183897039935306178e-01 2.287306110884910024e-21
2.638658545777652398e+04 2.609980406595618661e+03 -2.377660505118090441e+04 7.305722651752842189e+00 -7.514585546988523761e-03 2.556173996703827665e-21
2.652117202071194333e+04 2.458911054942481314e+03 -2.406226096576946293e+04 8.190809273273265134e+00 -6.081773931110778103e-02 2.756287702529737972e-21
2.671070653563920132e+04 2.286184029766796357e+03 -2.442452250587240633e+04 7.262720995555422832e+00 9.517018417025684129e-02 2.682003310950833179e-21
2.667186774767263341e+04 2.285086789345093166e+03 -2.438678095832754116e+04 7.833352486168422280e-01 1.491748811333246105e-01 2.626306019601851463e-21
2.666622963250551402e+04 2.280382036964530016e+03 -2.438584759554098491e+04 9.159455108344545238e-01 1.121407436419971232e-01 2.682779476448199397e-21
2.667182124989330259e+04 2.274175784783914423e+03 -2.439764546510938817e+04 1.044457547431864919e+00 -3.711929924806645076e-02 2.552974383592867289e-21
2.665066282090459572e+04 2.288230958170137001e+03 -2.436243186273445826e+04 1.424338479750071551e+00 -7.937494338433009888e-02 2.651777795895777847e-21
2.668052690032267492e+04 2.285744152853636024e+03 -2.439478274746903844e+04 1.389236430836152225e+00 -1.572346344134996909e-01 2.553553648314715723e-21
2.658823486166942166e+04 2.405031799534226593e+03 -2.418320306213519507e+04 1.213157716335060643e+00 1.048615459648174174e-02 2.655881888311752830e-21
2.652298175880409690e+04 2.480573829381238738e+03 -2.404240792942285771e+04 1.081388862092445446e+00 9.463384725496055971e-02 2.608325839772832310e-21
2.622549704380692128e+04 2.802962221555987071e+03 -2.342253482225093467e+04 6.037730431271673304e+00 1.839312249750558667e-02 2.746470998933928049e-21
2.628317549740864706e+04 2.816041054513275412e+03 -2.346713444289537074e+04 1.529374293939818941e+00 5.182681496260856807e-02 2.680997432502193922e-21
2.609677803078388388e+04 2.962853695921668987e+03 -2.313392433486221489e+04 3.914233821476563069e+00 6.119780125218710065e-02 2.572047587968377105e-21
2.598453192901578586e+04 2.990411543734655879e+03 -2.299412038528113044e+04 5.290289435541465579e+00 -7.900239094017970365e-02 2.440344340385811685e-21
2.592440815679970547e+04 3.164988157680179938e+03 -2.275941999911952735e+04 1.813656333665077725e+00 -5.994843318803868421e-02 2.583431943083540955e-21
2.593073132074053137e+04 3.139292574718714150e+03 -2.279143874602181677e+04 3.446266965437656093e+00 -3.784999728837068478e-02 2.579449337313627879e-21
2.564731639470207301e+04 3.433707348851398365e+03 -2.221360904585067328e+04 2.080316227699382736e+00 -5.362279057386217657e-02 2.533073600511708169e-21
2.553361864450469511e+04 3.635066278013807732e+03 -2.189855236649088693e+04 3.495892810396545425e+00 4.976388541084140332e-02 2.419105447352257455e-21
2.467744978423733119e+04 4.495171727294998163e+03 -2.018227805694233393e+04 2.887834196752991911e+00 -4.874875571661112933e-02 2.376480862473013104e-21
2.377272589913138290e+04 5.593472311654369150e+03 -1.817925358747701466e+04 8.220521139442432457e+00 -5.486442362106099674e-02 2.379702586666657338e-21
2.359029734145956536e+04 5.758745836718374449e+03 -1.783155150474119000e+04 4.345796928646720403e+00 -1.039717707228257210e-01 2.387702340954546728e-21
2.258107577091448547e+04 6.919025816578442573e+03 -1.566204995433604199e+04 4.030735730259753957e+00 9.974539500762658051e-02 2.148387111039211415e-21
