0.000000000000000000e+00 3.141656886273027339e+04 3.141656886273027339e+04 nan 3.592598877647760958e+01 3.202957231312460466e-25
1.757204091643450809e-94 3.142503607481582367e+04 3.142503607481582367e+04 6.138588341647277957e+01 7.543052416037927976e+00 3.234251610421825139e-25
1.431486422567686484e-43 3.141825412508176669e+04 3.141825412508176669e+04 2.220984446108931820e+01 3.402151912261386801e+00 3.213640925353773681e-25
9.201575167440763980e-26 3.140772879693844152e+04 3.140772879693844152e+04 1.288745023334426065e+01 1.229895805034791456e+00 3.189520257495988059e-25
2.346130857212888654e-17 3.141647447526302858e+04 3.141647447526302858e+04 7.749842933784925947e+00 7.836628016931201923e-02 3.202240489615722645e-25
2.868452553183450448e-12 3.141124083938051626e+04 3.141124083938051263e+04 6.772164811919702210e+00 5.606222773274341931e-01 3.204508000858735306e-25
2.132432269705905583e+03 2.915750209005688885e+04 2.702506982035098190e+04 3.938637772054644159e+00 -1.344944128518709980e-01 1.739719255211795319e-22
1.641559382662009375e+04 1.369636442322603580e+04 -2.719229403394057954e+03 1.291635571760701851e+01 -6.789072871232704198e-02 1.543021864013410579e-21
2.385952173800576566e+04 5.456774852158358044e+03 -1.840274688584740943e+04 1.651687371930352910e+01 3.882247574865917150e-02 2.342861253400445809e-21
2.624427155213321021e+04 2.764029118702978849e+03 -2.348024243343023045e+04 7.964037981112738862e+00 7.232406703641401473e-03 2.649828306956941726e-21
2.663630378503516476e+04 2.321123769722773886e+03 -2.431518001531239133e+04 7.809424362347416881e-01 3.663843860299265814e-02 2.601104500304140668e-21
2.664571026006890315e+04 2.322040994159499405e+03 -2.432366926590940420e+04 3.457943741276160221e+00 1.187848832122516927e-02 2.671813586065562144e-21
2.668052788702528778e+04 2.261651548657274816e+03 -2.441887633836801251e+04 5.686084884964740516e-01 4.520513340868433788e-02 2.615389519055616003e-21
2.675422217657010333e+04 2.256186305405397889e+03 -2.449803587116470590e+04 6.541243686898320364e-01 1.900881211594473638e-02 2.647851887397499121e-21
2.667735397787791226e+04 2.272296673082910274e+03 -2.440505730479500198e+04 8.859033124131961978e-01 8.375748156791928967e-02 2.543614755896031142e-21
2.674680002076414530e+04 2.244064960451994466e+03 -2.450273506031215220e+04 7.351488971709413400e-01 9.032754826657313219e-02 2.621207034892310925e-21
2.663590030025201850e+04 2.343110012888375877e+03 -2.429279028736364126e+04 1.022191923721723184e+00 7.950549277028344519e-02 2.453522694346133669e-21
2.652631487461880533e+04 2.437385111708687873e+03 -2.408892976291011655e+04 1.452813004703390476e+00 -3.041217511840637114e-02 2.610543232450889420e-21
2.657608094207448448e+04 2.454317757115765289e+03 -2.412176318495871965e+04 2.162048599898858559e+00 1.126119423373657565e-02 2.638682935415193674e-21
2.643750006567304081e+04 2.557465023908440344e+03 -2.388003504176460046e+04 2.615240125807943183e+00 -4.764486729197666554e-02 2.604114198478084214e-21
2.634631819778693171e+04 2.694779241624415135e+03 -2.365153895616251612e+04 1.621535617051589995e+00 -6.383748553647101975e-02 2.590487408475428863e-21
2.631074342444634749e+04 2.726553932003462251e+03 -2.358418949244288524e+04 1.642008497788687071e+00 1.232815201632947860e-01 2.642520629683667709e-21
2.601780168747290736e+04 2.996378767837200940e+03 -2.302142291963570460e+04 2.234201276585029206e+00 -1.313432401866626298e-01 2.711538819710210542e-21
2.632398083938984564e+04 2.744959787786890956e+03 -2.357902105160295469e+04 1.746737455609391310e+00 1.089639841903230905e-01 2.633800942168002062e-21
2.593240057940642146e+04 3.106010816035171956e+03 -2.282638976337124768e+04 1.845399968031894433e+00 8.183511479639421493e-02 2.650403209574893471e-21
2.559334764373769940e+04 3.527320026118567512e+03 -2.206602761761913280e+04 4.054944371350825527e+00 1.987137351588503728e-02 2.546720657393986072e-21
2.546580766941536785e+04 3.708118914849307203e+03 -2.175768875456606111e+04 3.223837861956703410e+00 -3.092573975991508642e-02 2.528388732764975019e-21
2.524706466465475023e+04 3.950260820882776443e+03 -2.129680384377197333e+04 5.254745984032553885e+00 -4.705153209099985356e-02 2.574850217213156644e-21
2.394638083291846851e+04 5.372247797646323306e+03 -1.857413303527214521e+04 2.727829584517966310e+00 -7.984065078789683023e-02 2.394069151571156626e-21
2.340054903346411447e+04 5.950794313019277979e+03 -1.744975472044483467e+04 3.055834030667897494e+00 -1.554167454698018036e-01 2.344989866776493247e-21
2.249780288125039078e+04 6.964306319546256418e+03 -1.553349656170413436e+04 3.706237516069951443e+00 -1.551002192744257123e-02 2.127144556702354116e-21
