0.000000000000000000e+00 3.141223407530463373e+04 3.141223407530463373e+04 nan 3.078202896331574223e+01 3.205597861453141150e-25
2.628906968995737985e-94 3.141526909194391192e+04 3.141526909194391192e+04 4.798479791708473385e+01 7.574926735109518638e+00 3.211771473814182459e-25
1.561004543599486654e-43 3.141955306340660172e+04 3.141955306340660172e+04 2.296907086717397206e+01 3.484854709602179579e+00 3.223498317712826984e-25
1.072552226192374740e-25 3.141510750679664852e+04 3.141510750679664852e+04 1.191296930718718272e+01 1.757986709319825147e+00 3.205913993147066077e-25
2.099053086129432320e-17 3.141427503227147463e+04 3.141427503227147463e+04 8.212514883654341347e+00 2.988187827464348634e-01 3.192823430534266583e-25
7.290121296908619643e-12 3.141868576669808317e+04 3.141868576669807589e+04 5.798804847101780346e+00 7.558520115116657001e-01 3.217033882588613031e-25
2.689064536058525391e+03 2.854730328332179852e+04 2.585823874726327267e+04 4.130730718990910155e+00 -3.435974013384242576e-01 1.579210613146606734e-22
1.594295872752831929e+04 1.423249465740778942e+04 -1.710464070120529868e+03 1.044968570738664582e+01 -4.509166869534134842e-02 8.682691557995750441e-22
2.446619620366782328e+04 4.780617189783850336e+03 -1.968557901388397295e+04 9.895867983354589725e+00 -1.580219957898289576e-02 1.360181009523981125e-21
2.607214730048232741e+04 2.967989043068882893e+03 -2.310415825741344452e+04 9.906747058640435810e+00 1.029720031216917880e-02 1.505656819935731238e-21
2.662609283819487973e+04 2.345749233091095448e+03 -2.428034360510378610e+04 6.910590032448480358e-01 4.817675078361578940e-03 1.547466626720552656e-21
2.671409304405275543e+04 2.272843079202199533e+03 -2.444124996485055453e+04 6.237053164542132322e-01 -3.291416002004005775e-02 1.571644081832802967e-21
2.664488434773741756e+04 2.293839765399590306e+03 -2.435104458233782861e+04 6.608093350059421889e-01 -1.745259035859165683e-02 1.513465162658781062e-21
2.660907534544602822e+04 2.299083453395201104e+03 -2.430999189205082803e+04 1.055436587736340970e+00 3.541348054868951462e-02 1.491201657980978010e-21
2.666417800974734928e+04 2.313476116427887064e+03 -2.435070189331946312e+04 1.061293671850263465e+00 4.253270369761150832e-02 1.512556940570443898e-21
2.665470009480415683e+04 2.300306153957425522e+03 -2.435439394084673040e+04 7.564565048161226990e-01 -1.111795581933215510e-01 1.551554102901389620e-21
2.659634402254938686e+04 2.363728211446520618e+03 -2.423261581110286716e+04 7.315691265861570258e-01 -4.788345260459858643e-02 1.511503230455099896e-21
2.657294061289016463e+04 2.378723993984985100e+03 -2.419421661890517862e+04 1.018679395950831568e+00 -5.000594134469635299e-02 1.515413109427957050e-21
2.661539533832373854e+04 2.398608595452244572e+03 -2.421678674287149261e+04 1.196414350688767447e+00 3.886528595478258574e-02 1.578147721667863348e-21
2.633978543066369093e+04 2.674245178532038608e+03 -2.366554025213165369e+04 3.185651291283408515e+00 1.597964181250388638e-01 1.520688849779480972e-21
2.617502286829026343e+04 2.847002780663000522e+03 -2.332802008762726473e+04 2.674982331174592165e+00 1.770146248052070215e-01 1.559569452656476124e-21
2.619130515080266196e+04 2.836988842384555483e+03 -2.335431630841810693e+04 2.664965982703006997e+00 5.483801436516447941e-02 1.551193386023842877e-21
2.616921964149999258e+04 2.842774388590706167e+03 -2.332644525290928505e+04 2.855628910486763150e+00 1.620163062572571241e-02 1.533346485040734306e-21
2.613550376699236949e+04 2.954851116436337179e+03 -2.318065265055603231e+04 2.155341112688482053e+00 1.201607645874846614e-01 1.512893793912592397e-21
2.610833248304375593e+04 2.966939549949191587e+03 -2.314139293309456480e+04 1.998459733174722031e+00 -6.076342808853289063e-02 1.503905285584563407e-21
2.576907578767570521e+04 3.347528182842781916e+03 -2.242154760483292193e+04 2.339959874414471397e+00 2.348776506697635227e-02 1.501131773830132199e-21
2.532152858030901552e+04 3.868712264104950464e+03 -2.145281631620406552e+04 3.139251760407362202e+00 -2.983797774003113523e-02 1.490762542397896019e-21
2.505800814909891051e+04 4.123044889998228427e+03 -2.093496325910068117e+04 2.818905136610586393e+00 6.393442565787219208e-03 1.434724283411732452e-21
2.452296543731135534e+04 4.739265737812560474e+03 -1.978369969949879305e+04 4.645076680100598487e+00 -1.050178948008739233e-01 1.406781721416605582e-21
2.382022685835223456e+04 5.560376073386173630e+03 -1.825985078496606002e+04 3.677694405553829871e+00 1.677270122238017358e-01 1.372446526780653372e-21
2.217138383303665250e+04 7.349160059113931311e+03 -1.482222377392272028e+04 7.130859032003539433e+00 6.476162352691911851e-03 1.269175595125279414e-21
