0.000000000000000000e+00 3.140390444628137266e+04 3.140390444628137266e+04 nan 3.814424718238074519e+01 3.162235639886637576e-25
1.832324933896126109e-94 3.141734988705342039e+04 3.141734988705342039e+04 5.221222314274073284e+01 8.392172729153344335e+00 3.217316479982303335e-25
1.546127961738168452e-43 3.142356373660621830e+04 3.142356373660621830e+04 2.470515158917007170e+01 3.371972422772426814e+00 3.224780322352246086e-25
1.133366378169634558e-25 3.142065091854004640e+04 3.142065091854004640e+04 1.268536380415141629e+01 1.786733466428191974e+00 3.216433000995857630e-25
2.385535096460473355e-17 3.141081155904428306e+04 3.141081155904428306e+04 7.773097685248839817e+00 4.144195131629982431e-01 3.202879757693836260e-25
2.788990028401182328e-12 3.142281790225649456e+04 3.142281790225649092e+04 6.423947745426100475e+00 4.754111178321588915e-01 3.216804908249946437e-25
2.717595133579869980e+03 2.851247705110447714e+04 2.579488191752460625e+04 4.840864922544430016e+00 -2.721057020446075378e-02 2.481319829144688177e-22
1.539025450105646269e+04 1.484813188667825671e+04 -5.421226143782059808e+02 1.051588378112970190e+01 1.002787329947453926e-01 1.575505830202905835e-21
2.440048919704496075e+04 4.857693154412312651e+03 -1.954279604263264628e+04 1.200128846362111723e+01 1.399109980681273180e-01 2.312035851348724311e-21
2.618136690874351189e+04 2.847193515437622409e+03 -2.333417339330588948e+04 4.439460501789581848e+00 8.316655362792862993e-02 2.566670304974529774e-21
2.657709715641126968e+04 2.473217786624391465e+03 -2.410387936978687867e+04 1.303882285180033795e+00 1.276043379415499057e-01 2.634108014518852207e-21
2.660205034704896752e+04 2.334765630078149115e+03 -2.426728471697081841e+04 8.516108925205024605e+00 2.659126955726512712e-02 2.676970853854604970e-21
2.673154825293663089e+04 2.279290505048490104e+03 -2.445225774788813942e+04 8.608570401818876894e-01 1.598729325246043276e-01 2.558287381362279108e-21
2.665155556169237389e+04 2.291051617294391690e+03 -2.436050394439798401e+04 7.353489003857281991e-01 1.931139045983827074e-01 2.630596212661420269e-21
2.663651242619681580e+04 2.284229597487138108e+03 -2.435228282870967814e+04 6.860460268202133172e-01 1.329173310050053014e-01 2.578833393814340884e-21
2.676230393429097603e+04 2.244677105923512045e+03 -2.451762682836746535e+04 7.353041340965376094e-01 1.481613820569851192e-01 2.621441167496693235e-21
2.652368828462349484e+04 2.366706099015155814e+03 -2.415698218560833993e+04 1.034998264148367708e+00 5.877817206397284444e-02 2.569082075287610987e-21
2.658223464142757439e+04 2.365357710336028958e+03 -2.421687693109154498e+04 9.948147862832059651e-01 8.322618313117273459e-02 2.622285214175943693e-21
2.647352198677685010e+04 2.507137060959234077e+03 -2.396638492581761602e+04 1.735541429416538994e+00 8.521484125128737930e-02 2.493536754954998839e-21
2.626714954734674757e+04 2.856644652559550650e+03 -2.341050489478719828e+04 3.664521612187391586e+00 1.723414219686477677e-01 2.583717658668517208e-21
2.624794702890262124e+04 2.792796865665910900e+03 -2.345515016323671080e+04 3.665395794813411712e+00 -7.019070710184401041e-02 2.497503916338870845e-21
2.605635285158833358e+04 2.991168805367945879e+03 -2.306518404622038724e+04 2.609442913639866024e+00 -3.874951110648012370e-02 2.474914319265869033e-21
2.591491183980901769e+04 3.210793454836416913e+03 -2.270411838497260032e+04 1.475431449309366982e+00 -6.860491070219230936e-02 2.618051076699706926e-21
2.613855572466722151e+04 2.921457022402533312e+03 -2.321709870226468774e+04 2.122948466743790785e+00 3.845193622484307377e-03 2.654673558033850007e-21
2.597699999971723082e+04 3.139605071461477110e+03 -2.283739492825575508e+04 2.670738692915552104e+00 -4.838667703504400536e-02 2.630032906333656045e-21
2.568713409818796936e+04 3.375538014459080841e+03 -2.231159608372888761e+04 3.569501559761310450e+00 -1.645578166132303510e-01 2.497531216775956562e-21
2.512715398069270668e+04 4.034279778082797293e+03 -2.109287420260990984e+04 3.918083314402623696e+00 -2.074721161967739078e-02 2.588163590284002645e-21
2.477114851156528675e+04 4.430724970485743142e+03 -2.034042354107954452e+04 2.788280784303557525e+00 -1.631162349238224341e-02 2.406053803636992447e-21
2.432697371412722350e+04 4.974940553907847971e+03 -1.935203316021937644e+04 3.117145353533878449e+00 -7.779367813347630445e-02 2.324642392415893849e-21
2.318173032977889306e+04 6.198345119402541059e+03 -1.698338521037635292e+04 5.803248521710581365e+00 -2.285479962245078045e-02 2.219750735354822567e-21
2.206711671231858782e+04 7.528833214919556667e+03 -1.453828349739903206e+04 3.333902111723582973e+00 1.491434315976607021e-02 2.158739878378817777e-21
