0.000000000000000000e+00 3.141208655322044069e+04 3.141208655322044069e+04 nan 3.629840354143545511e+01 3.198488464284967380e-25
1.734112985904172069e-94 3.141336774295093346e+04 3.141336774295093346e+04 4.898672781479168492e+01 7.538404177787890070e+00 3.201108337313788360e-25
1.262491875677837397e-43 3.141306839482892246e+04 3.141306839482892246e+04 2.227045873603213977e+01 3.362721895629276148e+00 3.211127320937961109e-25
1.178843096021495775e-25 3.140682401853263946e+04 3.140682401853263946e+04 1.218378981121423088e+01 1.752029629746169936e+00 3.192702424756043550e-25
2.135998060893118146e-17 3.142254087805532617e+04 3.142254087805532617e+04 8.883040728274837150e+00 2.945268477781795013e-01 3.220784185938636468e-25
2.462186930457052950e-11 3.141642760118342994e+04 3.141642760118340448e+04 5.691935462500297582e+00 4.644893961405014982e-01 3.208586042704943826e-25
2.595944019931428102e+03 2.864937305587824449e+04 2.605342903594681775e+04 4.185921331762386011e+00 -1.101459726476037709e-01 1.416820402684844372e-22
1.622592705896999541e+04 1.388038631464439277e+04 -2.345540744325602645e+03 1.590919931865076187e+01 -5.307331075691423816e-02 9.086952790568226799e-22
2.425248888855909172e+04 5.032530376501790670e+03 -1.921995851205730287e+04 1.453886107742880007e+01 2.758195302232515148e-02 1.430655569334538982e-21
2.609128026723270523e+04 2.972985785741154359e+03 -2.311829448149154996e+04 9.103283077674044321e+00 -1.628823930708541423e-01 1.507772241410043154e-21
2.668026516206166343e+04 2.316986670210054399e+03 -2.436327849185160812e+04 7.246620276989483855e-01 9.231634989161176252e-02 1.579334254186636150e-21
2.666717589246847638e+04 2.300504397417578730e+03 -2.436667149505089765e+04 3.138365091127303774e+00 2.912734701255582925e-02 1.547618396013392349e-21
2.666850200996889180e+04 2.269511443688484633e+03 -2.439899056628040853e+04 7.356845058214654953e-01 -2.520158766900108469e-02 1.534700938707474802e-21
2.658705600065573526e+04 2.301925972029569948e+03 -2.428513002862616486e+04 8.275577250751404712e-01 1.678159716906786336e-01 1.520179051670490195e-21
2.664076833974657711e+04 2.281309147718222903e+03 -2.435945919202835285e+04 1.024407645345816631e+00 -2.041892825631814231e-03 1.495296506531649062e-21
2.663337330605119132e+04 2.317538814179024484e+03 -2.431583449187216684e+04 1.352007534419009005e+00 1.511267646044641734e-02 1.473273026031513779e-21
2.666238468756801376e+04 2.320739768794768679e+03 -2.434164491877324326e+04 1.689238789173594490e+00 4.349718657048604054e-02 1.526712840149148460e-21
2.654601061789291998e+04 2.392790700203292090e+03 -2.415321991768962835e+04 1.436537705325972025e+00 1.108146351586639621e-02 1.522911655903634100e-21
2.655130783837291165e+04 2.390976595851057027e+03 -2.416033124252185371e+04 1.176896283037950353e+00 4.761760790928584730e-02 1.507987165699641646e-21
2.640297650828556289e+04 2.589268856196492834e+03 -2.381370765208906960e+04 2.355526854750918275e+00 -2.600553735076087045e-02 1.500399027956457340e-21
2.633409596789674833e+04 2.596692025257932983e+03 -2.373740394263881535e+04 1.607338308169860008e+00 2.221499442424591450e-02 1.529345486596752691e-21
2.634815142837141320e+04 2.652424249103350576e+03 -2.369572717926806217e+04 1.196423543730134265e+00 5.112199528742831373e-02 1.527510267608198919e-21
2.639085150802240605e+04 2.600157824871599587e+03 -2.379069368315080646e+04 3.342527605425666071e+00 8.225828445637289876e-02 1.566383081121149052e-21
2.627808485229823054e+04 2.730530442448250596e+03 -2.354755440984998131e+04 2.155843189392432357e+00 1.239873737336929099e-01 1.569186231193833545e-21
2.579976855769404210e+04 3.275307163468857652e+03 -2.252446139422518536e+04 3.728447347805095902e+00 -3.227814045570140834e-03 1.514963229950758420e-21
2.549193388417302413e+04 3.636755197222726565e+03 -2.185517868695029756e+04 2.628710210373144562e+00 1.195526802714429321e-01 1.444231621073406166e-21
2.573046953135040894e+04 3.367689269653150859e+03 -2.236278026169725854e+04 4.140056419834173163e+00 -1.539080738130054436e-02 1.522584988872086142e-21
2.489892969416073538e+04 4.348699249737199352e+03 -2.055023044442353421e+04 2.383350025794563454e+00 -4.601205505622320627e-03 1.461504110422005877e-21
2.420961250322781052e+04 5.143377896908973526e+03 -1.906623460631883790e+04 3.256249223288282479e+00 -1.134442655465654481e-01 1.416231633047306389e-21
2.354285621766517579e+04 5.842684780155241242e+03 -1.770017143750993273e+04 3.031742903498166442e+00 -6.941004574995968991e-03 1.372358497645644893e-21
2.202102331668439365e+04 7.535966420250622832e+03 -1.448505689643377082e+04 3.292549259183704446e+00 -3.131297497679522840e-02 1.238116272698089228e-21
