5.245429099895570602e+01 2.162168538361939136e+04 2.156923109262043727e+04 -7.394602299531478906e-02 -2.764261937545817172e-01 2.165035630309891712e+04
4.894780900479931063e+01 2.433132000924026215e+04 2.428237220023546251e+04 3.652534285470844799e-01 -1.179068436629524402e-01 2.441588673855190791e+04
7.348771253830747696e+01 1.943302214580531654e+04 1.935953443326701017e+04 8.430821271082943325e-01 -7.684831441350230274e-02 1.912739274899448719e+04
1.644804789108337104e+02 2.032775277593999272e+04 2.016327229702915793e+04 2.044316326751073054e-01 -1.550880596730201157e-02 2.048350913579129337e+04
1.911870253431438016e+02 1.863755584678896412e+04 1.844636882144581978e+04 4.472780047139975346e-01 9.500249150547862564e-02 1.854676635091944627e+04
3.701989444191841017e+02 1.903476157849586161e+04 1.866456263407667575e+04 6.740858856864212489e-01 1.477862570722502100e-01 1.935161401059346099e+04
8.503933332879014415e+02 1.876286551072854854e+04 1.791247217744064619e+04 1.091416248673208189e+00 8.342050245459413371e-02 1.901502344393682506e+04
2.131186040298683565e+03 2.008476054487250440e+04 1.795357450457382220e+04 1.089106456228983610e+00 -1.187954549723372472e-01 2.236564686782827266e+04
4.852463215803642925e+03 2.448780896569443212e+04 1.963534574989078828e+04 1.359445552388659495e+00 2.939455666073560389e-02 2.569051842663569550e+04
1.163272737876529027e+04 3.373439854604455468e+04 2.210167116727926623e+04 1.649658722516305742e+00 -6.923008104700080489e-02 4.497492626281385310e+04
