4.791305678374625643e+01 2.162833630942698801e+04 2.158042325264324245e+04 -1.260302512754994941e-01 -1.650405410264348949e-01 2.182068418020601894e+04
5.390752399639757186e+01 2.427444699025578302e+04 2.422053946625938624e+04 2.995300850356315547e-01 -2.184520547952097658e-01 2.441479683757805105e+04
7.136316833069176369e+01 1.939716363779838866e+04 1.932580046946769653e+04 8.787466911443985174e-01 -1.257895335909502421e-01 1.909340301404314596e+04
1.641407307139851355e+02 2.035768843700919388e+04 2.019354770629520863e+04 2.010156338039439383e-01 -1.742128380243119778e-01 2.049672706044737424e+04
1.918399131897103302e+02 1.862566282828936892e+04 1.843382291509965944e+04 5.491313064245469944e-01 2.092155928203981441e-02 1.845685443446712088e+04
3.818860310697891123e+02 1.902456626493947988e+04 1.864268023386969071e+04 6.156520162400425100e-01 1.199462166913147360e-01 1.938874609760515159e+04
8.815910025414937081e+02 1.878155830147066808e+04 1.789996729892917574e+04 1.064713770670992821e+00 1.572879113836188891e-01 1.910390537679943009e+04
2.141298091161651428e+03 2.008708862443140970e+04 1.794579053326975918e+04 1.136312477812496891e+00 8.900184696859582412e-02 2.241753510415433266e+04
4.790120722920683875e+03 2.437492246563841400e+04 1.958480174271772921e+04 1.677219991818750700e+00 1.957900970158319223e-02 2.527112344873796974e+04
1.071439250250961959e+04 3.250189117242594875e+04 2.178749866991632734e+04 1.838590643507901135e+00 -5.653570191073369750e-02 4.323785666605457664e+04
