4.775644263143092871e+01 2.160096722171234796e+04 2.155321077908091684e+04 -1.154324663729544148e-01 -1.998246235835901830e-01 2.171646313366101094e+04
4.993978587520132351e+01 2.431400671167388282e+04 2.426406692579868104e+04 2.878362505568224372e-01 -1.152345625777960320e-01 2.438389689559959152e+04
7.202892606679533571e+01 1.946318398765546954e+04 1.939115506158867356e+04 8.936004394467076395e-01 -1.181821548541484579e-01 1.923071871121348886e+04
1.622417986203854241e+02 2.030726631980848470e+04 2.014502452118810106e+04 2.664665166444959987e-01 -1.130952923595636844e-01 2.043495378990580139e+04
1.877261440851629288e+02 1.866146324099766571e+04 1.847373709691250406e+04 5.932438317064588906e-01 1.548969113004142750e-01 1.847950772879898068e+04
3.737822685044405375e+02 1.906275924508857497e+04 1.868897697658413381e+04 8.453448947480010078e-01 1.713932658073248627e-01 1.940759806689644756e+04
8.816184221529661045e+02 1.874432466905604815e+04 1.786270624690308250e+04 1.053797566867956670e+00 2.262414782977601735e-01 1.898041594330242151e+04
2.054837602706384587e+03 2.004852428941538528e+04 1.799368668670899933e+04 1.215323476510318690e+00 -3.933180957963127583e-02 2.233660245659550856e+04
4.414341055133037116e+03 2.392967206952129345e+04 1.951533101438825543e+04 1.406519685030015010e+00 -1.078836981250133782e-02 2.467080053038381084e+04
1.169701816894917465e+04 3.388286351973600540e+04 2.218584535078683257e+04 1.813399964192969449e+00 6.087152806931508953e-02 4.627770051347807748e+04
