4.642659380627600285e+01 2.161166178503907213e+04 2.156523519123279766e+04 -1.258390438200309436e-01 -1.804542468638082875e-01 2.157774575014108632e+04
4.941724945025094939e+01 2.425550340698176296e+04 2.420608615753151025e+04 3.371475269004775011e-01 -8.198053265936404432e-02 2.438696117309700276e+04
7.345675505800207361e+01 1.944032508735078954e+04 1.936686833229278636e+04 8.750033460201483981e-01 -1.077935259575064503e-01 1.921647527400276886e+04
1.602392401232805810e+02 2.035389015519492023e+04 2.019365091507164107e+04 2.270767675407882324e-01 -1.662054304402084959e-01 2.046082606552652942e+04
1.859424989749179531e+02 1.867332884646352613e+04 1.848738634748860932e+04 6.924348213104121186e-01 6.354255506060885184e-02 1.879663880010709181e+04
3.772578657749732542e+02 1.906503716156713199e+04 1.868777929579215925e+04 5.793927642272934664e-01 1.084771438300999452e-01 1.934359785887169710e+04
8.893042949580139975e+02 1.880250943154405468e+04 1.791320513658603886e+04 1.154524453357283376e+00 4.078078689876329238e-02 1.914009979782394657e+04
2.128882333620812460e+03 2.010317813623773691e+04 1.797429580261692536e+04 1.168042053511479716e+00 -4.458596229250829518e-02 2.225645140955683019e+04
4.507945942105039649e+03 2.395377935997291206e+04 1.944583341786787059e+04 1.460401694649450688e+00 -5.045424652109336411e-02 2.471514467225005501e+04
1.159933810621945668e+04 3.371509795316469535e+04 2.211575984694523868e+04 1.607089512181180568e+00 1.433071459315942431e-01 4.645228447587343544e+04
