5.006604154380564609e+01 2.161326958863644904e+04 2.156320354709264211e+04 1.783935506826660189e-01 -2.399166773647296580e-01 2.165369356175102439e+04
5.269871959793321281e+01 2.427210999473880292e+04 2.421941127514086838e+04 3.279999984118435741e-01 -3.380986182467596995e-02 2.435023922011932154e+04
7.104346373460033703e+01 1.940870330104589084e+04 1.933765983731129018e+04 8.602729235386809004e-01 -5.510231289896899004e-02 1.924195659611090014e+04
1.598014832161360061e+02 2.032971672070388377e+04 2.016991523748774853e+04 1.893650790147403118e-01 -1.559368684401008787e-01 2.044829600504092377e+04
1.910923151132890609e+02 1.862578625222115079e+04 1.843469393710786244e+04 6.241292929391669686e-01 2.631694840396394119e-01 1.844139665086674722e+04
3.719693830401239438e+02 1.899816380020719953e+04 1.862619441716707661e+04 6.915593322020026079e-01 1.605797620706841400e-01 1.923012521401658523e+04
8.610173526204937389e+02 1.875173696847457177e+04 1.789071961585407917e+04 1.106195777841041838e+00 1.647650822328973128e-02 1.894224423390014272e+04
2.140984262256181864e+03 2.009489962352585644e+04 1.795391536126967549e+04 1.123690185900861893e+00 2.816771006738695224e-02 2.240875680654956523e+04
4.538846898543292809e+03 2.394322844638534298e+04 1.940438154784205108e+04 1.241378968131835459e+00 3.041858439695908564e-02 2.498776419009289384e+04
1.214592868811507105e+04 3.429446392917467892e+04 2.214853524105960969e+04 1.947992285162649440e+00 1.506362937418261605e-01 4.808714882999170368e+04
