4.900445753150780348e+01 2.159559262422110623e+04 2.154658816668959844e+04 -2.586323315863431338e-02 -1.510742486022080278e-01 2.165672566830009237e+04
5.262514617565305741e+01 2.430358752665865177e+04 2.425096238048299710e+04 3.063184576541295723e-01 -2.519561129631831542e-01 2.443577211094718587e+04
7.095029025980916515e+01 1.944447589955332660e+04 1.937352560929351603e+04 8.920896940662718100e-01 -1.350009018479161049e-01 1.937788517710108135e+04
1.635511429524856055e+02 2.033524032878750950e+04 2.017168918583502455e+04 2.220740556655166065e-01 -1.905009627584435261e-01 2.046012246725130171e+04
1.954395054877621476e+02 1.865694863971446102e+04 1.846150913422670055e+04 5.858962516052369507e-01 2.614781010640207515e-01 1.844801191823353292e+04
3.632869862171400541e+02 1.903615450553843039e+04 1.867286751932129118e+04 6.002874209240326442e-01 1.753202962412796495e-01 1.934185465253230359e+04
8.771231598917487418e+02 1.878678387074214697e+04 1.790966071085039948e+04 1.181167319825233486e+00 1.728431514933861379e-01 1.924275001881544449e+04
2.034588160091241889e+03 2.000503910004748468e+04 1.797045093995624120e+04 1.183936313240674387e+00 -4.273436257284830148e-02 2.228307525728755354e+04
4.354211855090891731e+03 2.373618323999490894e+04 1.938197138490401630e+04 1.680024071324660362e+00 1.192328255718442809e-01 2.431455585530358076e+04
1.165866683797655423e+04 3.366836375651951676e+04 2.200969691854296252e+04 1.719803881962959080e+00 1.284135910433163719e-01 4.504352481068525958e+04
