4.840076839421949018e+01 2.162405700604382218e+04 2.157565623764960401e+04 -1.596907270939040835e-02 -2.054034951519364827e-01 2.176066616990403054e+04
5.150300475147365376e+01 2.429054392633908719e+04 2.423904092158761341e+04 4.779341166865653800e-01 -3.006986601286154581e-01 2.440276723040675279e+04
7.089669681886172725e+01 1.945932874579381678e+04 1.938843204897495525e+04 7.956329633071268503e-01 -1.266521690416884949e-01 1.938376590308271989e+04
1.666644400704076361e+02 2.033880924017015786e+04 2.017214480009975159e+04 2.406622088705969720e-01 -7.485777136611431468e-04 2.058500874652829225e+04
1.920626446766079027e+02 1.865987886775539664e+04 1.846781622307878933e+04 4.817670089410281409e-01 3.031719911448976790e-02 1.860901422801711306e+04
3.704078721744780864e+02 1.902964863538020290e+04 1.865924076320572567e+04 6.319680789835451229e-01 1.406806150906222130e-01 1.934878990473282829e+04
8.634541763648634287e+02 1.873827777013131708e+04 1.787482359376645400e+04 1.162999621268114181e+00 7.526909370643815322e-02 1.910709776643149598e+04
2.064540715010493386e+03 2.001043501982895395e+04 1.794589430481845920e+04 1.419823047645097480e+00 -4.354301047986425255e-02 2.204519751741555228e+04
4.552960744402972523e+03 2.397531132094663553e+04 1.942235057654366392e+04 1.375760796077279302e+00 -1.669634180446190330e-01 2.501582191517061074e+04
1.175997997762717569e+04 3.387268208926871739e+04 2.211270211164154171e+04 1.675627215534633452e+00 8.166330770338743605e-02 4.679028411587567825e+04
