4.825097042334424202e+01 2.164562174449280064e+04 2.159737077406945536e+04 1.140935519888573585e-01 -4.196841344875955060e-01 2.177621957254718291e+04
5.261788664443255925e+01 2.427085158121859422e+04 2.421823369457416266e+04 3.020518079955848978e-01 -1.908721168745019722e-02 2.432358520153711288e+04
7.074865890548400671e+01 1.941916176441493735e+04 1.934841310550945491e+04 9.107574804079092701e-01 -1.096448176888059206e-01 1.927636705344934671e+04
1.624722704276369996e+02 2.034602577476796432e+04 2.018355350434032880e+04 2.669257616578216141e-01 -1.367943135702952839e-01 2.062074263834244630e+04
1.879045259164194306e+02 1.868479304747646529e+04 1.849688852156004577e+04 5.238195638523511777e-01 2.076189496180456950e-01 1.860547995187419656e+04
3.807200629009332715e+02 1.903756779916622327e+04 1.865684773626528840e+04 5.649172254813723537e-01 1.604030877334631788e-01 1.938472103531182438e+04
8.392895076488779296e+02 1.871853777327738135e+04 1.787924826562850285e+04 1.096898913727021752e+00 1.672935434211056949e-01 1.885833518515915057e+04
2.088791575846780688e+03 2.004655046636588304e+04 1.795775889051910053e+04 1.037026023002334041e+00 1.908001357389789779e-02 2.223044105991481410e+04
4.474855769988644170e+03 2.390223985761327276e+04 1.942738408762462859e+04 1.359286422736932787e+00 4.724896017481195441e-03 2.471671527787543891e+04
1.201702138309084512e+04 3.431841765050479444e+04 2.230139626741394750e+04 2.296420856149598677e+00 9.170526063256805027e-02 4.734983840902363590e+04
