5.078845266343603981e+01 2.161636719528394678e+04 2.156557874262050973e+04 1.929898342226951113e-01 -6.117733864552843404e-02 2.184246603294693705e+04
5.167671200112979335e+01 2.430726214235887892e+04 2.425558543035775074e+04 4.344259257874611979e-01 -1.700508828901688974e-01 2.453593034898880796e+04
7.156145043929889482e+01 1.942838717748642011e+04 1.935682572704712220e+04 8.482578808215960331e-01 -1.510296871573969801e-01 1.919672028624816448e+04
1.688103114686666970e+02 2.035577037577053125e+04 2.018696006430186389e+04 3.702016199256841777e-01 2.652152566660284736e-03 2.046248874466662892e+04
1.926473197506752797e+02 1.863483413670048685e+04 1.844218681694981206e+04 5.138202212247061640e-01 2.924730061866654962e-01 1.850751609681251648e+04
3.583973596055728876e+02 1.903882908596239213e+04 1.868043172635681913e+04 7.442380680578796204e-01 9.375998659300177618e-02 1.935997023051591532e+04
8.612176800391250708e+02 1.874328960450310478e+04 1.788207192446398039e+04 1.137543250536751538e+00 2.751652955948116416e-02 1.903648096056559007e+04
2.018273961789457189e+03 1.996485975848163798e+04 1.794658579669217943e+04 1.329492257005500111e+00 -4.804443398574429792e-03 2.207953992717901565e+04
4.608244113219600877e+03 2.412597997638208471e+04 1.951773586316248475e+04 1.161717711540600773e+00 -2.514516945727080042e-03 2.499064876987621028e+04
1.193828912226302236e+04 3.395154334252057743e+04 2.201325422025755688e+04 1.476521599512226723e+00 9.658203094964505631e-03 4.589056897257433593e+04
