4.980935361150272200e+01 2.159714997957349624e+04 2.154734062596199510e+04 3.148322239271121314e-01 -2.619486514033119717e-01 2.154275113815921577e+04
5.213194182872239679e+01 2.429260935609943772e+04 2.424047741427071378e+04 3.172624002825015777e-01 -1.972645710308443545e-01 2.452690561050274846e+04
7.557505191234655229e+01 1.939778492694680244e+04 1.932220987503445576e+04 8.385612321064375152e-01 -9.035694996186043049e-02 1.928848978639594498e+04
1.600203300328982152e+02 2.031834767918767830e+04 2.015832734915478068e+04 2.006448010032658991e-01 4.408399775144328930e-02 2.038425303109445304e+04
1.915402305789912702e+02 1.865119833345905136e+04 1.845965810288006105e+04 5.689131694035067799e-01 -3.889114324947243184e-02 1.862379509817023063e+04
3.636734856119301753e+02 1.903067216638109676e+04 1.866699868076916755e+04 6.451384016286022538e-01 1.243683325320473071e-01 1.938439858492320491e+04
8.527687454548970436e+02 1.873183918951719170e+04 1.787907044406229397e+04 1.182255778432769411e+00 1.624208791021372333e-01 1.908457865920828408e+04
2.017746525581473634e+03 2.000509159596055542e+04 1.798734507037908043e+04 1.211579074499683939e+00 -9.787302326030296318e-02 2.220008247220289559e+04
4.719805985565114497e+03 2.432552222631538825e+04 1.960571624075027285e+04 1.338734544555108430e+00 6.984699521687452728e-02 2.536647839052341078e+04
1.197589272909849387e+04 3.417497674162188923e+04 2.219908401252339536e+04 1.757557122457264143e+00 -7.059439282054048338e-03 4.733391672677492170e+04
