4.898688706836296092e+01 2.161250098947999868e+04 2.156351410241163467e+04 1.095427155344331632e-01 -1.883634710891519404e-01 2.169169746593341915e+04
5.333624588868698169e+01 2.428215986801373219e+04 2.422882362212504449e+04 4.019040636699734992e-01 -1.310941585624207095e-01 2.439061888669436303e+04
7.235051406951470199e+01 1.940060786278796513e+04 1.932825734871844907e+04 8.511947177002472387e-01 -1.996364808675530622e-01 1.920965765961692523e+04
1.637032067219221858e+02 2.034268172550573581e+04 2.017897851878381334e+04 2.078229030442102776e-01 1.996432793671036043e-01 2.039544065410197436e+04
2.002038468906344519e+02 1.863541321786557091e+04 1.843520937097493515e+04 7.365783505540762777e-01 2.353693649376335448e-02 1.849491029587049707e+04
3.699934108355054150e+02 1.907129035931558246e+04 1.870129694848007784e+04 6.899304761031834765e-01 2.707948946707060545e-01 1.952843199090312191e+04
8.630322061751471665e+02 1.872623824436793075e+04 1.786320603819278404e+04 1.106118212961691549e+00 9.981580390481965825e-02 1.905461344614260452e+04
2.186782022971734932e+03 2.017629665155312978e+04 1.798951462858139348e+04 1.342492191181745786e+00 -1.465041843571202040e-01 2.237460891574677225e+04
4.731917635856310881e+03 2.429793240768858595e+04 1.956601477183227689e+04 1.640059765981070727e+00 -1.615850087919675285e-02 2.535282502442379337e+04
1.173676213577902854e+04 3.370126637101896631e+04 2.196450423523993959e+04 1.875845791155504871e+00 1.072163688007904819e-01 4.532881103547604289e+04
