5.024494889207203130e+01 2.162122663175473281e+04 2.157098168286266082e+04 1.515302786412448255e-01 -1.503075344271577463e-01 2.165836299102291014e+04
5.176218642003871651e+01 2.430001362507043814e+04 2.424825143865040081e+04 2.824809999234927926e-01 -1.556832900697062427e-01 2.442986777684900153e+04
7.256998523511983024e+01 1.941672639422300199e+04 1.934415640898788115e+04 8.805086807242193947e-01 -8.753900234300450445e-02 1.922121906190268783e+04
1.651884336648011242e+02 2.032986891443792774e+04 2.016468048077312778e+04 2.781384217535184944e-01 -5.415818439809964163e-02 2.041288559469886968e+04
1.925752589458474517e+02 1.867403831266662382e+04 1.848146305372077768e+04 5.642505498528286312e-01 1.832705164666275088e-01 1.857204714632816831e+04
3.697007926834457407e+02 1.906114928972264534e+04 1.869144849703920045e+04 7.114007091344441980e-01 2.870163387868253646e-01 1.933044069300232150e+04
8.608821503135325202e+02 1.878599328980746577e+04 1.792511113949393257e+04 9.211136609085966986e-01 2.557698133030155141e-01 1.903236657438622569e+04
2.079745506461509649e+03 2.004957154040723253e+04 1.796982603394572288e+04 1.331118110192790693e+00 -5.842389379603427080e-02 2.233719972890674399e+04
4.411184308190645424e+03 2.384117979395934890e+04 1.942999548576870438e+04 1.369524439755725354e+00 7.052845267802222706e-02 2.490737717083930329e+04
1.196077065482569560e+04 3.366238183005802421e+04 2.170161117523232679e+04 1.434376651282019965e+00 8.990583943189905947e-02 4.674207248115535913e+04
