5.020330890963929704e+01 2.162138296617262313e+04 2.157117965726298280e+04 2.373720256387753524e-01 -2.240795533556044494e-01 2.164496271372401679e+04
5.038882424920769409e+01 2.429905389809827466e+04 2.424866507384906799e+04 2.798084114885804330e-01 -1.701161764646171859e-01 2.441604078470730747e+04
7.174106189783059051e+01 1.944556279501065728e+04 1.937382173311282531e+04 8.503305542055844546e-01 -8.872074637309028400e-02 1.936596141525832354e+04
1.586563007764404176e+02 2.030277950035338290e+04 2.014412319957694126e+04 2.909079411046340269e-01 -1.268455809751861674e-01 2.041237538281849629e+04
1.896929812841128751e+02 1.866976155010090952e+04 1.848006856881679778e+04 6.019618227737180138e-01 1.297768168278028433e-01 1.857783124259608303e+04
3.787371359934944621e+02 1.906156146185076432e+04 1.868282432585726929e+04 6.963961626311583331e-01 2.259947534237056743e-01 1.955693157907963541e+04
8.271110060738274115e+02 1.874318759835539822e+04 1.791607659228156990e+04 1.172531312428510164e+00 1.689063412286817556e-01 1.898814327017578398e+04
2.112622316592882271e+03 2.009019786279124310e+04 1.797757554619836083e+04 1.205052866482883012e+00 -2.220246143323414967e-02 2.230948304655984612e+04
4.583878001039603987e+03 2.405696511162127354e+04 1.947308711058166955e+04 1.377514027379498573e+00 -1.081294229726754569e-01 2.492714542233106476e+04
1.170964526630859473e+04 3.392128299186877121e+04 2.221163772556017648e+04 1.713036858731972201e+00 -7.399808728666153364e-03 4.460016577272499126e+04
