4.780818630630658106e+01 2.161348418806874542e+04 2.156567600176244014e+04 2.109554382523087801e-02 4.872823886306301699e-02 2.173711797243729234e+04
5.277689142077024087e+01 2.426655536437751653e+04 2.421377847295674655e+04 3.680627459655815836e-01 -1.413762063415631431e-01 2.432923796481453610e+04
7.249426705461418408e+01 1.941545585735829445e+04 1.934296159030367926e+04 8.869775321824681091e-01 -1.409427886586706868e-01 1.922256696985212693e+04
1.623970432400185189e+02 2.033382758672352793e+04 2.017143054348350779e+04 2.571221167239570171e-01 -6.407403970113646763e-02 2.034906339133157599e+04
1.862120471068085692e+02 1.867878842648488353e+04 1.849257637937807522e+04 5.438775803406966647e-01 1.961413365566841704e-01 1.856472928772529485e+04
3.737601694388404212e+02 1.903194748661916310e+04 1.865818731718032359e+04 6.508058145207558098e-01 2.113408913740772999e-01 1.934555835550604752e+04
8.772698261511634428e+02 1.877422654912995858e+04 1.789695672297879355e+04 1.046499648790803372e+00 2.860581512207426846e-01 1.910169686795211237e+04
2.185169108042140579e+03 2.014774449466835358e+04 1.796257538662621300e+04 1.321354409925469708e+00 -2.249912988908532585e-02 2.237268015900018145e+04
4.605440795817081380e+03 2.411808921210019616e+04 1.951264841628311478e+04 1.417583091039356757e+00 -7.138579273000887626e-02 2.520347011174794170e+04
1.200645809878388718e+04 3.446474333357296564e+04 2.245828523478908028e+04 1.644022557250375938e+00 3.082546831340015128e-02 4.778375379156155395e+04
