5.143162724709188183e+01 2.159949484981490241e+04 2.154806322256780913e+04 3.258156679753872464e-01 -1.448430783546195977e-01 2.166215222067698778e+04
5.385245428429325898e+01 2.427488260953246572e+04 2.422103015524817238e+04 3.024210709893669358e-01 -7.387126395752741104e-02 2.444555219170409691e+04
7.332046795738089884e+01 1.943121312883239807e+04 1.935789266087501892e+04 8.769956918413613911e-01 -2.058829012770010125e-01 1.927220189610838133e+04
1.586946233297184392e+02 2.033003027402196312e+04 2.017133565069224642e+04 2.346323086147654724e-01 -1.380260594429292276e-01 2.041072471346515522e+04
1.895382853576169282e+02 1.864954090728017763e+04 1.846000262192256196e+04 5.092256475879402000e-01 2.388351211296767251e-02 1.846410525847123790e+04
3.641736181870557516e+02 1.906747864171442779e+04 1.870330502352737312e+04 6.018603704188832948e-01 3.018743913603861850e-01 1.930970847297653381e+04
8.584413900271059674e+02 1.876321009014386073e+04 1.790476870011675419e+04 1.147066591162495097e+00 9.838709054866617842e-02 1.896795781594092477e+04
2.106319727321841128e+03 2.004812628363814292e+04 1.794180655631630361e+04 1.044724432668064251e+00 1.053522975642964266e-01 2.228635089398099444e+04
4.599677380660339622e+03 2.420210065286891768e+04 1.960242327220857987e+04 1.371568204929354495e+00 1.160004185031947438e-01 2.508962212940685276e+04
1.163883223407290097e+04 3.348968910644049174e+04 2.185085687236759259e+04 1.768186484102447054e+00 7.980481476233182436e-02 4.541636255251329567e+04
