5.035397329702161784e+01 2.160412057947016001e+04 2.155376660617313973e+04 2.421428484781311674e-01 -2.133004707940192313e-01 2.169732815862734424e+04
5.062446213699052322e+01 2.428381083684695113e+04 2.423318637470995964e+04 4.283111856440516285e-01 -1.305196697765776959e-01 2.446373163661106082e+04
7.071874199629412772e+01 1.940835322307088063e+04 1.933763448107458680e+04 7.981040583083141016e-01 -1.229675036223954049e-01 1.921392829434669693e+04
1.643908110033468972e+02 2.034617950274365285e+04 2.018178869174030478e+04 2.188149162375950529e-01 8.472873070671071982e-02 2.029950185427660472e+04
1.836144743704211351e+02 1.866027532680477816e+04 1.847666085243435737e+04 6.113897682177701354e-01 2.174977282374813692e-01 1.862820500766006080e+04
3.684146842522645784e+02 1.904858023026714000e+04 1.868016554601487587e+04 6.156767626914479985e-01 3.841363252202555784e-02 1.943659276322313235e+04
8.716563888842509868e+02 1.877105170111718689e+04 1.789939531223293670e+04 1.113386888436152633e+00 1.627010585951529642e-01 1.906556273397324912e+04
2.153147688031507187e+03 2.012300068959576674e+04 1.796985300156426092e+04 1.255063543611606880e+00 -8.832452111231914316e-02 2.243741501792542840e+04
4.517005735785807701e+03 2.392603702202159911e+04 1.940903128623578959e+04 1.348518912137037562e+00 8.477296935179713666e-03 2.475205523147349959e+04
1.199959156166628054e+04 3.444750903345214465e+04 2.244791747178586229e+04 1.507388456270132293e+00 -1.046587280054096653e-01 4.751522293480618100e+04
