4.761053817592861748e+01 2.162323658950315075e+04 2.157562605132722092e+04 2.555666747031887787e-01 -3.019839965075771793e-01 2.167487869170784325e+04
5.026345413880956414e+01 2.432306292233564454e+04 2.427279946819683391e+04 2.707998873809567830e-01 -3.035046345590710140e-02 2.455559270925470264e+04
7.313140356741983794e+01 1.942790521505436845e+04 1.935477381148694985e+04 8.654402419173962135e-01 -5.228773327645377944e-02 1.932868598886152176e+04
1.633686703009869063e+02 2.031477625682394864e+04 2.015140758652296063e+04 1.872967000899880274e-01 1.547254103581972851e-01 2.050457000016083475e+04
1.871629834575088580e+02 1.864412333196120380e+04 1.845696034850369324e+04 5.850113481308835128e-01 2.420113733998728936e-02 1.848426462550647193e+04
3.688090441002195234e+02 1.905981676328732647e+04 1.869100771918710598e+04 8.890650332658460719e-01 1.776856186156390294e-01 1.940186657551845565e+04
8.309125045559135287e+02 1.874217892231538281e+04 1.791126641775947064e+04 1.076038565102417133e+00 4.291580146341230501e-02 1.895016361508595583e+04
2.102341106917132947e+03 2.006305416196238730e+04 1.796071305504525299e+04 1.263432345412299318e+00 1.861328086936155091e-02 2.227624105102682734e+04
4.484319786728428880e+03 2.388643455195212300e+04 1.940211476522369412e+04 1.313129588892555155e+00 -6.579420831475107402e-03 2.482222594818756988e+04
1.159684083113182896e+04 3.390336065222301113e+04 2.230651982109118399e+04 1.678759278128441723e+00 -2.098069962548526970e-02 4.657803655643587990e+04
