5.031339735292922910e+01 2.161953174451552695e+04 2.156921834716259764e+04 3.513225664152171135e-02 -2.527372088091998648e-01 2.173053640941486447e+04
4.876813570694309874e+01 2.431769047421496361e+04 2.426892233850802222e+04 3.183364810811042389e-01 -1.132415858572444062e-01 2.449018908389226999e+04
7.274996002608877177e+01 1.943010196515854477e+04 1.935735200513245582e+04 8.536964098206901719e-01 -2.679540846444323013e-02 1.928171670881441969e+04
1.605997510465895175e+02 2.030228192616075103e+04 2.014168217511416151e+04 2.460189907986248814e-01 -4.004243375117883669e-02 2.041873866947761053e+04
1.887926613605140744e+02 1.866699828473293383e+04 1.847820562337242154e+04 5.726015756796739575e-01 1.082345618797466158e-01 1.857894435790766147e+04
3.698696299242084820e+02 1.906253311453747301e+04 1.869266348461326561e+04 6.485998684829951122e-01 2.483194021003483909e-01 1.945001904625626776e+04
8.815904560407275312e+02 1.878014428885981761e+04 1.789855383281908871e+04 1.063831589914844722e+00 7.597480345973862959e-02 1.912643895743399844e+04
2.114960559149200435e+03 2.008780710022836865e+04 1.797284654107916867e+04 1.219471268946107800e+00 -1.045768378313795266e-02 2.228397173540636868e+04
4.290981719333049114e+03 2.369373119462962495e+04 1.940274947529657584e+04 1.423786136665986524e+00 7.069236207901448410e-02 2.452336057072695257e+04
1.132506516725857909e+04 3.318059510976912134e+04 2.185552994251054042e+04 1.958649390033809112e+00 4.334691399867815487e-02 4.442355831426933582e+04
