4.864586825076972332e+01 2.162816328471709494e+04 2.157951741646632581e+04 4.728269186506941363e-02 -2.675846264734722535e-01 2.176250453473803282e+04
4.991100564236633375e+01 2.430354180944459222e+04 2.425363080380222527e+04 3.331131680657663519e-01 -1.114684120350844937e-01 2.445798095469789041e+04
7.228035867726515562e+01 1.941134413945449342e+04 1.933906378077722911e+04 8.343288336125059823e-01 -1.288034720101448316e-01 1.904588018908908998e+04
1.614667625865120897e+02 2.035987783337620203e+04 2.019841107078969071e+04 5.134217083984110586e-01 -2.999464413227390658e-01 2.045253044537320602e+04
1.932262049444427987e+02 1.863760919197916519e+04 1.844438298703472174e+04 5.859587022449551652e-01 2.012485968431959871e-01 1.848064244375251292e+04
3.720227620013930618e+02 1.902018064848356153e+04 1.864815788648216767e+04 7.617457024718931047e-01 1.741231110678906624e-01 1.919314698615834641e+04
8.447391977784565142e+02 1.873790123544439848e+04 1.789316203766594117e+04 9.949085472587434475e-01 1.668784346081937653e-01 1.894994831566479115e+04
2.112430345743077396e+03 2.010624880429432596e+04 1.799381845855124993e+04 1.269776521054439167e+00 -7.600105042764668251e-02 2.237371161208041667e+04
4.442184482221134203e+03 2.388063728229485787e+04 1.943845280007372276e+04 1.606863582029949056e+00 -6.254727342523598577e-02 2.466082375789560319e+04
1.127355399778266838e+04 3.316165414535890886e+04 2.188810014757623867e+04 1.592701746416639752e+00 6.747031981214518526e-02 4.476682190407073358e+04
