4.668622069063597024e+01 2.162568680623390537e+04 2.157900058554326824e+04 -1.570597098052230536e-02 4.328186719882213401e-02 2.174398884824173729e+04
5.238573722852347458e+01 2.432935506999413337e+04 2.427696933276560958e+04 3.078297519429675222e-01 -1.023799448632536774e-01 2.452310664081266441e+04
7.190035380654923358e+01 1.940469676386168430e+04 1.933279641005513622e+04 8.496658433927075649e-01 -1.513167717542385771e-01 1.919878166695960681e+04
1.636146058067818672e+02 2.033063001092601189e+04 2.016701540511922940e+04 2.587913907971815530e-01 3.593463187234880590e-02 2.046125053311394731e+04
1.830300017159995605e+02 1.865836369361118705e+04 1.847533369189518635e+04 5.501008748572661089e-01 -3.100132362879147452e-02 1.852638826354362027e+04
3.660300441404954199e+02 1.904321454257872392e+04 1.867718449843822964e+04 5.992566041693324630e-01 1.797034946572819702e-01 1.925879269538122389e+04
8.385024236830734026e+02 1.875707776869380905e+04 1.791857534501073678e+04 1.072661310404871227e+00 1.933226573070671306e-01 1.903391326532389940e+04
2.107642714037720907e+03 2.005285263015814053e+04 1.794520991612042053e+04 1.274455503507252452e+00 -3.157845737310440576e-02 2.233978921170919421e+04
4.696180347911578792e+03 2.420828608352122319e+04 1.951210573560964258e+04 1.302732921197273130e+00 -6.275858875060173758e-02 2.501355895434816921e+04
1.178344034301791544e+04 3.374841203958429105e+04 2.196497169656637561e+04 1.649037833489475302e+00 2.990755159528899962e-02 4.522788877573421632e+04
