4.720296001731210822e+01 2.163639782135163114e+04 2.158919486133431928e+04 -1.113317098169057558e-02 -3.411166091112052823e-01 2.188488464933042269e+04
4.981825727210867427e+01 2.429021107319196017e+04 2.424039281591985127e+04 3.764995008523584485e-01 -2.134450847037490384e-01 2.416012874932200793e+04
7.012967131277943622e+01 1.942559033900469149e+04 1.935546066769191384e+04 8.986083633782361302e-01 -1.785492517325486528e-01 1.938601131268838071e+04
1.651867920089952122e+02 2.032151496212362326e+04 2.015632817011462976e+04 2.399194850878623442e-01 -8.095795770919789192e-03 2.055981521541091934e+04
1.846010562226946945e+02 1.868509280493495316e+04 1.850049174871225841e+04 5.787742252056607972e-01 9.023330547640699695e-02 1.867714331016524375e+04
3.803079411692546046e+02 1.903156944420758009e+04 1.865126150303832401e+04 6.990943212166169651e-01 5.985604063485918530e-02 1.951495418429312849e+04
8.463553055612605931e+02 1.874840741474879906e+04 1.790205210918753801e+04 1.171127887053533323e+00 6.049905684634229730e-02 1.901769023298798129e+04
2.140984607507444707e+03 2.010393075492677235e+04 1.796294614741932673e+04 1.215275711265185299e+00 7.842309877037918764e-02 2.227379495767944900e+04
4.670873832130558185e+03 2.417416751121019479e+04 1.950329367907963751e+04 1.519480364722276322e+00 -1.060362650881196550e-01 2.505806295245076763e+04
1.181133454464611350e+04 3.403202537714580831e+04 2.222069083249969481e+04 1.593220693681828726e+00 8.024923882766649141e-02 4.645028321897037677e+04
