4.891256229927908805e+01 2.163470125226474556e+04 2.158578868996546589e+04 4.970141176588994125e-01 -2.274461202576242569e-01 2.186585732613386426e+04
5.122585222579478170e+01 2.429760648913762998e+04 2.424638063691183561e+04 3.222244440098635532e-01 -1.973530814750935336e-01 2.444698354862923588e+04
7.446500245560393694e+01 1.940961046158223326e+04 1.933514545912663016e+04 8.512226851171716957e-01 -1.256966999671388363e-01 1.923381587822344591e+04
1.623804160034277402e+02 2.032540763901967148e+04 2.016302722301624453e+04 1.725128410868740358e-01 -1.581402625891182023e-01 2.040403069948672055e+04
1.899759629870372919e+02 1.864703520951967948e+04 1.845705924653264083e+04 5.510326289671066968e-01 1.389669440772847986e-01 1.856026204834946839e+04
3.691866861573216170e+02 1.903204464615921461e+04 1.866285796000189293e+04 6.105011561276554310e-01 3.203818833537054878e-01 1.935257680117852215e+04
8.590437591860397788e+02 1.875706063382846332e+04 1.789801687464242423e+04 1.123123208545137031e+00 1.533376503955636017e-01 1.899158528012687748e+04
2.171166522170827193e+03 2.015845119168131350e+04 1.798728466951048540e+04 1.213525678459287382e+00 -1.259516309513690757e-01 2.251549316143748365e+04
4.534364724436528377e+03 2.402126523265133801e+04 1.948690050821481054e+04 1.535861300879516333e+00 -6.117833249743045293e-02 2.480606837678142256e+04
1.174741358749801839e+04 3.379862106903712993e+04 2.205120748153910972e+04 1.879571724313948478e+00 5.884307747083328960e-02 4.543363771573717531e+04
