4.949798481080600254e+01 2.162731390452334745e+04 2.157781591971254238e+04 -4.776054518619637923e-02 -2.837232253271385063e-01 2.165399439121636897e+04
5.408461375308333885e+01 2.429971840235617128e+04 2.424563378860308876e+04 2.711547656479070256e-01 -1.977631856824991763e-01 2.439008476167544723e+04
7.193553103866118192e+01 1.943027854326649322e+04 1.935834301222783324e+04 8.390777851256711051e-01 -2.074085942911682301e-01 1.928128374323123717e+04
1.714587711721630399e+02 2.031904539802528598e+04 2.014758662685312447e+04 2.603352579297376068e-01 1.204007365573344507e-01 2.048695427828113679e+04
1.879221394307226376e+02 1.864652344595792965e+04 1.845860130652720545e+04 5.132907691217942769e-01 1.413514940421384258e-01 1.852575314224751128e+04
3.603777058261002821e+02 1.904752537525958178e+04 1.868714766943348150e+04 7.040103793912894092e-01 3.120339874285982251e-01 1.933030137999819635e+04
8.753259654002083607e+02 1.878004891751663308e+04 1.790472295211642631e+04 1.121161704549701099e+00 1.898798475420514220e-01 1.908935204588057240e+04
2.122425741800133892e+03 2.007813223499859669e+04 1.795570649319846416e+04 1.464756231922426544e+00 -1.108909175002851383e-01 2.236964845852051076e+04
4.404723098702835159e+03 2.387114409834260732e+04 1.946642099963977307e+04 1.445365935153809067e+00 -1.449946968086774680e-02 2.471135474297181281e+04
1.205576770602200850e+04 3.433821918226189155e+04 2.228245147623988305e+04 1.875543434349631999e+00 1.347852233080584078e-02 4.782350554011113127e+04
