5.211478596838752253e+01 2.162487893556352356e+04 2.157276414959513568e+04 1.117658601116729433e-01 -4.407860447001474280e-01 2.179345754488066814e+04
4.934673266730270313e+01 2.429773772795631521e+04 2.424839099528901352e+04 2.168728977173936256e-01 -2.773555523280025747e-01 2.431986759683688069e+04
7.291190320620100351e+01 1.945292572225211552e+04 1.938001381904591472e+04 8.660340213426728218e-01 -1.294618672607654453e-02 1.925242604823239162e+04
1.602248956167745462e+02 2.032471214871047050e+04 2.016448725309369547e+04 2.566756399741998984e-01 -5.419296261542382726e-02 2.049744691796480765e+04
1.876655223222412587e+02 1.865937586386629846e+04 1.847171034154405788e+04 4.706510234482841892e-01 2.160309810094114269e-01 1.861972177072228442e+04
3.822344460815706952e+02 1.905035057145773681e+04 1.866811612537616747e+04 7.119266634130698712e-01 2.008860040439628125e-01 1.947225406779517652e+04
8.919300711713669898e+02 1.874935569838429001e+04 1.785742562721292416e+04 1.066389371101065908e+00 5.697780931208273891e-02 1.892737338907440426e+04
2.085468836157784153e+03 2.003263952179481930e+04 1.794717068563703651e+04 1.175465923613408625e+00 -3.864915220397260875e-02 2.221441694244858445e+04
4.434907692888127713e+03 2.392274164520568957e+04 1.948783395231756003e+04 1.390239114134010023e+00 -3.610359226316190578e-02 2.460209346507120063e+04
1.181477492685702236e+04 3.375779890755435918e+04 2.194302398069733681e+04 2.177877099870753952e+00 7.081324029950702981e-02 4.680824715986928641e+04
