4.835722854251847735e+01 2.161267699115207506e+04 2.156431976260955707e+04 3.643031436630279618e-01 -2.887628475188255828e-01 2.166087094830647402e+04
5.099251477555641543e+01 2.428934467651763043e+04 2.423835216174207380e+04 3.507950409911825829e-01 -3.566739452659133808e-02 2.447059076360876861e+04
7.159838963285271518e+01 1.942451412186697416e+04 1.935291573223411979e+04 8.647037978463537611e-01 -1.523770412767375959e-01 1.921245996955780720e+04
1.630514625622964786e+02 2.029428391435826052e+04 2.013123245179596415e+04 2.413298678552203425e-01 7.771697875442330761e-02 2.039369752275478822e+04
1.898945438838655946e+02 1.865921822303119916e+04 1.846932367914733186e+04 5.907509487958163552e-01 5.934328271957737405e-02 1.859313549267288181e+04
3.739136250298067239e+02 1.904186229170420484e+04 1.866794866667439783e+04 8.972704016517157877e-01 2.615083576405093368e-01 1.942627360718744967e+04
8.735724198634402455e+02 1.877827656889110949e+04 1.790470414902766788e+04 1.101619164550116325e+00 1.982860962063298649e-01 1.911410719972083098e+04
2.067033462886230154e+03 2.001373411914704411e+04 1.794670065626081487e+04 1.136204880101193027e+00 -1.786547605679383172e-02 2.227836705602166694e+04
4.701013463519109791e+03 2.429460373786849959e+04 1.959359027434938980e+04 1.630604186650080001e+00 -4.185233935104621522e-02 2.524258991930546472e+04
1.204567475338418262e+04 3.453840155590474751e+04 2.249272680252056307e+04 1.720194250170823835e+00 4.380341223981635418e-02 4.676385516399408516e+04
