5.024236672759968059e+01 2.163146747871601838e+04 2.158122511198842039e+04 2.361989393454001218e-01 -3.705774639031080842e-01 2.185207470407973233e+04
5.405083371602299280e+01 2.430355999589265775e+04 2.424950916217663325e+04 4.597720073533105301e-01 -5.056260729352351352e-02 2.462334776091216190e+04
7.149409803059232615e+01 1.944741766972188998e+04 1.937592357169129900e+04 8.832086241309430319e-01 -6.574506152534419223e-02 1.929684964148062500e+04
1.621073893825642642e+02 2.030810147228854112e+04 2.014599408290597785e+04 2.119681149337190595e-01 6.459385942006412758e-03 2.041904975184493378e+04
1.921986980403237624e+02 1.861212603634518746e+04 1.841992733830486395e+04 6.408031149170574370e-01 8.553406273241588587e-02 1.848090216875076294e+04
3.722244265033676811e+02 1.906386489658362916e+04 1.869164047008026319e+04 7.396656578309260821e-01 1.530017309462414488e-01 1.938129338449950956e+04
8.492424453320876410e+02 1.876765157428299426e+04 1.791840912895090514e+04 9.674507922834032492e-01 1.662730061981362306e-01 1.904836020422306683e+04
2.120864022071626096e+03 2.007223137452724768e+04 1.795136735245562159e+04 1.163215267552563104e+00 3.867866815824813620e-02 2.228494696451342315e+04
4.778574221894477887e+03 2.433890958121389485e+04 1.956033535931941879e+04 1.442320708521797279e+00 8.670601889035560450e-02 2.547080973347176041e+04
1.218366485423669837e+04 3.435360858089422982e+04 2.216994372665753326e+04 1.741286213174377373e+00 1.881620490383210595e-02 4.710404582824258250e+04
