4.998941555521506075e+01 2.164443859435006016e+04 2.159444917879484638e+04 -8.917893782037304706e-02 -3.219553627325766332e-01 2.174940564779160195e+04
5.402299063094734777e+01 2.428843209369291799e+04 2.423440910306197111e+04 2.798547773764754054e-01 -9.242703457845569126e-02 2.445942007194276812e+04
7.470801350118273376e+01 1.939082711668327829e+04 1.931611910318209630e+04 8.493217435866852183e-01 -1.812839365249125090e-01 1.917158839623328458e+04
1.629671532008118220e+02 2.034263542510550906e+04 2.017966827190469849e+04 2.273421592842674865e-01 2.675270267053111647e-02 2.053795171957845741e+04
1.913673568058142109e+02 1.862396816735704851e+04 1.843260081055123374e+04 6.275248158864239478e-01 1.445813525329399385e-01 1.847291312016098891e+04
3.692030738266480512e+02 1.907126123193667081e+04 1.870205815811002321e+04 5.968151172229302359e-01 2.513950594799665983e-01 1.943892240213527111e+04
8.716582470714520241e+02 1.874977382367439714e+04 1.787811557660294420e+04 1.060497429585349538e+00 1.128839506334009674e-01 1.904456262792497364e+04
2.088872027070505283e+03 2.006342789183667992e+04 1.797455586476617464e+04 1.371318762297939253e+00 -1.348115736088178473e-01 2.236175955591861930e+04
4.429607878291059023e+03 2.377816864061648084e+04 1.934856076232542182e+04 1.480252378238511524e+00 4.665922444952191883e-02 2.470629994127356258e+04
1.181542315462965598e+04 3.374507575862264639e+04 2.192965260399298859e+04 1.713366404194924142e+00 5.867459305583949680e-02 4.514206301534528029e+04
