4.947083296077079240e+01 2.163396646165361381e+04 2.158449562869284273e+04 2.662171832256063908e-01 -1.827092937072905265e-01 2.184173811622826906e+04
5.100295512405804033e+01 2.431355063554476874e+04 2.426254768042071009e+04 4.028574893307264593e-01 -1.513147622660145075e-01 2.440953695766016972e+04
7.028053757455796813e+01 1.938586342178943232e+04 1.931558288421487305e+04 9.011470806147992008e-01 -2.122933107644608963e-01 1.917938908315408480e+04
1.604939341762007530e+02 2.034022241022984235e+04 2.017972847605364223e+04 2.232850068388944342e-01 -1.568927036009028775e-01 2.054110147206984038e+04
1.945084500053924614e+02 1.865190596083210403e+04 1.845739751082671137e+04 6.074514642687324217e-01 2.253380137124592064e-01 1.866249861867448635e+04
3.642587928784303131e+02 1.904748135245159938e+04 1.868322255957316884e+04 5.996452918936093779e-01 1.873684165225792952e-01 1.941494848120385359e+04
8.306559365911714394e+02 1.874748785464100729e+04 1.791683191804983653e+04 1.099530956912367907e+00 1.038845582600434331e-01 1.894955765829145457e+04
2.053283748828057014e+03 2.001654035772447969e+04 1.796325660889642313e+04 1.303686631526544959e+00 -1.367142413448557969e-01 2.215040938319318593e+04
4.503662289367663107e+03 2.396140936546724697e+04 1.945774707609958568e+04 1.568245740942144417e+00 -8.073808161986143275e-03 2.466766417740337420e+04
1.162525306536312564e+04 3.370417594750613353e+04 2.207892288214300788e+04 2.198168832097614267e+00 1.368965669438554633e-01 4.655230730361642054e+04
