4.722346273566997610e+01 2.160310550410675569e+04 2.155588204137108551e+04 1.316699022742704589e-02 -2.601097310325998779e-01 2.166876304328868719e+04
4.878522579974575279e+01 2.429060718674614691e+04 2.424182196094639949e+04 3.483193252959254083e-01 -1.992082665332380598e-01 2.432460957575835710e+04
7.612420427349898944e+01 1.942007165399234145e+04 1.934394744971884211e+04 8.107479028196274973e-01 -1.709512548913697805e-01 1.933994118578473353e+04
1.648277758294554474e+02 2.029505403341279452e+04 2.013022625758333743e+04 2.954297939364458059e-01 2.604735614979513184e-02 2.040749150789590567e+04
1.930678443969447642e+02 1.861977079727864839e+04 1.842670295288170382e+04 5.744730158368932527e-01 1.331637558200667870e-01 1.850803353469592912e+04
3.717493753300856838e+02 1.901653493164991596e+04 1.864478555631983181e+04 9.230166159663616421e-01 2.600745833031521959e-01 1.931347272588178384e+04
8.585967147824233052e+02 1.877310807920780644e+04 1.791451136442538336e+04 1.009369682635783638e+00 9.059423382220815890e-02 1.905299785305141631e+04
2.050402999273565001e+03 2.003826049145967045e+04 1.798785749218610727e+04 1.197147599118718153e+00 -4.813425378594225063e-02 2.235447325721242305e+04
5.037019957193698247e+03 2.459039318323766929e+04 1.955337322604397195e+04 1.510080865631629576e+00 3.780042726234750933e-02 2.608180598455383733e+04
1.195848042768544292e+04 3.417697254342144879e+04 2.221849211573600769e+04 1.608354591957676050e+00 -4.620448361974274776e-02 4.776797181654640008e+04
