4.743509485290702798e+01 2.163931531760677899e+04 2.159188022275387266e+04 1.980689620119101824e-01 -2.624203189814642290e-01 2.179189214963150152e+04
5.017293335983963942e+01 2.431134391298045375e+04 2.426117097962061234e+04 2.827452980081278100e-01 -1.889734066215809916e-01 2.439117264893134052e+04
7.280545240940749352e+01 1.943163160173337383e+04 1.935882614932396609e+04 8.929706000754326078e-01 -2.821256452655691027e-01 1.928250418502420871e+04
1.650109401241284957e+02 2.033674487568319819e+04 2.017173393555907023e+04 2.194406370974164855e-01 -1.228265046427530899e-01 2.050220923436182056e+04
1.848906092918500974e+02 1.867996034565404261e+04 1.849506973636219118e+04 5.063584305874648805e-01 1.496440270877585632e-01 1.865938626936249784e+04
3.721963942061049693e+02 1.906001066227315096e+04 1.868781426806704621e+04 6.433841490630557436e-01 3.078497238667994296e-01 1.943577841024968075e+04
8.699018394244652654e+02 1.876336552228494838e+04 1.789346368286048164e+04 9.287074643993685763e-01 1.023877647788041384e-01 1.897493847853039915e+04
2.105056247180906212e+03 2.008652168449606688e+04 1.798146543731516067e+04 1.075909246790034857e+00 3.227125518503079493e-02 2.241668521900297856e+04
4.602147897737219864e+03 2.409897986887290244e+04 1.949683197113568167e+04 1.564892286712719072e+00 -3.371428063099279893e-02 2.492697358999327844e+04
1.197960652854962427e+04 3.410880847332642588e+04 2.212920194477680343e+04 1.847734158669578797e+00 5.843785973012477486e-02 4.614182659764523851e+04
