5.170226685650451515e+01 2.160885909687965614e+04 2.155715683002315200e+04 -8.854350094534568782e-02 -1.894385739444888195e-01 2.169443962469240068e+04
4.882214089149888281e+01 2.430807930625911467e+04 2.425925716536761684e+04 4.131892218243249371e-01 -1.628535337718878262e-01 2.441584171041409718e+04
7.017129689357449251e+01 1.943746979410981294e+04 1.936729849721623759e+04 8.371736328296575103e-01 -1.702318636822250653e-01 1.924044019626859154e+04
1.674578346413215115e+02 2.033141148601729583e+04 2.016395365137597400e+04 3.091495930463075692e-01 4.721735676784538649e-02 2.049590678650917107e+04
1.956750545335313234e+02 1.864714163486006873e+04 1.845146658032653795e+04 5.590562299440928751e-01 2.390437871614551624e-01 1.857135082391154720e+04
3.802329577999130947e+02 1.905606799874501667e+04 1.867583504094510499e+04 7.619225834755054549e-01 2.332222109452467829e-01 1.949588694576166017e+04
9.034427007832791787e+02 1.886660424122211771e+04 1.796316154043883944e+04 1.107301669586584714e+00 1.339415058196798958e-01 1.924827428367012908e+04
2.096965901953300545e+03 2.007206682342322529e+04 1.797510092146992611e+04 1.047908363541485421e+00 -9.484492129771017466e-03 2.232387745842755612e+04
4.486321623146268394e+03 2.391190453189695108e+04 1.942558290875068269e+04 1.482974233353740567e+00 3.800353665702179556e-02 2.461006164452745725e+04
1.172123379436298637e+04 3.394085297007209010e+04 2.221961917570910373e+04 1.569899890416194710e+00 7.740294582853256278e-02 4.708722824952618976e+04
