5.059786387469162605e+01 2.160985711279993484e+04 2.155925924892524199e+04 -5.377202397648709470e-02 -1.925663817960938939e-01 2.174346786564780268e+04
5.036787111151204499e+01 2.429137213807549415e+04 2.424100426696398063e+04 3.037437540457275653e-01 -7.796818916222041096e-02 2.439213358298583626e+04
7.007081269589284034e+01 1.942244879897964711e+04 1.935237798628375458e+04 7.510987315964605671e-01 -1.042843876527055208e-01 1.921751941586804242e+04
1.613305220313100676e+02 2.031690319528037071e+04 2.015557267324906206e+04 2.121932042344670810e-01 -2.811705986263262139e-02 2.055441609993603925e+04
1.938931271981297755e+02 1.866910422744716925e+04 1.847521110024903828e+04 6.419686339092768312e-01 2.038523692919277097e-01 1.868588033413343146e+04
3.777514277372388847e+02 1.906591286304559981e+04 1.868816143530836052e+04 6.687630524410316246e-01 1.360465683375893520e-01 1.944727378010366738e+04
8.713446469097043519e+02 1.877501653697738220e+04 1.790367189006767876e+04 1.055341144868193526e+00 3.251066069807251498e-04 1.915044895449169780e+04
1.977872298043641422e+03 1.996058079067296057e+04 1.798270849262931733e+04 1.076463546416486006e+00 -6.146874010192399790e-02 2.220377280932733993e+04
4.717102499964687013e+03 2.417350103699056126e+04 1.945639853702587425e+04 1.404065816110161791e+00 2.486430266676342704e-02 2.514747973265498877e+04
1.159845979636625452e+04 3.365977019064862543e+04 2.206131039428237273e+04 1.783598706989981464e+00 3.831447470972240699e-02 4.565367758332032099e+04
