4.895030169000014553e+01 2.162723700858818847e+04 2.157828670689818682e+04 1.685055420567864448e-01 -2.942651563513405399e-01 2.178474379009100085e+04
5.028730169978624076e+01 2.427737211271885826e+04 2.422708481101907091e+04 3.965915202179694510e-01 -1.138301817004430810e-01 2.437115978105404793e+04
7.178338801387489809e+01 1.944220334751508926e+04 1.937041995950121418e+04 9.220680366866215172e-01 -2.228032535376440471e-01 1.928323901927994666e+04
1.592873850104881512e+02 2.027247575150551711e+04 2.011318836649502919e+04 1.517530420855771611e-01 1.339790747019453943e-01 2.035881475511097960e+04
1.836359209250050526e+02 1.866666417691039896e+04 1.848302825598539494e+04 5.496517558221191146e-01 6.044959105069539623e-02 1.849497200200332736e+04
3.759556621408906949e+02 1.905898065469751236e+04 1.868302499255662042e+04 7.065008624677248106e-01 2.450840288629066721e-01 1.945934151021493381e+04
8.352317398509392206e+02 1.874845294281168026e+04 1.791322120296073990e+04 1.163548926808557482e+00 -7.902120036823268717e-03 1.900765854425024736e+04
2.191040730752750733e+03 2.015973541197512168e+04 1.796869468122237231e+04 1.219977896911527138e+00 1.077913966257493666e-01 2.270108392752910004e+04
4.516707438725453358e+03 2.397793460980125383e+04 1.946122717107579956e+04 1.613740222050809914e+00 -1.559615176511035262e-01 2.473708179812096205e+04
1.176983278723648800e+04 3.383145200886313251e+04 2.206161922162664268e+04 1.605756757640296017e+00 8.656252784315510151e-02 4.564095007194716891e+04
