5.078195834271983244e+01 2.164394643296391951e+04 2.159316447462120050e+04 5.143779590528948370e-02 -2.949635355099753942e-01 2.178090223115020490e+04
5.373569749119402417e+01 2.428506120002853277e+04 2.423132550253734007e+04 3.598003607282772021e-01 -6.832360254829424051e-02 2.438057654706024550e+04
7.269640064264811485e+01 1.938064646281720707e+04 1.930795006217455739e+04 8.234860172415198187e-01 -2.748309129353869451e-02 1.903533913008696254e+04
1.621772684373567017e+02 2.028941444923254676e+04 2.012723718079518949e+04 2.251854164879757147e-01 6.527992274266870842e-02 2.035249187839368096e+04
1.966906598901187522e+02 1.866137404381193846e+04 1.846468338392181977e+04 4.946195310124748556e-01 2.453110267467080163e-01 1.862740821272786707e+04
3.746872741489181067e+02 1.908105691190346624e+04 1.870636963775454933e+04 6.158711167216497362e-01 1.598430002341258982e-01 1.952124450549539688e+04
8.218054849038686598e+02 1.872213692068043383e+04 1.790033143577656665e+04 1.252892598039285987e+00 4.730569801144487302e-02 1.886672096517812679e+04
2.047900388412612756e+03 2.001551506540434639e+04 1.796761467699173227e+04 1.063066397901814009e+00 -1.031342959714605240e-01 2.231833751337052672e+04
4.261543143380811671e+03 2.360491190434071177e+04 1.934336876095990010e+04 1.601677484727225043e+00 1.488251205997255695e-02 2.448175309096930869e+04
1.188630139076993146e+04 3.405392194022549666e+04 2.216762054945556520e+04 1.653300687999124774e+00 4.571615607503849645e-04 4.634509125982261321e+04
