4.769391964960288277e+01 2.165418508002332237e+04 2.160649116037372005e+04 3.727694250031359791e-01 -2.789378007787764457e-01 2.182095130067387072e+04
5.338352544134179567e+01 2.430351034659664947e+04 2.425012682115530697e+04 3.773774877754791923e-01 -1.694561467538567845e-01 2.445969202362268334e+04
7.398599045989578826e+01 1.941970181008846703e+04 1.934571581962857090e+04 8.749756964714641150e-01 -1.491137536462555369e-01 1.923723026557928461e+04
1.617267757425000809e+02 2.034189515772625236e+04 2.018016838198375262e+04 1.836967909185908132e-01 8.717645934245529457e-03 2.057364100306752152e+04
1.881639049857738542e+02 1.864090410860305201e+04 1.845274020361727889e+04 4.784122154196199794e-01 3.285284234154550176e-01 1.844985600215631712e+04
3.755960624271504003e+02 1.904577811098329403e+04 1.867018204855614385e+04 6.762573499312262149e-01 2.779853438667035381e-01 1.940168828054787809e+04
8.609161605697869390e+02 1.878414693448998150e+04 1.792323077392019331e+04 1.106919692331969740e+00 2.610986863854867779e-01 1.907347463205408712e+04
2.110541287436926723e+03 2.008565743651166849e+04 1.797511614907473995e+04 1.171890420989782244e+00 3.375904915745490259e-02 2.228739973298133191e+04
4.457861499679140252e+03 2.398194363911879555e+04 1.952408213943965529e+04 1.445642772332408788e+00 -5.531334527658887668e-02 2.499965336591665255e+04
1.157685466478740818e+04 3.356140407853855868e+04 2.198454941375114868e+04 1.786621899720505668e+00 1.280993418778812731e-01 4.449872976133353222e+04
