5.163527838873200437e+01 2.165365637134521603e+04 2.160202109295648552e+04 2.020524283180951119e-01 -2.274175965034568592e-01 2.180799818666415740e+04
5.106725954205150231e+01 2.428180369022945888e+04 2.423073643068740785e+04 4.117113478926496817e-01 -3.362390416470397159e-01 2.446830069365361123e+04
7.110596430892721287e+01 1.942731424548685027e+04 1.935620828117792189e+04 8.184893943055365773e-01 -2.206946622018446658e-01 1.920950947712788911e+04
1.584749142041698065e+02 2.031865594872218935e+04 2.016018103451802017e+04 2.324481120825080405e-01 1.583318332204497192e-01 2.044324038355211815e+04
1.823866971417223510e+02 1.867337721130300270e+04 1.849099051416127986e+04 4.923401790086680552e-01 3.593235237860047809e-03 1.858339622627306017e+04
3.733551998029227548e+02 1.906126122645042051e+04 1.868790602664749895e+04 6.255763086197839717e-01 1.935313555751468628e-01 1.944410939196344407e+04
8.603995601369133510e+02 1.876837716245053525e+04 1.790797760231362190e+04 1.244899648684028692e+00 1.676923830046123942e-01 1.903793149933833774e+04
2.165786460303081185e+03 2.014954763850446398e+04 1.798376117820138461e+04 1.320634216735672162e+00 -6.897626199860974749e-02 2.261084558194588317e+04
4.692880390824940150e+03 2.414422182833484112e+04 1.945134143750990188e+04 1.374133373101350308e+00 -8.435874400669356177e-02 2.530321582516801573e+04
1.190942967594986476e+04 3.392311043397370668e+04 2.201368075802384192e+04 1.532856423706534521e+00 5.995321622253247523e-02 4.687323073733175988e+04
