4.559004944287164562e+01 2.160291111655281202e+04 2.155732106710994049e+04 -1.744843952961023723e-02 -2.079741008602127572e-01 2.158528350023205712e+04
5.191219942488470451e+01 2.430368323073475767e+04 2.425177103130987234e+04 4.399294973050354440e-01 -1.901633346184160300e-01 2.451754680974233270e+04
7.098728958574881176e+01 1.943805706878950514e+04 1.936706977920375721e+04 8.588225469462055228e-01 -8.026732448939578879e-02 1.930689602249855670e+04
1.620076547902309301e+02 2.030853339496111221e+04 2.014652574017088045e+04 2.834150366432379164e-01 -1.234551800001718186e-01 2.037799660086428776e+04
1.929973501237601852e+02 1.863556637671224598e+04 1.844256902658848412e+04 5.585543816559526142e-01 5.454991622536217721e-02 1.849803228651692552e+04
3.681240842637985793e+02 1.905844020974782325e+04 1.869031612548402336e+04 6.158436187867637468e-01 9.860118870332530705e-02 1.947630848906621395e+04
8.555481185777251767e+02 1.873949423364604445e+04 1.788394611506832007e+04 1.137864941705138522e+00 2.309681947611233743e-01 1.896257292858768051e+04
2.016659774224481907e+03 1.999089453906508061e+04 1.797423476484059938e+04 1.208452677929506169e+00 -3.529969142688916400e-02 2.218962962254402373e+04
4.617918282376832394e+03 2.408143632790242191e+04 1.946351804552559042e+04 1.456739412674104672e+00 8.380572256050581106e-03 2.502130130026216648e+04
1.215242294203023266e+04 3.425874071045980236e+04 2.210631776842956970e+04 1.737220977651824150e+00 6.930181760730499962e-02 4.715556692943556118e+04
