4.861253871906374258e+01 2.161484739917539628e+04 2.156623486045633399e+04 -5.213245378522873841e-02 -2.603088519771576403e-01 2.170263906191185379e+04
5.142115756327794429e+01 2.430755562382304561e+04 2.425613446625976940e+04 3.223408167360661825e-01 -1.522809526393295865e-01 2.439817730816939365e+04
6.948392370758935499e+01 1.937270186978201673e+04 1.930321794607442644e+04 8.180201920951343242e-01 -1.253363919884119826e-01 1.917897114221644370e+04
1.592894525251842026e+02 2.032749691241473920e+04 2.016820745988955605e+04 2.372957254489825585e-01 -5.681861165405966557e-02 2.044762326054204095e+04
1.864517880728605235e+02 1.864429706742675626e+04 1.845784527935389633e+04 5.823612851303190396e-01 7.503527744882530770e-02 1.843865579415078537e+04
3.747930470232209927e+02 1.901913150093679724e+04 1.864433845391357681e+04 6.540258368849675152e-01 1.483841832183020182e-01 1.927634566436460227e+04
8.636770506935054073e+02 1.878736131339374697e+04 1.792368426270024065e+04 1.404938919098748018e+00 2.392788121695206272e-01 1.900336708901738530e+04
2.104201505116149747e+03 2.005627360381221661e+04 1.795207209869606595e+04 1.334537019111281531e+00 -2.972773706722301248e-02 2.210602089278952917e+04
4.486294048189470232e+03 2.391877931188391449e+04 1.943248526369444517e+04 1.356071112916427124e+00 -2.002213852357910464e-03 2.464014112593601749e+04
1.206355974223926205e+04 3.421210885099185543e+04 2.214854910875259520e+04 1.827906381302873529e+00 7.147016785789861437e-02 4.722043240438397333e+04
