4.829654739325732749e+01 2.162061083689772568e+04 2.157231428950446934e+04 1.071023874182531893e-01 -2.345691741363317984e-01 2.166906442368290664e+04
5.320577742697428647e+01 2.430239335595273951e+04 2.424918757852576528e+04 2.799585876193639855e-01 -2.086522208521442712e-01 2.441868710810543416e+04
7.063567895892494164e+01 1.941534169989782094e+04 1.934470602093889465e+04 8.387467022319515797e-01 -6.111444604491438753e-02 1.917971112754856222e+04
1.659335493380153537e+02 2.030421735643565989e+04 2.013828380709764315e+04 1.575426661411169216e-01 -9.306188205653165291e-02 2.046593625361348677e+04
1.868599114965939236e+02 1.865613081604392573e+04 1.846927090454733116e+04 6.861191727998594558e-01 1.223573573289537114e-01 1.842018027844522658e+04
3.583585838375739741e+02 1.909345418437928311e+04 1.873509560054171016e+04 6.807202748401713910e-01 2.573749213347142906e-01 1.952466866805232712e+04
8.831018755586076168e+02 1.877388057358767037e+04 1.789077869802906207e+04 1.311415201807172304e+00 1.696983118099560095e-01 1.911602365724224728e+04
2.115506421365123060e+03 2.007069429144874448e+04 1.795518787008362051e+04 1.281418241163368998e+00 -5.078188549730709017e-02 2.230278470415954507e+04
4.690851553488905665e+03 2.424114866333409009e+04 1.955029710984518533e+04 1.530133722055657453e+00 -1.265092428049990371e-02 2.514578255296952193e+04
1.204783169977003308e+04 3.439441247242169629e+04 2.234658077265166503e+04 1.688140299689703694e+00 1.005304851995459936e-01 4.603514030406883103e+04
