4.797560845601437762e+01 2.163554896198578717e+04 2.158757335352977316e+04 1.485803902311696456e-01 -1.955481810247026442e-01 2.164369166377383590e+04
4.831077122955161229e+01 2.425861668598191682e+04 2.421030591475236361e+04 2.932785483120531889e-01 -1.459829033938584569e-02 2.437880158864676196e+04
7.273417928862630788e+01 1.938377260519758056e+04 1.931103842590895511e+04 8.795313321496823766e-01 -9.051252329532850915e-02 1.913650503703176219e+04
1.644887981794693985e+02 2.029420479687771876e+04 2.012971599869824786e+04 2.155775612641661898e-01 4.386822422128536236e-02 2.049418809737191623e+04
1.850078528747928033e+02 1.866623772911293781e+04 1.848122987623814333e+04 4.578860663747144066e-01 1.451959345668174250e-01 1.861915337846339389e+04
3.811741912528232206e+02 1.904613943569305775e+04 1.866496524444023453e+04 6.145267264139396834e-01 1.286198260548271632e-01 1.940956577412053957e+04
8.456953977470252539e+02 1.873466836629529280e+04 1.788897296854826709e+04 1.263391576225975976e+00 1.131686477063159058e-01 1.893370470742900216e+04
2.121122686100485680e+03 2.010431759538990082e+04 1.798319490928941377e+04 1.153127587050885694e+00 -6.760855738106230639e-02 2.242029286865127870e+04
4.673602038308814372e+03 2.417114908454032047e+04 1.949754704623150610e+04 1.373981441862258235e+00 -8.306136013084992886e-02 2.486171070373645489e+04
1.188711749990541648e+04 3.422495043454173720e+04 2.233783293463632072e+04 1.744606263966781645e+00 1.070368511522043348e-01 4.712589986825491360e+04
