4.797196910431607364e+01 2.160850342247759545e+04 2.156053145337327805e+04 1.246344906573092735e-02 -1.938999451445708733e-01 2.163903202697030429e+04
5.125785932434147441e+01 2.427074335449821592e+04 2.421948549517387437e+04 3.162479610580495315e-01 -2.134858978629926574e-01 2.433385776776134662e+04
7.189063598536148447e+01 1.939618165327674069e+04 1.932429101729137983e+04 8.396931819963358024e-01 -9.513238422165131228e-03 1.912238076398168414e+04
1.600602161069384124e+02 2.036188919599064320e+04 2.020182897988370314e+04 2.396821146222342380e-01 -2.045565737477304802e-01 2.051019154742023238e+04
1.876422778834145788e+02 1.865638283650793528e+04 1.846874055862452224e+04 4.995770034861304332e-01 4.156901231649678258e-02 1.864601367659682364e+04
3.697265144378905575e+02 1.903998407601803774e+04 1.867025756158014701e+04 5.863780783873728808e-01 1.865667270621903795e-01 1.929917038286157185e+04
8.399959256133262215e+02 1.877382057096833159e+04 1.793382464535500549e+04 1.246400840092653839e+00 9.519462899497353747e-02 1.900609424776303058e+04
2.052604971047747313e+03 2.000014952697353510e+04 1.794754455592578597e+04 1.316306623435437251e+00 4.702793456434667396e-02 2.212285608821226560e+04
4.600281482973883612e+03 2.418798252194358065e+04 1.958770103896969522e+04 1.622264527230917297e+00 -1.597331472862066892e-01 2.495787351218915137e+04
1.225357886977276576e+04 3.431997830816168425e+04 2.206639943838891850e+04 1.834652170507204305e+00 6.263802281614903010e-03 4.748649675229501008e+04
