5.071811639889643430e+01 2.164057749299687930e+04 2.158985937659798219e+04 2.829567607365948700e-01 -2.536241685633351395e-01 2.185952106338693193e+04
5.157733567359800020e+01 2.430262235408003471e+04 2.425104501840643570e+04 2.809252021198312965e-01 -1.481224046065719724e-01 2.443775389255252594e+04
7.222463801017825347e+01 1.942168801706053273e+04 1.934946337905035398e+04 8.463108937051743164e-01 -2.146603139093761492e-01 1.921593404813194866e+04
1.596243748793888528e+02 2.035499172781905145e+04 2.019536735293966194e+04 2.364036541577910489e-01 -2.011200827229152333e-01 2.052744603112409095e+04
1.916266849217821289e+02 1.864784169316653424e+04 1.845621500824475152e+04 4.793328126266182543e-01 2.535288641132810508e-02 1.859258660019944000e+04
3.567327428943501673e+02 1.904788692799624914e+04 1.869115418510189920e+04 6.355910337602486138e-01 2.199270179148766491e-01 1.934597043026694519e+04
8.452584475571597977e+02 1.877171295683768403e+04 1.792645450928052378e+04 1.007279571018589337e+00 1.009140070832814234e-01 1.904284623123282290e+04
2.090288621940758276e+03 2.005432437307963119e+04 1.796403575113887200e+04 1.245886024465741704e+00 -1.656929818618605582e-02 2.220886734697537759e+04
4.640710006114210046e+03 2.424534414959967398e+04 1.960463414348546212e+04 1.441126014381486797e+00 2.135977914489499765e-02 2.491051615630109882e+04
1.205992956054312526e+04 3.415328843317786232e+04 2.209335887263473705e+04 1.512542463749620758e+00 1.284771626575795522e-01 4.680985118294875429e+04
