4.592391821695441223e+01 2.162720489664455454e+04 2.158128097842759962e+04 -1.025830739862251817e-01 -4.101222013412119671e-01 2.169689346508341987e+04
5.417244747748628697e+01 2.428937317135717967e+04 2.423520072387969412e+04 3.984876679327114535e-01 -2.165734970563167605e-01 2.440577206535402001e+04
7.396063720402307240e+01 1.942572898283841641e+04 1.935176834563439479e+04 8.714067201911767091e-01 -1.216095834200106446e-01 1.932992494437491041e+04
1.606911665763789188e+02 2.028903449148710934e+04 2.012834332491072928e+04 2.160509392769374148e-01 -6.047401004407895048e-02 2.048702473953974186e+04
1.901503068820062481e+02 1.866511047837574370e+04 1.847496017149373802e+04 6.179836460616786598e-01 1.419313016508609859e-01 1.858245034619125727e+04
3.791044494100859765e+02 1.900993769998064818e+04 1.863083325057056209e+04 6.929747736731433072e-01 1.815836959832344277e-01 1.931128138570754891e+04
8.966424799442870608e+02 1.881382713178579070e+04 1.791718465184150409e+04 1.173202930090182505e+00 5.646073104115067326e-02 1.910801853936291445e+04
2.125850149524734661e+03 2.008155478858899733e+04 1.795570463906426448e+04 1.295231291864081369e+00 7.924792313659397014e-02 2.247879167717879318e+04
4.739359703683750922e+03 2.426562558243179956e+04 1.952626587874804682e+04 1.378071175917860325e+00 2.904250620339131686e-02 2.539432454066642458e+04
1.162278656669469638e+04 3.369594418999133632e+04 2.207315762329663994e+04 1.716678359664388642e+00 1.329895910327811258e-02 4.539583846422620991e+04
