4.842316582102326805e+01 2.160926366462624719e+04 2.156084049880522434e+04 1.886481776065921656e-01 -2.622562901445280592e-01 2.162142894813050953e+04
5.221898299911393337e+01 2.429164986000301360e+04 2.423943087700389879e+04 5.512519144215510813e-01 -2.250978023649902182e-01 2.446379698695132538e+04
7.004936440126753894e+01 1.942699172159187219e+04 1.935694235719060453e+04 8.904805709151814019e-01 -2.016641943355788058e-01 1.932154932500116411e+04
1.583273495812431690e+02 2.031963562896180520e+04 2.016130827938056245e+04 2.508889217032541641e-01 2.097892779958253004e-02 2.032223491183814986e+04
1.924539824251818345e+02 1.865432985361161991e+04 1.846187587118643933e+04 5.854149428989207093e-01 1.185901442723051868e-01 1.872359771062613436e+04
3.728914411460972360e+02 1.902660011887207656e+04 1.865370867772597921e+04 6.059066249951340355e-01 1.367153497418369668e-01 1.929831348189088385e+04
8.862549543960174105e+02 1.878435928952226459e+04 1.789810433512624877e+04 1.232213466490960974e+00 2.068536500993563287e-01 1.913843205294258951e+04
2.076231924723464090e+03 2.005261176375563082e+04 1.797637983903216809e+04 1.330479228009135095e+00 -2.373680223660349850e-02 2.226841836300593786e+04
4.684138770001631201e+03 2.430230100104164740e+04 1.961816223104001620e+04 1.470848250892086595e+00 -7.113703617284544527e-03 2.507276896893486992e+04
1.175870498363354818e+04 3.407950997778405144e+04 2.232080499415050144e+04 1.601769667426165000e+00 1.274880952867493700e-01 4.666733919809320651e+04
