4.999149962279658155e+01 2.162121397601698118e+04 2.157122247639418492e+04 -9.820049111037439105e-02 -9.645469541240929423e-02 2.165439561139927173e+04
5.130879685828855941e+01 2.430286717167412280e+04 2.425155837481583512e+04 3.169682548890158658e-01 -6.090415703378394136e-02 2.441039797140731025e+04
7.270389191522617978e+01 1.943781784623249405e+04 1.936511395431726851e+04 8.200667171008468870e-01 -1.315905001714001987e-01 1.934219566499526627e+04
1.619978606463487267e+02 2.033245242634307215e+04 2.017045456569672388e+04 2.151236934016972635e-01 6.205856712133413049e-03 2.039309851756914577e+04
1.917922128617701105e+02 1.864465305628542410e+04 1.845286084342365575e+04 6.919966151497929374e-01 1.208674998056927796e-01 1.844759446698551619e+04
3.732887344198069854e+02 1.902722155377871604e+04 1.865393281935890991e+04 5.559298209219004638e-01 2.843013644585651867e-01 1.938964236754480953e+04
8.707550421163077772e+02 1.874480261605895794e+04 1.787404757394265107e+04 9.400284257772123508e-01 9.852021450986360451e-02 1.907252697154181806e+04
2.063380220919502335e+03 2.003482153036576710e+04 1.797144130944626522e+04 1.394573074650820699e+00 -1.078866968739556204e-01 2.235967828567448305e+04
4.536272029229123291e+03 2.402129358256700289e+04 1.948502155333787960e+04 1.316056021081077887e+00 1.318758835926886475e-02 2.481300871372755137e+04
1.157287931646480502e+04 3.389995559730562672e+04 2.232707628084082171e+04 1.708276402728163390e+00 4.829161461380554465e-02 4.643721927929762023e+04
