4.818975400432896095e+01 2.161372662394105282e+04 2.156553686993672454e+04 3.185149017323641446e-02 -2.100632859564861843e-01 2.156640139234637536e+04
5.196279522266785023e+01 2.427822071204948952e+04 2.422625791682682029e+04 3.170534173218317320e-01 -1.440490790134298926e-01 2.427541784374760027e+04
7.169305864673796691e+01 1.942861718653432035e+04 1.935692412788758156e+04 8.559042406609685960e-01 -2.116439842608319397e-02 1.928993467418125147e+04
1.689673147592015425e+02 2.032096138349939065e+04 2.015199406874019041e+04 2.877944175881705924e-01 -1.584662319475637349e-01 2.045502050119007254e+04
1.923867292579615764e+02 1.863019578329856085e+04 1.843780905404060104e+04 5.375989510205625432e-01 1.603800807534131456e-01 1.861077690980579791e+04
3.753356473711172043e+02 1.904867667929478557e+04 1.867334103192366820e+04 5.870412984733308637e-01 2.162451198239291605e-01 1.946307947723667166e+04
8.569537188308461282e+02 1.874775102144579432e+04 1.789079730261494842e+04 1.088472839386090740e+00 1.949815353602833701e-02 1.904204267703949517e+04
2.117176956298558707e+03 2.009123588924627620e+04 1.797405893294771886e+04 1.183747636660523295e+00 -1.278893373163969560e-02 2.231461297655725502e+04
4.499243969304196071e+03 2.408737257275550655e+04 1.958812860345131048e+04 1.431711138273961126e+00 -3.238789750490918273e-02 2.471982810620079908e+04
1.151377762695750062e+04 3.345004775964724831e+04 2.193627013268974770e+04 1.750638499940288861e+00 -4.148256447841396077e-02 4.502404710272345255e+04
