4.672506794691551590e+01 2.162479643533545823e+04 2.157807136738854388e+04 9.198068400582966320e-02 -9.613441003222855663e-02 2.160739908097571242e+04
5.238075356388836923e+01 2.429576297776787760e+04 2.424338222420398961e+04 3.445595198836993167e-01 -1.028728249225813601e-01 2.439261574582125468e+04
7.288114651145778566e+01 1.943477224177710377e+04 1.936189109526564425e+04 9.098863319529483240e-01 -1.161809642816068050e-01 1.929273893698327083e+04
1.640540700138994055e+02 2.035085837220368194e+04 2.018680430218978290e+04 2.304321145328272757e-01 -3.981054488291320935e-03 2.057294007967325888e+04
1.926920800848839406e+02 1.866442413667939036e+04 1.847173205659450468e+04 5.148345825726843294e-01 1.837402448718566672e-01 1.848556015366356587e+04
3.802493920080153771e+02 1.905716970821612995e+04 1.867692031620811395e+04 6.070886586343106073e-01 1.769032095885650080e-01 1.952950211129886520e+04
8.405751530471557089e+02 1.873779339324829562e+04 1.789721824020113854e+04 1.406045724255960083e+00 1.876325554116913541e-01 1.907136081757707507e+04
2.040409126671721879e+03 2.002610609496276447e+04 1.798569696829104214e+04 1.133257239775148806e+00 1.552765262689048513e-02 2.228496963846662402e+04
4.554941195526232150e+03 2.399189648737830430e+04 1.943695529185207124e+04 1.862117355151915676e+00 5.701804918653880817e-03 2.487833919753725786e+04
1.175293372515961710e+04 3.414841295917397656e+04 2.239547923401436128e+04 1.636542070644705360e+00 2.939788372158531546e-02 4.557804595142789185e+04
