4.846957757258186206e+01 2.162319019939470309e+04 2.157472062182212176e+04 3.471567962197932844e-01 -2.759845318171578188e-01 2.182240375251912701e+04
5.357653532572962263e+01 2.430084016686489122e+04 2.424726363153916100e+04 3.225282165360981446e-01 -1.659842634053273758e-01 2.442094137207599124e+04
7.294142663042639185e+01 1.937865899703056857e+04 1.930571757040014199e+04 8.390835738951133438e-01 -1.936025713516714430e-01 1.920286348585005908e+04
1.566341030059309674e+02 2.034504885142179046e+04 2.018841474841586023e+04 2.057372441708851252e-01 -1.316696813933876387e-02 2.059315972014004728e+04
1.913601078390407793e+02 1.864517291892410867e+04 1.845381281108506664e+04 6.020002884779135366e-01 1.802210009338363894e-01 1.866680313843353360e+04
3.670971526903896915e+02 1.906250634022934537e+04 1.869540918753895676e+04 6.359429162576127892e-01 2.253742553382927227e-01 1.934268376928293583e+04
8.627350614815983363e+02 1.875807918118954694e+04 1.789534411970794827e+04 9.606854972850852326e-01 4.554668699725151625e-04 1.894778946691528472e+04
2.129611749573520228e+03 2.009662708652100628e+04 1.796701533694748650e+04 1.227812842734527843e+00 4.246023978855873772e-03 2.253832117907372231e+04
4.498943853985359965e+03 2.400931798363136113e+04 1.951037412964599935e+04 1.422248000672443169e+00 6.649518722170628948e-02 2.488970883070130003e+04
1.106152636765927855e+04 3.290764817400288302e+04 2.184612180634360266e+04 1.634010139387620519e+00 7.933634168025203992e-02 4.364251294117274665e+04
