4.859878822794210151e+01 2.162697976455517346e+04 2.157838097632723293e+04 -5.977640559749200326e-03 -1.986320236027271091e-01 2.170563854217752669e+04
5.012209215453827937e+01 2.432110535337066904e+04 2.427098326121612990e+04 4.707319278863300593e-01 -1.648184824876278431e-01 2.446756007561152728e+04
7.139020135729380456e+01 1.940114356423310528e+04 1.932975336287581013e+04 8.472504213339547841e-01 -1.829622478614982561e-01 1.924610743902873946e+04
1.586752829845380575e+02 2.033011386228841002e+04 2.017143857930387094e+04 1.917327396927261951e-01 9.423715060499936180e-02 2.048353852669929620e+04
1.838815356929379732e+02 1.866030955388231450e+04 1.847642801818937733e+04 5.615907490759779463e-01 2.187151390554321895e-01 1.847644118392560631e+04
3.758553183722198696e+02 1.901944713464807865e+04 1.864359181627585713e+04 6.802872199057441449e-01 2.626129581859986128e-01 1.927139044623502559e+04
8.600346229937434828e+02 1.872735137534859678e+04 1.786731675235485454e+04 1.092210814867612401e+00 1.528459631932097273e-01 1.888824190148294656e+04
2.168863919496909602e+03 2.011673990030131245e+04 1.794787598080440148e+04 1.421478514183472486e+00 2.523734249606655530e-02 2.251806193588775568e+04
4.679805673323885458e+03 2.418489969318778094e+04 1.950509401986389639e+04 1.702815112143990950e+00 -7.052397357993747673e-03 2.541985447653559095e+04
1.201922040869320335e+04 3.430416494204167975e+04 2.228494453334847640e+04 1.799273977535752467e+00 7.200630449381628662e-02 4.704615610787628975e+04
