4.770330668248142558e+01 2.162011408288955136e+04 2.157241077620707074e+04 -6.234236237972601291e-02 -1.717534750824324663e-01 2.168234541929872285e+04
5.062901263274923735e+01 2.430576802061079798e+04 2.425513900797805036e+04 3.969495455096962999e-01 -6.823471167070206678e-02 2.451861709954798062e+04
7.127810735111678753e+01 1.944795946373230981e+04 1.937668135638119202e+04 8.809704327830694126e-01 -1.174993612145300848e-01 1.936424892209931204e+04
1.588462339458531574e+02 2.033651823202895321e+04 2.017767199808310033e+04 2.790440822005144095e-01 1.006659634226362288e-01 2.043599489446635562e+04
1.936926600631227018e+02 1.863564357753669537e+04 1.844195091747357219e+04 6.105764452495905381e-01 1.582045251697597188e-01 1.842235793871470378e+04
3.717312405688151102e+02 1.905843290256050386e+04 1.868670166199169034e+04 5.491907395720515561e-01 2.860588657011788327e-01 1.940528316603864005e+04
8.590797359077990905e+02 1.876989421808350744e+04 1.791081448217570869e+04 1.045588989660779955e+00 2.590081999442830352e-01 1.903786597087013433e+04
2.140927942992927001e+03 2.010986587706747014e+04 1.796893793407454359e+04 1.373597012945244389e+00 6.345628673795912500e-02 2.249678130373924796e+04
4.545375390500204958e+03 2.405941433609095111e+04 1.951403894559074615e+04 1.569082949225125923e+00 -6.543006584309031363e-03 2.478229497152343902e+04
1.181279648916899714e+04 3.417034677765122615e+04 2.235755028848222719e+04 1.635730177613672787e+00 1.750010253824300574e-02 4.715957846532601252e+04
