4.798936418414510996e+01 2.164893779220852957e+04 2.160094842802438507e+04 -5.246899914221750394e-02 -1.844612450882480437e-01 2.166615219339468968e+04
5.094408646872248170e+01 2.429323139724626162e+04 2.424228731077753764e+04 6.305258001888129904e-01 -1.935203890778620650e-01 2.436422802879781011e+04
7.092268660096395649e+01 1.943896479334395553e+04 1.936804210674299247e+04 8.524734280310491963e-01 -1.677895959399181292e-01 1.934238787541155398e+04
1.599029665379601965e+02 2.034232829967983344e+04 2.018242533314187312e+04 2.011286845290708447e-01 -2.386926290588867461e-01 2.058304941787142525e+04
1.835509242260152121e+02 1.869243933876000301e+04 1.850888841453398709e+04 5.145055997755189070e-01 4.112860928751718020e-02 1.862751256289389130e+04
3.699570331853653329e+02 1.904186030235200087e+04 1.867190326916663616e+04 6.416669644163200958e-01 1.653187454049293292e-01 1.959146328016994812e+04
8.790096465700293038e+02 1.876892062007989807e+04 1.788991097350986820e+04 1.062872418794157836e+00 9.402865014906280905e-02 1.900734988304818398e+04
2.118494211833481131e+03 2.006545401235978352e+04 1.794695980052630330e+04 1.212635543781318326e+00 2.212081503105927174e-02 2.223603625074466254e+04
4.603286622020771574e+03 2.406440816148578597e+04 1.946112153946501348e+04 1.500320450760050939e+00 -2.595479099574931059e-01 2.488567578443581442e+04
1.170384590496750207e+04 3.392681858191540232e+04 2.222297267694790207e+04 1.525564073849013269e+00 1.075682562296081772e-02 4.584733364799775154e+04
