4.768946146038407363e+01 2.162073869839157487e+04 2.157304923693119053e+04 7.042174638984785573e-02 -3.168288743315580969e-01 2.165463500499580914e+04
5.209704135783219670e+01 2.431951243136810444e+04 2.426741539001027195e+04 4.751659872571274978e-01 -2.475151462675944103e-01 2.454248508186206163e+04
6.649333945658273137e+01 1.943781950695260093e+04 1.937132616749601948e+04 8.553477362531397565e-01 -1.461895337497152170e-01 1.913564254414167954e+04
1.674016205688020023e+02 2.034189228252910834e+04 2.017449066196030617e+04 3.289307581527520230e-01 -9.803040515628154428e-02 2.050496558191274744e+04
1.869954069683130058e+02 1.865019392210391743e+04 1.846319851513560570e+04 4.661796760245255911e-01 -8.211657367814080219e-03 1.847518586099907407e+04
3.662384746039406309e+02 1.908894121810686192e+04 1.872270274350292311e+04 6.677326961692550134e-01 1.228833336468807547e-01 1.946967135252528169e+04
8.796355821112881586e+02 1.877156529654372207e+04 1.789192971443243368e+04 1.197025991782747267e+00 8.692122892610630591e-02 1.910376050668228709e+04
2.102176471621328801e+03 2.006326417273281550e+04 1.796108770111148624e+04 1.398108246956822454e+00 3.088636730846732251e-02 2.236748144992189918e+04
4.488862119547010479e+03 2.391666015181712646e+04 1.942779803227011507e+04 1.517812716675155826e+00 2.787155445137294921e-02 2.459982406642012938e+04
1.225993384756269552e+04 3.439388855077162589e+04 2.213395470320893219e+04 1.542197110332105048e+00 1.425112046692347534e-01 4.716428496883374464e+04
