4.507506637607635724e+01 2.159731600887050081e+04 2.155224094249442351e+04 -1.186618810451338241e-01 -9.297186996581575935e-02 2.160628385371244440e+04
5.234981625944963923e+01 2.427635635138418729e+04 2.422400653512473946e+04 3.996497944473698105e-01 -2.459631418738280617e-01 2.445772941640667705e+04
7.124538114104002773e+01 1.942276711355401130e+04 1.935152173241296987e+04 8.460335276571879781e-01 -6.896708752565761102e-02 1.927343501473593278e+04
1.694087078653289780e+02 2.035019843456413219e+04 2.018078972669880386e+04 2.271289044176143801e-01 -1.008237999024036852e-01 2.048375464037697020e+04
1.864216108862227657e+02 1.867829451504599274e+04 1.849187290415976895e+04 5.667319675561713899e-01 5.639750509676935697e-02 1.856640469658001894e+04
3.653620652183886364e+02 1.909038981667678672e+04 1.872502775145839769e+04 6.561230439141771953e-01 3.075280551897998649e-01 1.946248899280202386e+04
8.539490679751776270e+02 1.875344979399412841e+04 1.789950072601895226e+04 1.184658640991676171e+00 1.125856515117529405e-01 1.903488111703526374e+04
2.107009858186731435e+03 2.008419783178705984e+04 1.797718797360032841e+04 1.291257573942939496e+00 -1.059645988839240244e-01 2.249909052369497658e+04
4.547919287627082667e+03 2.401360944545263555e+04 1.946569015782555289e+04 1.397051385463815576e+00 7.960124459013061260e-02 2.490441065461801918e+04
1.146723676076759693e+04 3.349841075747904688e+04 2.203117399671144813e+04 1.818225860759288937e+00 1.226378514650546814e-01 4.481375581231740216e+04
