4.684129144976213155e+01 2.161270986826673470e+04 2.156586857681697438e+04 4.275283807317074025e-01 -3.610606412308592361e-01 2.169933550863540222e+04
5.117584230380142429e+01 2.427970997043846000e+04 2.422853412813465911e+04 3.273425781461441475e-01 -6.404398161436085368e-02 2.439417215845665487e+04
7.265873151166171340e+01 1.944532963930128972e+04 1.937267090778962665e+04 8.244373974228054180e-01 -6.917613818254220170e-02 1.917160694877395508e+04
1.627725620250149348e+02 2.031391907091542816e+04 2.015114650889041150e+04 1.771050792012880126e-01 -1.129967959232444780e-01 2.036333006723444851e+04
1.885673191116590885e+02 1.866697250672471273e+04 1.847840518761305430e+04 5.745296154607463235e-01 1.472229587689722063e-01 1.868696669292682054e+04
3.695326776172466907e+02 1.901573307831364582e+04 1.864620040069639799e+04 5.385156083161596330e-01 9.944745908524671441e-02 1.937954337199665315e+04
8.806314232599252136e+02 1.879896252506346718e+04 1.791833110180354197e+04 1.213230080131261213e+00 1.980939824599761701e-02 1.905529987413161507e+04
2.054458442630282661e+03 1.999838180639572602e+04 1.794392336376544336e+04 1.204615488997794026e+00 -7.156146336365909466e-02 2.207454488613710782e+04
4.816209598215337792e+03 2.436022070578142302e+04 1.954401110756608614e+04 1.392977977361710584e+00 3.867737961251881910e-03 2.550345757108242105e+04
1.256793735678358826e+04 3.503890227254373895e+04 2.247096491576015251e+04 1.744718753188041260e+00 -2.432124044947651595e-02 4.897957753674499691e+04
