4.776061527472418788e+01 2.160335025707749082e+04 2.155558964180276598e+04 4.401352974935150986e-01 -2.474288427038061344e-01 2.173236191441462506e+04
5.230730827575077768e+01 2.426828702147739023e+04 2.421597971320163924e+04 3.169487806573811906e-01 -2.289143115281652430e-01 2.441063620639756482e+04
7.244101456268352024e+01 1.943229284594513229e+04 1.935985183138244975e+04 8.785598746934691894e-01 -1.105715359638122647e-01 1.923121876745846384e+04
1.608979968792387183e+02 2.034817127953591989e+04 2.018727328265668257e+04 2.061350728078095995e-01 -1.331385588617063805e-02 2.042524703643711109e+04
1.870480973201887025e+02 1.864683775948225593e+04 1.845978966216206754e+04 5.547408000860732935e-01 4.284569927693560043e-02 1.847815597695598626e+04
3.681961116496039494e+02 1.903013809325265538e+04 1.866194198160305314e+04 6.224280924899661116e-01 1.458674599150294460e-01 1.922779111550567177e+04
8.645704575968782137e+02 1.876816942242272125e+04 1.790359896482584372e+04 1.161048599642320545e+00 5.810155271327374638e-02 1.901088600118739851e+04
2.019542359278166941e+03 1.998171523257255467e+04 1.796217287329438841e+04 1.324887195572429066e+00 -3.421158503015735066e-03 2.213465154437863384e+04
4.314477389508944725e+03 2.361657801522876980e+04 1.930210062571982417e+04 1.626836708933740328e+00 -3.421062393535226863e-04 2.450183515506234835e+04
1.149899449237886802e+04 3.377177063772839756e+04 2.227277614534952954e+04 1.722374980390337207e+00 9.838483900724559472e-02 4.544550622197239863e+04
