4.821126176383407369e+01 2.162433380803043838e+04 2.157612254626660433e+04 -5.514069852098274493e-02 -2.809006206690532470e-01 2.172943781934181243e+04
5.203382687231864878e+01 2.429620838787598404e+04 2.424417456100366689e+04 5.063699352751253047e-01 -7.681237916457880899e-02 2.445998576721570134e+04
7.060504555632611812e+01 1.944362880322581623e+04 1.937302375766948899e+04 9.073704640293431822e-01 -2.304962431033980297e-01 1.936577032797773427e+04
1.618927052939213240e+02 2.031040714569336706e+04 2.014851444039944545e+04 3.471830897731107979e-01 -1.003623690274221825e-01 2.048591283146892602e+04
1.919331210452884875e+02 1.866345633815489418e+04 1.847152321710960678e+04 5.544732341381525265e-01 9.786314725295218453e-02 1.848082565103036177e+04
3.702116339846507458e+02 1.901515135198107600e+04 1.864493971799642532e+04 5.688347424022111021e-01 6.018487601582436786e-02 1.942059340377420813e+04
8.508117679180477353e+02 1.874486228628484241e+04 1.789405051836679559e+04 1.029000929807710296e+00 1.434679748627144535e-01 1.908715784487047131e+04
2.034819519689132221e+03 1.999540240801082109e+04 1.796058288832168910e+04 1.272697045394970194e+00 5.996578786916881287e-02 2.232547488137737309e+04
4.556579040743824407e+03 2.406592885809444488e+04 1.950934981735061956e+04 1.355649477840922046e+00 -2.086610881473212331e-02 2.499329581969995706e+04
1.141176298441173640e+04 3.339635358429270127e+04 2.198459059988096487e+04 1.542913573707602515e+00 1.569837490010128275e-02 4.488750786719950702e+04
