5.162337968825635670e+01 2.161461922780082750e+04 2.156299584811257228e+04 3.208398612225895064e-01 -1.883624131722899664e-01 2.165438188652032113e+04
5.139644481318583757e+01 2.428836228516797928e+04 2.423696584035479464e+04 2.978556743069638024e-01 -2.697791904143432284e-01 2.440944546310730948e+04
7.210251184776144839e+01 1.939495683443523376e+04 1.932285432258747096e+04 8.605911894865739820e-01 -1.782721613816784234e-01 1.925758974802871671e+04
1.619664200891365340e+02 2.031942448899981900e+04 2.015745806891068423e+04 2.235921253827757305e-01 2.950714801321240033e-02 2.039914586530908855e+04
1.836435101102570968e+02 1.866481422506863964e+04 1.848117071495838172e+04 5.282868507280752413e-01 1.276725696500742302e-01 1.865146353683838242e+04
3.766966182948034998e+02 1.901353006320222630e+04 1.863683344490742456e+04 6.135286268823058053e-01 2.206853808545366780e-01 1.931255790089126822e+04
8.383885334601110344e+02 1.876404438112791831e+04 1.792565584766780739e+04 1.243595137168980180e+00 1.701630563210566882e-01 1.904535588096575520e+04
2.143077330945747235e+03 2.009636689193426355e+04 1.795328956098851631e+04 1.324039868970803724e+00 -6.775834293906475569e-02 2.222572187739991568e+04
4.829521119328754139e+03 2.445944427346016528e+04 1.962992315413141114e+04 1.537486267398873840e+00 -5.326546470930972749e-02 2.547438922603926039e+04
1.223051290753620742e+04 3.440340922765567666e+04 2.217289632011947106e+04 1.461948456112325934e+00 5.121267153974651959e-02 4.689676779597796849e+04
