5.021489749831577143e+01 2.161259710261211148e+04 2.156238220511379404e+04 2.417602441932827084e-01 -1.982848986741196085e-01 2.175649015279796004e+04
5.120442103874901818e+01 2.429300147165836461e+04 2.424179705061961431e+04 3.137409821159988232e-01 -1.446581830446267147e-01 2.440763264355572392e+04
7.099825135084789451e+01 1.942962039745121001e+04 1.935862214610036244e+04 8.439315650217147358e-01 -2.442932871071053780e-01 1.915487779060333924e+04
1.607292025076561970e+02 2.032095225758611923e+04 2.016022305507846249e+04 3.487047510298156294e-01 9.121004585542784315e-02 2.042840791019747849e+04
1.930524846805416530e+02 1.861189195548443240e+04 1.841883947080389044e+04 5.755857303147829951e-01 1.557979629274814303e-04 1.839998154726999564e+04
3.770452825039328673e+02 1.903635883241060947e+04 1.865931354990667751e+04 7.323171621891715333e-01 2.270390222716602013e-01 1.940762033383370363e+04
8.308651193542606279e+02 1.874028846059499847e+04 1.790942334124073750e+04 1.057231990501142915e+00 9.270102257251212896e-02 1.898316506531733103e+04
2.081003122818194242e+03 2.004099627500769202e+04 1.795999315218949778e+04 1.089658146057913113e+00 -2.841694397985547113e-02 2.209341814765736490e+04
4.902732906374697450e+03 2.434475467309774831e+04 1.944202176672304995e+04 1.233380631939554384e+00 1.056740965378617642e-01 2.572986069548990417e+04
1.144948909608917529e+04 3.352259100625883002e+04 2.207310191016965473e+04 1.745689161613844353e+00 6.338838565162044358e-02 4.416030911854503938e+04
