4.818409670776426168e+01 2.162010871260502245e+04 2.157192461589725644e+04 3.809184432543335497e-01 -1.831937202180721480e-01 2.165022793645663114e+04
4.898726187196237447e+01 2.430572711639690169e+04 2.425673985452493798e+04 2.931298154301952841e-01 -7.916151452972081115e-02 2.457590081406343597e+04
7.194847666673855713e+01 1.942427620209826273e+04 1.935232772543152532e+04 8.645325107414759680e-01 -1.853634869996453327e-01 1.916699520883979858e+04
1.614510294053503685e+02 2.033331511605443302e+04 2.017186408664908231e+04 2.444540618374054508e-01 -1.729966290767737114e-01 2.050739416513871038e+04
1.838501565413715753e+02 1.863979037890859036e+04 1.845594022236721867e+04 5.554540148253034326e-01 1.415228019091957778e-01 1.849319932873349171e+04
3.759342298515986727e+02 1.907023206206566101e+04 1.869429783221406251e+04 6.487249851332915762e-01 8.694375503533940952e-02 1.946438684250319056e+04
8.854784331068448182e+02 1.877472188733468283e+04 1.788924345422783881e+04 1.017285588310251843e+00 3.388251786721998005e-01 1.910586570487483550e+04
2.100388860467963241e+03 2.008201022206690322e+04 1.798162136159893998e+04 1.082115999206528789e+00 -3.055103393303806522e-02 2.233227525414191769e+04
4.755278655198209890e+03 2.436332736181151267e+04 1.960804870661330278e+04 1.429894004887385606e+00 1.171787355119031926e-02 2.523476741800407035e+04
1.214682490334646354e+04 3.463241977184700227e+04 2.248559486850053872e+04 1.777920182061244248e+00 3.879354912688196683e-02 4.802691439393362089e+04
