4.928576796334044730e+01 2.160309907842204120e+04 2.155381331045869956e+04 1.366209194425578866e-01 -2.441892296335627932e-01 2.179823671654198915e+04
4.977718667736503022e+01 2.433777809902322770e+04 2.428800091234586216e+04 3.597253784993157399e-01 -2.704947536784407802e-01 2.449094128380247275e+04
7.313114015082413744e+01 1.946932993429670023e+04 1.939619879414587558e+04 7.967595376473010083e-01 -2.052135930906366090e-01 1.925436513531273158e+04
1.626106477332002100e+02 2.033932533369930388e+04 2.017671468596610430e+04 2.382116605878653870e-01 -6.020198746660723049e-02 2.045573464966953907e+04
1.875590982504766089e+02 1.865293212763158590e+04 1.846537302938110952e+04 5.615548839454874708e-01 2.137911703546773456e-01 1.848405766189421047e+04
3.671039738705655395e+02 1.905066441904399107e+04 1.868356044517342525e+04 6.742263384643319979e-01 7.317924872631136057e-02 1.938054707667702314e+04
8.702232055641069337e+02 1.873504544777072442e+04 1.786482224220661737e+04 1.051385723747645384e+00 1.951500550393386046e-01 1.890073828094205965e+04
2.065087893694484592e+03 2.003903266788873952e+04 1.797394477419425675e+04 1.070193115418316854e+00 8.579142227654579234e-02 2.236033922707217425e+04
4.567053874771544542e+03 2.402116239669269999e+04 1.945410852192115635e+04 1.334939248915959942e+00 -1.043185938145967280e-02 2.493530737358991973e+04
1.163436446215638898e+04 3.354498161700516357e+04 2.191061715484877641e+04 1.591159646326046895e+00 1.027775548212406242e-01 4.468211446196540055e+04
