5.150389840816416154e+01 2.162341468043713394e+04 2.157191078202896824e+04 -5.577700450496927975e-02 -1.931981975457458811e-01 2.184877678933630887e+04
4.885858682793287500e+01 2.424888191947815722e+04 2.420002333265022389e+04 4.597903144057670644e-01 -2.473526806997798644e-02 2.427597583990000567e+04
7.021607687892647220e+01 1.946342962837568120e+04 1.939321355149675583e+04 8.698890046397317333e-01 -5.831136388503237872e-02 1.934956342459171719e+04
1.674922695630626777e+02 2.031355802512604350e+04 2.014606575556298048e+04 2.673388189734060005e-01 1.230298505600159326e-01 2.045675474990514704e+04
1.900888903843514015e+02 1.862326791768871408e+04 1.843317902730436253e+04 6.757198083816603473e-01 1.230336214255673966e-01 1.855898021863453687e+04
3.652769397809445877e+02 1.903212696560134646e+04 1.866685002582040033e+04 5.987337528460029423e-01 1.543790160146473189e-01 1.929780133281584858e+04
8.233575231965774037e+02 1.873024085404321886e+04 1.790688333084664191e+04 1.026666505108499550e+00 -1.126622774665815702e-01 1.890084674764439114e+04
2.000769390255955841e+03 1.994622096205731941e+04 1.794545157180136448e+04 1.104103622197968093e+00 1.903625313818724241e-01 2.201364605481469698e+04
4.639855899438916822e+03 2.408038580213457317e+04 1.944052990269565635e+04 1.396260645995133665e+00 1.173718659146921230e-02 2.504918304296097631e+04
1.171310840892438137e+04 3.388203724714759301e+04 2.216892883822321164e+04 1.628919163132248826e+00 1.422815638432440612e-02 4.433792364877428190e+04
