5.012313449533786525e+01 2.164262722514286361e+04 2.159250409064752603e+04 2.960183160222051302e-01 -1.346036474992312326e-01 2.174378070109490363e+04
5.149986579630083838e+01 2.426869141035836219e+04 2.421719154456206161e+04 4.424436272713540563e-01 -1.940145550463934221e-01 2.439063531597204565e+04
7.350856291700888789e+01 1.943430304218551828e+04 1.936079447926850844e+04 8.248342394343667339e-01 -2.470126560241392710e-01 1.928605100025211141e+04
1.603103757467392825e+02 2.031481474951814016e+04 2.015450437377140042e+04 3.031869688444031041e-01 3.643729197065164599e-02 2.035850349848800761e+04
1.903164921929322873e+02 1.867196294883484734e+04 1.848164645664191630e+04 5.330733888040991575e-01 1.507683008780583978e-01 1.859538474869342826e+04
3.672210982300792921e+02 1.903599948782564388e+04 1.866877838959556539e+04 5.661790024475533700e-01 2.083979201415584182e-01 1.924982142769986240e+04
8.680461152142008814e+02 1.875234592533746036e+04 1.788429981012325879e+04 1.028895973615670645e+00 2.060698355250764058e-01 1.903293691337385826e+04
2.145571333429547849e+03 2.011251587252657191e+04 1.796694453909702497e+04 1.227641522808294638e+00 -3.212111314158935804e-02 2.256307894256364671e+04
4.552167191342819024e+03 2.403040512099018088e+04 1.947823792964736276e+04 1.306876409823851892e+00 1.065943231181694650e-01 2.465081187691133528e+04
1.221876415995637399e+04 3.414095005991420476e+04 2.192218589995783259e+04 1.546984603622104215e+00 1.437794029476896218e-01 4.820191259673727473e+04
