4.503444882775784208e+01 2.160486023253227904e+04 2.155982578370452029e+04 3.927493492459865343e-01 -2.214819776617021618e-01 2.155381402177020209e+04
5.189737987264132357e+01 2.429176818243567322e+04 2.423987080256303307e+04 3.184381722438078266e-01 -1.794616956493914894e-01 2.432203982495795935e+04
7.151751932002508738e+01 1.945001290958748359e+04 1.937849539026745697e+04 8.328047665310897019e-01 -1.421108365666558793e-01 1.919388958893275776e+04
1.654067101682352927e+02 2.032595571718682913e+04 2.016054900701859515e+04 2.096580655648188907e-01 -8.434920689542600714e-02 2.043402089966275526e+04
1.867496358071961708e+02 1.866245134702150244e+04 1.847570171121430758e+04 5.431696320537469092e-01 2.308334630379674512e-01 1.834336946763272499e+04
3.699409194458056618e+02 1.910813965841486424e+04 1.873819873896905847e+04 6.565148754971059653e-01 2.764837813611076278e-01 1.954929430515033891e+04
8.432231635878812313e+02 1.876945097183672988e+04 1.792622780824884831e+04 1.047730413013352901e+00 4.260234267241272410e-02 1.911809326243236501e+04
2.112261212915488159e+03 2.006117210544756017e+04 1.794891089253207247e+04 1.193232112485797858e+00 -9.288232839035361066e-02 2.236672755038736068e+04
4.634550115663975703e+03 2.422101773330927244e+04 1.958646761764529583e+04 1.281067430935245666e+00 -7.707778559113295791e-03 2.514705728701647604e+04
1.203676578246509052e+04 3.402208171744379797e+04 2.198531593497870927e+04 2.032360886601557226e+00 5.334070715210189467e-02 4.731724105442885775e+04
