4.974980971032325527e+01 2.160324309639287821e+04 2.155349328668255475e+04 3.300861358617496744e-01 -1.094521913665640750e-01 2.165745352375675066e+04
5.233326361242093583e+01 2.432005334361860150e+04 2.426772008000618007e+04 3.659979039128784528e-01 -1.322882635914011951e-01 2.455206616224794925e+04
6.999864291114438686e+01 1.943419228839495554e+04 1.936419364548381054e+04 8.961662146155578990e-01 -1.879359540904470272e-01 1.933214504670838141e+04
1.633150313864323380e+02 2.034788319298300121e+04 2.018456816159656955e+04 3.405733936121383976e-01 -4.271694427960761459e-02 2.042531346324657716e+04
1.884950882259763603e+02 1.865365469337120157e+04 1.846515960514522521e+04 7.123666614777954820e-01 6.679711777249355831e-02 1.860594598608138040e+04
3.791584784157626018e+02 1.906967417603914510e+04 1.869051569762338113e+04 6.737702017711600933e-01 1.670639897314529776e-01 1.934132448139655753e+04
8.590498507773720576e+02 1.875876800065017596e+04 1.789971814987280231e+04 1.032467113172920614e+00 2.295210682646177391e-02 1.895923353802158817e+04
2.120889540919783940e+03 2.006949067497814394e+04 1.794860113405836091e+04 1.228002723247530348e+00 -1.448192567866087022e-01 2.216015587069149478e+04
4.397761566450448299e+03 2.379129038725784631e+04 1.939352882080739801e+04 1.648658466448266191e+00 -5.299369119739355538e-02 2.455899457109063223e+04
1.182590473337727599e+04 3.386267444250596600e+04 2.203676970912869001e+04 1.607911612508050370e+00 -2.861912922975430248e-02 4.644923036583660723e+04
