5.014320043518954151e+01 2.163123853160018552e+04 2.158109533116499733e+04 4.316913480805137926e-01 -2.310069069541545173e-01 2.180583230992778408e+04
5.046106320598902784e+01 2.431709933320558775e+04 2.426663826999959929e+04 5.940964927870632240e-01 -1.218391372744622031e-01 2.436604415864061593e+04
7.529172946420007406e+01 1.942386601903329938e+04 1.934857428956910007e+04 8.392236501761439760e-01 -7.048681351841545872e-02 1.938794667443838625e+04
1.614937421704532881e+02 2.035187977473573119e+04 2.019038603256527858e+04 2.508125618913052413e-01 -2.131889826561643789e-02 2.051100221459773820e+04
1.916130711640347783e+02 1.863807420509980875e+04 1.844646113393577252e+04 4.607303128281550197e-01 4.858921751051476640e-02 1.849764048459066544e+04
3.705171010025210308e+02 1.906042138200734553e+04 1.868990428100482313e+04 7.652965948004094576e-01 2.037584845435295167e-01 1.942755058006870968e+04
8.745652511652427847e+02 1.876240845146664287e+04 1.788784320030139861e+04 1.265915970827981463e+00 2.006391135302431350e-01 1.900421887783271814e+04
2.107418389246785864e+03 2.004936238776466780e+04 1.794194399851788330e+04 1.012070523331107808e+00 1.402561895432362371e-02 2.209706678303979425e+04
4.442590883766268234e+03 2.378976277369801755e+04 1.934717188993174932e+04 1.489017960223451453e+00 1.067819461359497818e-01 2.461056784424393481e+04
1.205619379119432961e+04 3.423657744970564090e+04 2.218038365851130948e+04 1.676746926653417846e+00 6.403675468107715429e-02 4.651307200152364385e+04
