4.925238188687747964e+01 2.163341815305531054e+04 2.158416577116843473e+04 1.755271576569771008e-01 -2.076003741319818185e-01 2.174680306125472271e+04
5.158132350680949685e+01 2.429047939862941348e+04 2.423889807512260450e+04 3.823316920569568844e-01 -1.859996335638314513e-01 2.442772796052257763e+04
7.202893171061157318e+01 1.941235199559936154e+04 1.934032306388875077e+04 8.443725378608842869e-01 -5.718777387037618509e-02 1.918230649302722668e+04
1.653393695420740812e+02 2.034251951406665830e+04 2.017718014452458374e+04 2.082155989412092512e-01 2.133254546384342198e-01 2.061551289234746218e+04
1.869929173421402595e+02 1.864863387734768912e+04 1.846164096000554855e+04 5.972479272278111706e-01 1.543056892946407521e-01 1.852142369579037768e+04
3.634312272043853227e+02 1.906498142892271426e+04 1.870155020171832803e+04 6.427720090223371097e-01 1.612872543484538956e-01 1.946012925683389767e+04
8.472095033561994342e+02 1.875126501167003516e+04 1.790405550831383516e+04 1.080429549329535055e+00 1.779467760023888678e-01 1.898483813008432480e+04
2.080865483757968832e+03 2.001037443980048920e+04 1.792950895604251855e+04 1.389070615690602750e+00 1.017346737426567671e-01 2.223864763584046523e+04
4.518645313703518696e+03 2.393116404512729787e+04 1.941251873142377735e+04 1.304113661610894370e+00 -1.671355872968568676e-02 2.493114673716027391e+04
1.153649913743366596e+04 3.369134944138431456e+04 2.215485030395064678e+04 1.542306937291555657e+00 -4.562418774388601189e-02 4.570159005609334417e+04
