5.096194164988250463e+01 2.162112239598703673e+04 2.157016045433715408e+04 1.416409538043154502e-03 -1.325354746061337408e-01 2.181306245524590122e+04
5.126514355592394168e+01 2.430145644438099043e+04 2.425019130082506672e+04 2.889218536068627330e-01 -6.931887991540469640e-02 2.431109458165638353e+04
7.239982345908552475e+01 1.946623952638815535e+04 1.939383970292906815e+04 8.589549296345322382e-01 -1.395836909846172869e-01 1.936800223004707004e+04
1.630094522153994490e+02 2.034560523810717496e+04 2.018259578589177545e+04 2.012174935820006116e-01 -2.061938894362186081e-01 2.051538640643437247e+04
1.917125608867115432e+02 1.865895121158260736e+04 1.846723865069589738e+04 5.716192853901254090e-01 6.686623813396939953e-02 1.844024632774285055e+04
3.741583100964900837e+02 1.904219322047790774e+04 1.866803491038141874e+04 6.686356078408369763e-01 2.421908607268151714e-01 1.937786698669628822e+04
8.343972239603965591e+02 1.872712471188407289e+04 1.789272748792367565e+04 1.068905087498000173e+00 1.184306821852985220e-01 1.894291170021472499e+04
2.090774323976524101e+03 2.008584662298741750e+04 1.799507229901089158e+04 1.116559899685962476e+00 -3.647032428409342081e-02 2.235664111643338401e+04
4.322059580428612207e+03 2.372371175094580394e+04 1.940165217051719083e+04 1.370258887574875573e+00 3.640884843929496212e-03 2.443647871468046287e+04
1.205922549628277557e+04 3.447058268031021726e+04 2.241135718402744169e+04 1.471248379706840970e+00 1.163071591345057332e-01 4.802862487774524925e+04
