4.690679803106157664e+01 2.163696850151040053e+04 2.159006170347933949e+04 3.014781765685610182e-01 -1.783529340408166741e-01 2.170100092349948318e+04
5.012367559852117438e+01 2.429188990778904918e+04 2.424176623219052635e+04 2.504811148038005864e-01 -1.318100024563374495e-01 2.438778826017954270e+04
7.500109694019424467e+01 1.939179658624725562e+04 1.931679548930706005e+04 7.488071515907482878e-01 -9.049568215840551877e-02 1.919656943794240942e+04
1.639962641823890408e+02 2.033967689874830467e+04 2.017568063456591699e+04 3.048638622760690420e-01 4.125068744491573736e-02 2.056636920794996331e+04
1.890681768088418266e+02 1.863890650906460360e+04 1.844983833225576018e+04 5.582192050415911710e-01 2.014824839102909715e-01 1.851113065559701135e+04
3.884237715161847291e+02 1.902261816434893626e+04 1.863419439283275278e+04 6.459812062008077893e-01 1.907933896380038796e-01 1.941983736862475780e+04
8.593534188310376294e+02 1.876972249719313550e+04 1.791036907836209866e+04 1.127258018087157643e+00 1.990220704819263553e-01 1.915171082354629107e+04
2.027920343071153638e+03 2.000484438889912417e+04 1.797692404582797099e+04 1.442570721165846948e+00 4.111366428233109022e-02 2.226689864986645262e+04
4.682394124629256112e+03 2.418182641232329843e+04 1.949943228769404232e+04 1.669999819852484357e+00 4.564894616351528045e-02 2.508398168663986507e+04
1.174744500386407162e+04 3.404236189845137415e+04 2.229491689458730252e+04 1.748066221055472491e+00 7.836503524699436896e-02 4.730838479421480588e+04
