4.814257107164663552e+01 2.163785210788468612e+04 2.158970953681303945e+04 5.356524075226589549e-02 -2.255903816866868528e-01 2.181591697734564514e+04
5.177278433846856132e+01 2.424984680714178103e+04 2.419807402280331371e+04 3.682799061423970843e-01 -1.467818715598044610e-01 2.435442998511979749e+04
7.249196538506029697e+01 1.940698013400783748e+04 1.933448816862277818e+04 8.516609906306843447e-01 -1.135923273880533602e-01 1.922360461999370091e+04
1.598216900476649016e+02 2.031794144120852070e+04 2.015811975116085523e+04 2.335996988108779704e-01 -7.587184515075144631e-02 2.043734697561202120e+04
1.882166774390290982e+02 1.865098904701997162e+04 1.846277236958094363e+04 5.132869405643519789e-01 1.850143127926557607e-01 1.848333639324810429e+04
3.637891656716215039e+02 1.904915219066380814e+04 1.868536302499218800e+04 6.999335732273396227e-01 1.942301221836378600e-01 1.934160997939273511e+04
8.654142417350105916e+02 1.876008441864997803e+04 1.789467017691496585e+04 1.143041836638619246e+00 1.177051150492721687e-01 1.905978203453582319e+04
2.054483430917558962e+03 2.004501984908183658e+04 1.799053641816427626e+04 1.036888480069329876e+00 3.720132816400946864e-04 2.227514213766238390e+04
4.506991164552375267e+03 2.404601545854001961e+04 1.953902429398764434e+04 1.597684191167600742e+00 -2.717939520153340657e-02 2.496480944852734319e+04
1.202472265602186417e+04 3.424973394299932261e+04 2.222501128697746026e+04 1.639004403340630800e+00 -2.211248510801466782e-02 4.880530494315214310e+04
