5.096450413097569765e+01 2.162089569430034680e+04 2.156993119016937271e+04 2.625526544543348995e-01 -1.746979314984944409e-01 2.179077052975127299e+04
5.220198720770121525e+01 2.425355536318614759e+04 2.420135337597844773e+04 4.496797671913759786e-01 -1.502831534538937863e-01 2.449528943563898065e+04
7.100090647425827228e+01 1.942027970089208247e+04 1.934927879441782352e+04 8.363837949138654970e-01 -1.460979642353893992e-01 1.928039084686343267e+04
1.658728608989962652e+02 2.032644934508107326e+04 2.016057648418207827e+04 2.323466975816465829e-01 -6.753718520064955211e-03 2.046308152861700364e+04
1.919083661705046495e+02 1.867399592812328046e+04 1.848208756195277601e+04 5.730568661163463196e-01 5.533620936096373538e-02 1.865133179080689661e+04
3.638850471410171394e+02 1.903567540148236731e+04 1.867179035434134857e+04 7.344774707966217342e-01 3.605290170176376763e-01 1.931313647060267613e+04
8.703732145323948544e+02 1.878271342820401696e+04 1.791234021367162131e+04 1.099896718948847330e+00 4.515138616139883349e-02 1.889807450676085136e+04
2.228572832068427942e+03 2.018109265286783193e+04 1.795251982079940353e+04 1.052432938053523115e+00 1.489990295984357782e-01 2.261525283600950934e+04
4.409272396928889975e+03 2.385637916799776940e+04 1.944710677106888033e+04 1.618922465398950239e+00 2.239719248159310547e-02 2.480504857407334566e+04
1.218106181328708226e+04 3.445907174314873555e+04 2.227800992986165511e+04 1.727855084777049077e+00 6.468113802557590164e-02 4.660826732704805909e+04
