5.149309503968476776e+01 2.162440469814558674e+04 2.157291160310590203e+04 2.975742731717958001e-01 -2.595251253757149268e-01 2.178383134382808930e+04
5.213893083154366792e+01 2.434021409021648287e+04 2.428807515938493816e+04 5.529214438996694625e-01 -1.603371264968827259e-01 2.438312441780251902e+04
7.119127809605457458e+01 1.940733449278837361e+04 1.933614321469231800e+04 8.706887918952421757e-01 -1.405457825483896472e-01 1.921030921985211899e+04
1.636542837405862940e+02 2.030345538023113841e+04 2.013980109649055157e+04 2.141115672761534083e-01 1.449463212878112361e-01 2.040540917629111573e+04
1.967815810272859949e+02 1.867198984629895494e+04 1.847520826527166719e+04 6.217546224218538642e-01 2.342573615020191735e-01 1.850721933475224796e+04
3.852310724900617629e+02 1.904296154307834877e+04 1.865773047058828524e+04 7.533067050650471552e-01 2.836345565922500089e-01 1.944090328879635854e+04
8.261062601912592527e+02 1.873005475436650522e+04 1.790394849417524529e+04 9.724708275259223988e-01 -4.983225970511317125e-03 1.898903760365717244e+04
2.099609710064071805e+03 2.007927233000913839e+04 1.797966261994506567e+04 1.183031551815918236e+00 1.382956733690845520e-02 2.226376861675389227e+04
4.512990319519857621e+03 2.406182951736522955e+04 1.954883919784537284e+04 1.642250848155890841e+00 -4.486115950358051524e-02 2.467358909460986251e+04
1.182272984734720922e+04 3.374409041805853485e+04 2.192136057071132382e+04 1.602311276493166403e+00 3.352241779013980655e-02 4.549987477208911150e+04
