4.762047378032146838e+01 2.162704419879629859e+04 2.157942372501597856e+04 3.149046475404215784e-01 -3.499453664184972168e-01 2.180981590094603598e+04
5.160436976609113913e+01 2.429142770927666425e+04 2.423982333951057444e+04 3.455597963024573116e-01 -1.462707743447692055e-01 2.442663954746757008e+04
7.173016337423381117e+01 1.939818208603849052e+04 1.932645192266425511e+04 8.617061042609668320e-01 -9.619079078337976207e-02 1.911402451532311898e+04
1.629081416092740540e+02 2.030460778281776948e+04 2.014169964120849545e+04 2.711979023489585749e-01 -2.805345798490262166e-02 2.037617177684350827e+04
1.891097646633554064e+02 1.865213705303203460e+04 1.846302728836867755e+04 5.076740610284899979e-01 1.395411986910930456e-02 1.854108173941057976e+04
3.642331639914636980e+02 1.905594807719407254e+04 1.869171491320260975e+04 6.321071136324712958e-01 3.343205065384015628e-01 1.936462838626005760e+04
8.381915514257354971e+02 1.877884854981392346e+04 1.794065699838818909e+04 1.120644840779475571e+00 3.102974410547736372e-01 1.911936005238614962e+04
2.111088632013876122e+03 2.007323426903662767e+04 1.796214563702275336e+04 1.348367542524067764e+00 -2.296417397173428354e-01 2.238820885786803774e+04
4.578696553420832061e+03 2.406813144416603973e+04 1.948943489074520767e+04 1.195290998803609561e+00 1.417796439799013652e-01 2.507304321912704472e+04
1.242266671241412405e+04 3.492446897403814364e+04 2.250180226162401959e+04 1.655879514213386416e+00 4.780885718954857450e-02 4.749846645264115068e+04
