4.850415915614365758e+01 2.163279911334681310e+04 2.158429495419067098e+04 -5.862521802475766791e-02 -4.619659315868130389e-01 2.184849801906642460e+04
5.139737153926157021e+01 2.428647899557339042e+04 2.423508162403413007e+04 3.602839542059232403e-01 -1.232160377076491065e-01 2.438717492654961097e+04
7.337516422068092936e+01 1.937692456656510331e+04 1.930354940234442256e+04 8.442769484347004694e-01 -1.206442485417866806e-01 1.911101225308547873e+04
1.585298877173747201e+02 2.031333498446636440e+04 2.015480509674899076e+04 3.039407162219120440e-01 7.370110758239845072e-02 2.042175980929664001e+04
1.856906339723253154e+02 1.864388531935675928e+04 1.845819468538443471e+04 5.693795756906482319e-01 3.890711715709797153e-02 1.854184035335526642e+04
3.696135816874283933e+02 1.903488183938743532e+04 1.866526825770000869e+04 6.466733932765015291e-01 2.428756272987706577e-01 1.921974107496894067e+04
8.431489020084268304e+02 1.873503004109357789e+04 1.789188113908515152e+04 1.014401923502090463e+00 7.842794266680692961e-02 1.899805494050639027e+04
2.149770310809194598e+03 2.010137365970509200e+04 1.795160334889589649e+04 1.335369016715969082e+00 -3.902306019867419346e-02 2.223557562548090573e+04
4.593299565655887818e+03 2.409215184845768454e+04 1.949885228280179581e+04 1.359294790941133479e+00 4.102151339803822988e-02 2.501916771601686924e+04
1.143085747861454365e+04 3.344973907039912592e+04 2.201888159178458227e+04 2.072430386019357584e+00 9.548426939343805653e-02 4.586744764604756347e+04
