4.933751931075312314e+01 2.165022353158938131e+04 2.160088601227862819e+04 2.254080255736228000e-01 -3.003414414071604033e-01 2.166231422114526504e+04
5.022072624907243465e+01 2.428113330931325982e+04 2.423091258306418604e+04 4.034995110420513398e-01 -2.412816847264664111e-01 2.443360371767123797e+04
7.098088874566938955e+01 1.945577402650432487e+04 1.938479313775865376e+04 8.986540773828929352e-01 -5.812194843431006674e-02 1.938957472088695431e+04
1.678357045195088233e+02 2.031314894952496616e+04 2.014531324500545816e+04 2.900517754248287394e-01 6.061714926103528578e-02 2.051146045855138436e+04
1.911823344742827828e+02 1.862892470006655640e+04 1.843774236559227211e+04 5.021894490425325985e-01 1.705512629508985911e-01 1.855089696203147832e+04
3.632031675801869710e+02 1.908293206293658295e+04 1.871972889535639479e+04 6.373102063972010400e-01 1.491410786730447413e-01 1.944390812091412226e+04
9.102082203012195123e+02 1.879869912733059027e+04 1.788849090702937247e+04 1.042492911935515520e+00 1.095212087014225538e-01 1.896155231102985636e+04
2.038042248080626450e+03 2.001099198047641403e+04 1.797294973239578758e+04 1.040655875209579140e+00 -1.967299783707718991e-02 2.209450854753050589e+04
4.554037967971122271e+03 2.406108197684133120e+04 1.950704400887020893e+04 1.485820995802350497e+00 4.090630762519782172e-03 2.509245804012309236e+04
1.215757770240620630e+04 3.431242332603176328e+04 2.215484562362555880e+04 1.793833913894430365e+00 -1.926167446015146847e-02 4.720983442282104079e+04
