5.098618057812555548e+01 2.162770657630584537e+04 2.157672039572771973e+04 7.037954230219306551e-02 -2.461259956786100156e-01 2.182940789079850219e+04
5.248060490559532809e+01 2.429784752666373606e+04 2.424536692175814096e+04 3.048109941185896954e-01 -8.437311192929185244e-02 2.461992250673278613e+04
7.277226160472555705e+01 1.943067322112219335e+04 1.935790095951746844e+04 8.748763619143229420e-01 -1.857263709105464178e-01 1.935307509726700664e+04
1.591239333990110651e+02 2.033194537279892756e+04 2.017282143939991511e+04 1.893447809208232968e-01 -2.017940061121551165e-01 2.040888522632958848e+04
1.916972743711752400e+02 1.863647211199580852e+04 1.844477483762463453e+04 6.028735213029103868e-01 9.349932673393112140e-03 1.845571295169743098e+04
3.667774237852783585e+02 1.905809259066879895e+04 1.869131516688351985e+04 6.498044100618166619e-01 1.045695188840766593e-02 1.938679704012054208e+04
8.834566939167342525e+02 1.874734853308850870e+04 1.786389183917177434e+04 1.084437543591142417e+00 7.017438223577769640e-02 1.909118790870056182e+04
2.124129361886398328e+03 2.009937874984671362e+04 1.797524938796031347e+04 1.379651307217862666e+00 -6.766991429705034033e-02 2.222904577052349487e+04
4.585703835311982402e+03 2.412135406861770389e+04 1.953565023330572149e+04 1.340572574295332942e+00 2.575587653272968028e-02 2.526136602778280576e+04
1.238680068404178382e+04 3.482781081060785800e+04 2.244101012656607418e+04 1.729098803263119599e+00 3.250199999172237453e-02 5.019060856058962963e+04
