4.887100600907017167e+01 2.160133953907462273e+04 2.155246853306555204e+04 1.388990815757456809e-01 -2.936117678612100157e-01 2.182797174521641864e+04
5.077468335720238457e+01 2.430267616784934580e+04 2.425190148449214394e+04 3.185078970521977859e-01 -8.516300947416999279e-02 2.448610539157581661e+04
7.465700211654309726e+01 1.941839598608778761e+04 1.934373898397124503e+04 8.615664569406096263e-01 -2.274925921368173842e-01 1.919231783138857645e+04
1.574767252579906653e+02 2.034080102190660909e+04 2.018332429664861775e+04 2.700122979826294345e-01 5.052782173007355770e-02 2.051440123619344013e+04
1.900684864087094752e+02 1.867261084785178537e+04 1.848254236144307652e+04 5.248368872860563750e-01 2.859761359777785242e-02 1.847231447501637740e+04
3.750900564553767822e+02 1.906466945207025128e+04 1.868957939561487365e+04 5.776373819910504137e-01 1.691792757826803550e-01 1.946037087733269072e+04
8.416487760695486031e+02 1.879816291616708622e+04 1.795651414009753717e+04 9.188978420059011887e-01 1.608803312847330858e-01 1.912347391764875283e+04
2.085679980354089366e+03 2.007621787916974063e+04 1.799053789881565172e+04 1.026225788259970351e+00 -6.324752614270788553e-02 2.217352604470482765e+04
4.590747585256385719e+03 2.405808524111247971e+04 1.946733765585609217e+04 1.320357734777006797e+00 -7.091638563305605221e-03 2.465513755195405975e+04
1.206241551724049168e+04 3.454923822186225880e+04 2.248682270462176530e+04 1.656989214261136878e+00 7.558814088941057108e-02 4.692001096008842433e+04
