4.742128184530266566e+01 2.165218889894750464e+04 2.160476761710220308e+04 -5.733840811379046880e-03 -7.304712350252977326e-02 2.177784102842551874e+04
4.979619944682900723e+01 2.430865304833882692e+04 2.425885684889199911e+04 3.491875799901014155e-01 -1.449168645303900160e-01 2.430349993946520408e+04
7.115453622051515481e+01 1.945989112897967061e+04 1.938873659275915634e+04 8.859131999200053897e-01 -2.146940749342206300e-01 1.921947761008362068e+04
1.669804919301324162e+02 2.028870755721883688e+04 2.012172706528870549e+04 2.575884465255241507e-01 1.472657060882119617e-01 2.040010500549761127e+04
1.940379127518901612e+02 1.864192195010925934e+04 1.844788403735736938e+04 6.839880852794606447e-01 5.309123086767153499e-02 1.858135248847871117e+04
3.759410019697443772e+02 1.901851935365803001e+04 1.864257835168828387e+04 7.251452185601481304e-01 2.307675352237126276e-01 1.922969486392534964e+04
8.408321648121803946e+02 1.876211335131038504e+04 1.792128118649820317e+04 1.186463302780040197e+00 -7.428173199051985552e-03 1.897180933789910705e+04
2.168951078143732502e+03 2.012097097604172450e+04 1.795201989789799336e+04 1.218578729271227346e+00 3.816905801556345207e-02 2.241870432700973106e+04
4.362357774478572537e+03 2.381279236939055045e+04 1.945043459491197791e+04 1.476674242972085827e+00 -6.209698544273175441e-02 2.447048127155410111e+04
1.123731576147036867e+04 3.325788170753827580e+04 2.202056594606790895e+04 1.638441465965505772e+00 -2.262955006607494587e-04 4.363750329353125562e+04
