4.877218526346586458e+01 2.162995952958737325e+04 2.158118734432390920e+04 3.766112529801406983e-01 -3.273181423171787063e-01 2.180262037516231794e+04
5.081485932245725223e+01 2.428747081931312641e+04 2.423665595999066863e+04 2.803909129165169101e-01 -2.173301328755241624e-01 2.456468755219674131e+04
7.375306150042891318e+01 1.946903578046955590e+04 1.939528271896912702e+04 9.143965412049470665e-01 -1.128149897678975694e-01 1.934689159830468998e+04
1.613387467832606887e+02 2.033030663012144942e+04 2.016896788333818768e+04 3.416315163487335105e-01 -1.847059880513156616e-01 2.039536588721218141e+04
1.876739178936812777e+02 1.867413908193053794e+04 1.848646516403685746e+04 6.423948513022578188e-01 1.956676552161011884e-01 1.855908979299161001e+04
3.732668751251721346e+02 1.902626814452582403e+04 1.865300126940065093e+04 6.646123196595554727e-01 2.914720145886654998e-02 1.943261909548795666e+04
8.636846176829753858e+02 1.875586704052836649e+04 1.789218242284539156e+04 1.040653976173640638e+00 7.297139874518261682e-02 1.907351252789313367e+04
2.155677717176653459e+03 2.011029773686527915e+04 1.795462001968862751e+04 1.235491124487692272e+00 1.092192702726350745e-01 2.235613260722987980e+04
4.671860361890268905e+03 2.410096308365729783e+04 1.942910272176702711e+04 1.544949189184029459e+00 1.545865528716894588e-01 2.491437966409520232e+04
1.177904959215974668e+04 3.395178145930005121e+04 2.217273186714030453e+04 1.707218578016044930e+00 1.172502682799727719e-01 4.660911399706450902e+04
