5.135605969455561848e+01 2.160881167264907344e+04 2.155745561295451625e+04 1.831991408925533749e-01 -1.928680542658514907e-01 2.168823947316066551e+04
5.198178848050382328e+01 2.426855483920856568e+04 2.421657305072806048e+04 3.354623467461650965e-01 -9.343321792631208156e-02 2.446540857924781449e+04
7.449090995337466836e+01 1.941736432363502900e+04 1.934287341368165289e+04 8.367208306910386417e-01 -1.751921749248389060e-02 1.932579369030753878e+04
1.658621345009593711e+02 2.031319173638611028e+04 2.014732960188515062e+04 2.110326412641757299e-01 -1.155603358100886074e-01 2.045651998913980060e+04
1.861557032689502194e+02 1.867587565565083423e+04 1.848971995238188538e+04 7.116844637636651205e-01 1.210242427020147803e-02 1.852283988640933967e+04
3.621275057901801233e+02 1.901540320352303024e+04 1.865327569773284995e+04 5.915208150482517135e-01 2.086012100550614645e-01 1.928684270395003114e+04
8.593429557940602308e+02 1.876300099119162405e+04 1.790365803539756234e+04 1.056616847522193980e+00 2.126066326477546176e-01 1.907965416950660801e+04
2.169964862752220597e+03 2.012219995907157499e+04 1.795223509631935303e+04 1.122329837207559855e+00 -5.603266256327794209e-02 2.250989022517854028e+04
4.435545797292395036e+03 2.398800800119695123e+04 1.955246220390455710e+04 1.234911640068842908e+00 -6.174580981977288024e-02 2.467873877084724882e+04
1.180237482378860113e+04 3.405112956901919097e+04 2.224875474523058801e+04 1.593168931401200306e+00 1.253437417854399993e-01 4.603888109257410542e+04
