4.703572894878829658e+01 2.160019486820519887e+04 2.155315913925641144e+04 4.303520271435144484e-01 -2.786704208254198734e-01 2.158211608032535150e+04
5.126861217334956677e+01 2.430323207312472005e+04 2.425196346095137051e+04 3.892883053301976481e-01 -9.542942082774752421e-02 2.441639051879016915e+04
7.164442013166249978e+01 1.942676910043083626e+04 1.935512468029917363e+04 8.330456875850353882e-01 -1.722162166949126050e-01 1.926081640914065429e+04
1.603605876473388321e+02 2.030832801946766631e+04 2.014796743182032878e+04 2.528058356629607206e-01 1.091694106119333631e-02 2.043645579509378877e+04
1.967619541801242065e+02 1.864659508540889874e+04 1.844983313122877371e+04 5.504194796744443785e-01 2.556489938765190151e-01 1.849788368727881607e+04
3.617017649805276278e+02 1.906606193616442033e+04 1.870436017118389282e+04 6.688771938341737666e-01 2.103027566771884793e-01 1.942012877415340336e+04
8.404365649567614582e+02 1.873952849212293950e+04 1.789909192716617690e+04 1.147247358629675640e+00 2.005319272985094659e-01 1.899127570319832375e+04
2.110838900739615383e+03 2.004936214473888685e+04 1.793852324399927238e+04 1.346250079968332569e+00 -1.582671857990340658e-01 2.223710343589961485e+04
4.470214838403503563e+03 2.390558395036399452e+04 1.943536911196049186e+04 1.580511054010443450e+00 6.942895529866709159e-02 2.465844884132860534e+04
1.156512008763013364e+04 3.380002138242886576e+04 2.223490129479873212e+04 1.614084786527656634e+00 1.392172181136099585e-01 4.644414154241669166e+04
