5.148268070762115656e+01 2.160663399883582315e+04 2.155515131812820255e+04 5.322159075253206639e-01 -8.726420531665711466e-02 2.170019152542866141e+04
5.312658061395100617e+01 2.429775176058709621e+04 2.424462517997314353e+04 4.744575533465435480e-01 -1.155004016369292758e-01 2.433659706418989663e+04
7.420662009007752147e+01 1.945811197872199045e+04 1.938390535863191326e+04 8.478599222226520515e-01 -2.079684934309716515e-01 1.940317820186637255e+04
1.623167692317711897e+02 2.030182815053977902e+04 2.013951138130800609e+04 3.239647000398003795e-01 2.291702310077218530e-01 2.042569739252239378e+04
1.938091717414120581e+02 1.862076707844514021e+04 1.842695790670372662e+04 5.478434180802715936e-01 2.694403980069186647e-02 1.863218070150683707e+04
3.677037115687291475e+02 1.905721188757909840e+04 1.868950817601036761e+04 8.351378890426573998e-01 3.186727188176731729e-01 1.940517057765601567e+04
8.481664313720297059e+02 1.874238461917258610e+04 1.789421818780055764e+04 1.213838831816499431e+00 2.020949720648148595e-01 1.902096556062309537e+04
2.188238911286944131e+03 2.015061369353563714e+04 1.796237478224869119e+04 1.116684136627470902e+00 -1.013609063702217289e-01 2.242164898120587895e+04
4.680826543548109839e+03 2.426251973172156067e+04 1.958169318817344902e+04 1.646930529304294843e+00 8.935557604411610566e-02 2.524480606055480530e+04
1.132010778345558720e+04 3.326626594954678876e+04 2.194615816609120156e+04 2.301240099951180174e+00 8.407167801009834962e-02 4.434232659546266950e+04
