4.979211601740946946e+01 2.162669471810349569e+04 2.157690260208608743e+04 1.665475771180658093e-01 -1.393744140494695694e-01 2.163195987147640699e+04
4.976280995967056953e+01 2.428940272682082650e+04 2.423963991686115696e+04 2.955919832605712894e-01 -1.241856288631915523e-01 2.439713789649678074e+04
7.012460674556614038e+01 1.943373237123664512e+04 1.936360776449108016e+04 9.249866458510697109e-01 -1.685712514413746643e-01 1.925994857970893645e+04
1.636809060986337556e+02 2.027303152040030545e+04 2.010935061430167116e+04 1.902494201223411674e-01 1.119680179582084323e-01 2.035230863319351556e+04
1.967536511197128277e+02 1.861836570039429716e+04 1.842161204927458311e+04 4.938487982423399036e-01 2.032092681191659256e-01 1.850013002056020196e+04
3.766117814868358096e+02 1.900399147318118776e+04 1.862737969169435019e+04 5.877195175210948586e-01 2.969879403558120523e-01 1.933578718810018108e+04
8.826360347447819095e+02 1.880696755609333923e+04 1.792433152134855845e+04 1.147447833151116647e+00 1.629833370253743474e-01 1.910429533055833235e+04
2.219290283092298978e+03 2.017836964276476647e+04 1.795907935967246885e+04 1.475407712149869210e+00 -1.179281752617919593e-01 2.255331547597363169e+04
4.509368878350376690e+03 2.402429342010039909e+04 1.951492454175002058e+04 1.608065980843603748e+00 8.781437714396125166e-03 2.482262773817542620e+04
1.150685902616572821e+04 3.357113891612064617e+04 2.206427988995491614e+04 1.653225662074081059e+00 4.901728320117584858e-02 4.497026963666009397e+04
