4.809633229894901518e+01 2.161851786825258387e+04 2.157042153595363561e+04 3.141948398336438797e-01 -3.367519946720929913e-01 2.177933120037176195e+04
5.103268578746667572e+01 2.433158562068971878e+04 2.428055293490225085e+04 4.903138605567035069e-01 -7.654298252542814096e-02 2.453932119500511544e+04
7.139567768646048762e+01 1.940381495924325282e+04 1.933241928155679125e+04 9.141231429563726474e-01 -1.922901077499429567e-01 1.928081776885862200e+04
1.619682785206412632e+02 2.033598365789495074e+04 2.017401537937430840e+04 2.621321205766354301e-01 -1.006795696876705143e-01 2.053704546849077087e+04
1.956223367920578653e+02 1.864627737399282705e+04 1.845065503720076958e+04 5.264981908655941290e-01 1.778874361890395994e-01 1.857648153274481956e+04
3.618737791887703565e+02 1.902649274625325779e+04 1.866461896706448897e+04 8.784819693181152855e-01 1.007157242279026893e-01 1.940093088994579739e+04
8.605988654321234890e+02 1.873862296325682837e+04 1.787802409782470568e+04 1.020842714468140011e+00 1.272916012383862039e-01 1.900044988057157025e+04
2.106171189612996386e+03 2.007087153507700350e+04 1.796470034546400711e+04 1.416901837868805858e+00 -5.395038669807102755e-02 2.236060893923075855e+04
4.800949954469327167e+03 2.420706390104671664e+04 1.940611394657738856e+04 1.273485434043846398e+00 4.565133355598308823e-02 2.528760524098315000e+04
1.202416403756447653e+04 3.397250711650472658e+04 2.194834307894024823e+04 1.846430457849254525e+00 1.030173569806615702e-01 4.701267279339968081e+04
