5.114559393607975579e+01 2.162949725396474241e+04 2.157835166002866390e+04 6.457989874721900003e-01 -1.770429064583375622e-01 2.186537748051687959e+04
5.057466359829184199e+01 2.431048713455675534e+04 2.425991247095846484e+04 5.964770319847024771e-01 -2.474698412106814960e-01 2.443297922787231437e+04
6.982245003844656139e+01 1.943284673481970822e+04 1.936302428478126239e+04 8.950604737714887849e-01 -7.121813573597811364e-02 1.941196333737687019e+04
1.664813247822544611e+02 2.031008357798474026e+04 2.014360225320248719e+04 2.886731984511256566e-01 5.099703274897456756e-02 2.051062796410770534e+04
1.931790260228043223e+02 1.862909374676072548e+04 1.843591472073792102e+04 5.537689460536471264e-01 1.672638724638959296e-01 1.853732972675224664e+04
3.777603598490200056e+02 1.906193105429382194e+04 1.868417069444480148e+04 7.379032425904649140e-01 2.705091191645008775e-01 1.946953293592034606e+04
8.943921462048524518e+02 1.877414876245563210e+04 1.787975661625077919e+04 1.111625361944324819e+00 1.857816360444530801e-01 1.900505960686748585e+04
2.052099867881106547e+03 2.002358754468520056e+04 1.797148767680409219e+04 1.035384719323361180e+00 -7.993201358937772338e-02 2.207973604644437000e+04
4.530391956310039859e+03 2.405214027559584065e+04 1.952174831928580170e+04 1.546803550564406882e+00 2.616930245301476998e-03 2.463088858545651237e+04
1.181725159579574756e+04 3.419909380610894732e+04 2.238184221031319976e+04 1.614353417383844969e+00 1.620673631237154119e-02 4.555672919070440548e+04
