4.665390487583316315e+01 2.164456488989257559e+04 2.159791098501674423e+04 1.320867819853912828e-01 -1.116122753509628390e-01 2.175266011509929012e+04
4.982417431635892058e+01 2.431760101191958165e+04 2.426777683760322179e+04 5.700176425940407521e-01 -1.375453932597200113e-01 2.448645047470772988e+04
6.770047175345982282e+01 1.943108992205619870e+04 1.936338945030274044e+04 8.389133343271982790e-01 -1.797017051844035096e-01 1.916224039726984120e+04
1.653327082483060337e+02 2.033495949682355058e+04 2.016962678857524588e+04 2.302423091648533593e-01 9.761490368007259832e-02 2.052483660855233757e+04
1.885349398576573208e+02 1.867510398810977131e+04 1.848656904825211313e+04 5.667051873203964307e-01 1.831339174697448335e-01 1.859914512207909138e+04
3.706819940945824214e+02 1.902703009173886312e+04 1.865634809764428064e+04 6.479761148364583390e-01 1.787524838027225726e-01 1.935872967738612715e+04
8.850024325712752216e+02 1.878755541870281013e+04 1.790255298613153354e+04 9.877430863169008868e-01 4.551372853203718843e-02 1.904977897391400984e+04
2.139458352548555013e+03 2.012643681643843593e+04 1.798697846388988182e+04 1.189367004218189861e+00 3.412320059246620046e-02 2.246678868404604509e+04
4.527845163666804183e+03 2.398851145598656149e+04 1.946066629231975821e+04 1.364225540804399950e+00 1.880613310271317049e-02 2.494868633741359372e+04
1.179359604397307339e+04 3.383015170759170724e+04 2.203655566361863384e+04 1.683728176264744469e+00 5.274052099279461642e-02 4.668041945934334217e+04
