4.965560308163937719e+01 2.164445426847230920e+04 2.159479866539067007e+04 3.921140116358436400e-01 -3.897894738135767034e-01 2.175334912211591291e+04
5.239757943469992796e+01 2.430004775785906895e+04 2.424765017842437010e+04 3.181844657767367024e-01 -1.588360193947477642e-02 2.452580661744393728e+04
7.127971983560890123e+01 1.943191986555459516e+04 1.936064014571898588e+04 8.447360538819590481e-01 -1.847665064481793518e-01 1.935836363858751065e+04
1.638906857397543888e+02 2.033350641504957457e+04 2.016961572930981856e+04 2.010653396182928987e-01 -3.500324703882623165e-03 2.049286398904733505e+04
1.872269476250447440e+02 1.864178105718087318e+04 1.845455410955582920e+04 5.743043372004885683e-01 1.351457673413980487e-01 1.845688089995184055e+04
3.647195603034154487e+02 1.906311874147003982e+04 1.869839918116662375e+04 7.012277710041736611e-01 2.018049731904964783e-01 1.937688552075480766e+04
8.209516004177129389e+02 1.876018731554850456e+04 1.793923571513079150e+04 1.120155124934205881e+00 1.643444207964573356e-01 1.900926724773760725e+04
2.137067290143542778e+03 2.012418934745536899e+04 1.798712205731182621e+04 1.259361051576336932e+00 1.022835657930713446e-02 2.229186455396280144e+04
4.465761643489357084e+03 2.392475005720385889e+04 1.945898841371450180e+04 1.852487258325636210e+00 -5.307614601350646444e-02 2.470301843820946306e+04
1.142391919607837008e+04 3.350245402045019728e+04 2.207853482437182538e+04 1.807897450384771565e+00 9.912441797974332058e-02 4.627929784830914286e+04
