5.085933345545880258e+01 2.163030513921429883e+04 2.157944580575884174e+04 7.744600192025925811e-02 -3.314268586679078865e-01 2.161087438937146362e+04
5.212118476279318458e+01 2.428880265383886581e+04 2.423668146907607297e+04 3.966191213165865537e-01 -2.627562688290203119e-01 2.432012466670477443e+04
7.295429506250066254e+01 1.943427746010648116e+04 1.936132316504398113e+04 8.533505922318472825e-01 -9.466043532530328541e-02 1.920297235106647713e+04
1.648300830669222421e+02 2.034358704376431342e+04 2.017875696069739206e+04 2.584425528871173161e-01 -9.664076916496951164e-02 2.056079868792294656e+04
1.910519044345089128e+02 1.867753203087218571e+04 1.848648012643767652e+04 5.629997575503747909e-01 1.217713069248553687e-01 1.853770108116011397e+04
3.711991855169663950e+02 1.901770768531520662e+04 1.864650849979824125e+04 6.046454589832722659e-01 7.351718723442048076e-02 1.930599984481888168e+04
8.806874602668564194e+02 1.878439489056935054e+04 1.790370743030249287e+04 1.170554266563052837e+00 1.812206660977361550e-01 1.910334855163322209e+04
2.094242124901670650e+03 2.005295807492255335e+04 1.795871595002088361e+04 1.306839444853138188e+00 6.798880152130211407e-03 2.233552344148796692e+04
4.697445137900922418e+03 2.416061248021186475e+04 1.946316734231094233e+04 1.552093927640874726e+00 1.019212646961977775e-01 2.513520158444850676e+04
1.227250521314060643e+04 3.424771087597028964e+04 2.197520566282968502e+04 1.665792912286337746e+00 6.578476672732225250e-02 4.885432601668853749e+04
