4.810898597456674253e+01 2.163290034941937120e+04 2.158479136344480503e+04 1.224299342950484620e-01 -4.309759579707393429e-01 2.181304963189641785e+04
5.046519658663479646e+01 2.434469905917560754e+04 2.429423386258897153e+04 4.001967814959472847e-01 -1.946608237801343011e-01 2.457807885919476394e+04
7.515507544699742937e+01 1.939459172884327199e+04 1.931943665339627478e+04 8.288936277912922757e-01 -1.956913557126055137e-01 1.919034687271936855e+04
1.641142724696915138e+02 2.029568901507883129e+04 2.013157474260914023e+04 2.424995188149549896e-01 -3.219619947596358972e-02 2.042943305742510711e+04
1.856994384149926987e+02 1.862251307177661511e+04 1.843681363336162394e+04 4.648402762577062419e-01 1.304778035379781376e-01 1.844091554085370808e+04
3.693163304749655822e+02 1.908577296698760620e+04 1.871645663651264113e+04 6.300513598388696179e-01 3.380405483113729237e-01 1.944047249259174714e+04
8.713314998878827282e+02 1.872239006402135055e+04 1.785105856413346919e+04 1.078942978981516587e+00 3.244281071426650259e-02 1.893297190151679752e+04
2.070000261416957983e+03 2.003360796684043089e+04 1.796360770542347382e+04 1.070582665015651136e+00 -3.026442775005757091e-01 2.221714208992995191e+04
4.581370671347673124e+03 2.410277843603354631e+04 1.952140776468587137e+04 1.563944835606156714e+00 -4.509845307525320313e-02 2.513498249410766948e+04
1.220858542971260977e+04 3.450397181973855186e+04 2.229538639002594209e+04 1.677163784575348648e+00 2.494925093250459011e-02 4.812293719585350482e+04
