4.963867404950220674e+01 2.162200082566632409e+04 2.157236215161682048e+04 2.427875947265647205e-01 -1.856025699843118770e-01 2.166403263440695082e+04
5.116532014179817622e+01 2.430465690721255669e+04 2.425349158707075912e+04 3.104932893707066377e-01 1.584737897236388957e-02 2.452161049333176561e+04
7.131181207272200595e+01 1.940410880031471970e+04 1.933279698824199659e+04 8.220347291945295787e-01 -1.516945361886783694e-01 1.925701596386907113e+04
1.605795314316999338e+02 2.029245414467404044e+04 2.013187461324234027e+04 2.360912757402504891e-01 1.127394699335555056e-01 2.033941776586985725e+04
1.969788987832409077e+02 1.865691480925691940e+04 1.845993591047367954e+04 5.808605098151845558e-01 2.241425845350385748e-01 1.863169265968242689e+04
3.715282314109769004e+02 1.902637664199801657e+04 1.865484841058704114e+04 5.670097720050851775e-01 4.900036822244315665e-02 1.936291130234168304e+04
8.508841084947479203e+02 1.874794636836795326e+04 1.789706225987320431e+04 1.021691145831362890e+00 9.231775289576049648e-02 1.898003941281690277e+04
2.032763979319911641e+03 2.001395782196289656e+04 1.798119384264298424e+04 1.307663180905457523e+00 -1.019044887547864153e-01 2.213404647075683897e+04
4.695529297708790182e+03 2.421910226474764568e+04 1.952357296703885368e+04 1.503229765378930383e+00 -5.046213650554370878e-02 2.496011595517687601e+04
1.133559551105176070e+04 3.303741567083035625e+04 2.170182015977859555e+04 1.973021060423922668e+00 -7.350094559356283586e-02 4.439425522384561918e+04
