4.667061290303010423e+01 2.161785352827099996e+04 2.157118291536796823e+04 2.336718938680287516e-01 -3.640842595037548368e-01 2.176028135456587552e+04
5.342841483334360930e+01 2.429054336182208499e+04 2.423711494698874230e+04 4.485176990717763545e-01 -3.548178910368704475e-01 2.440726195387158441e+04
6.943262507495893487e+01 1.942289610106986947e+04 1.935346347599491128e+04 7.482940461987656056e-01 -1.935054330806605660e-01 1.915121289574895854e+04
1.583329820101329801e+02 2.033114708089422493e+04 2.017281409888409326e+04 1.786932416794960732e-01 1.218228593629282486e-01 2.061374094042755678e+04
1.930841293625651076e+02 1.865848093828665878e+04 1.846539680892409524e+04 6.371049269120246938e-01 1.137552282626077410e-01 1.846816633675777848e+04
3.786838411672968050e+02 1.907063387204287937e+04 1.869195003087558143e+04 7.066165677934326261e-01 2.410319845350799295e-01 1.946546264317399618e+04
8.750827015883833155e+02 1.875582529786625309e+04 1.788074259627786887e+04 1.288943207419049441e+00 2.798948664453121057e-02 1.907117681199048820e+04
2.160184415530076421e+03 2.011550688473818445e+04 1.795532246920810940e+04 1.310751280644659067e+00 -9.905306932044140311e-02 2.247023523042391389e+04
4.554799797627725638e+03 2.393764960305688146e+04 1.938284980542915582e+04 1.467805417533522450e+00 6.042455023265661668e-02 2.501706138848211413e+04
1.156041569318932488e+04 3.345306966562984599e+04 2.189265397244052292e+04 1.860923568775542547e+00 -5.356325753186982203e-02 4.555975127108959714e+04
