4.919847302255259081e+01 2.161251466947434164e+04 2.156331619645178944e+04 2.333073825254195766e-01 -3.296607505944260108e-01 2.186680467273778413e+04
4.951917568063809938e+01 2.426490564580614227e+04 2.421538647012550427e+04 2.338562055596146994e-01 -4.815161292666862020e-02 2.432911601491067995e+04
7.369499439586265055e+01 1.939672195139876931e+04 1.932302695700290496e+04 8.596406579772161161e-01 -1.373037553791655874e-01 1.922354522211802396e+04
1.575783448489798957e+02 2.033251925068246419e+04 2.017494090583348589e+04 2.125659906337827587e-01 -1.215679817938109669e-01 2.034920107406969692e+04
1.833561558094495183e+02 1.864797108498972739e+04 1.846461492918027943e+04 6.374996487048253391e-01 7.069571763224098693e-03 1.852342523017429630e+04
3.796311670933758364e+02 1.906528724965260699e+04 1.868565608255923144e+04 5.994629407425001721e-01 2.147371783545066748e-01 1.925745326984212443e+04
8.536780828423057983e+02 1.877487789534105468e+04 1.792119981249874763e+04 1.168623909385667403e+00 1.520668489539567236e-01 1.901559347044300375e+04
2.126423771352592667e+03 2.008476639475708362e+04 1.795834262340448913e+04 1.201558737070344440e+00 -2.266156554888541005e-03 2.227620816362882397e+04
4.811993477566848014e+03 2.432503566908840367e+04 1.951304219152155565e+04 1.249354271224732527e+00 4.506748376420684210e-05 2.544747526321681653e+04
1.229444862522776020e+04 3.466934014892535197e+04 2.237489152369759177e+04 1.689276099104003670e+00 -6.372955222833916709e-03 4.827310862294570688e+04
