4.934235379453267711e+01 2.161950774143132367e+04 2.157016538763679273e+04 2.638985427150385751e-03 -2.329012470134017299e-01 2.174456443684431360e+04
5.120324124561449253e+01 2.428843320859440792e+04 2.423722996734879416e+04 4.748649746049727338e-01 -2.139148443645305375e-01 2.434363391196614248e+04
6.905889986101853140e+01 1.946344314664731792e+04 1.939438424678629963e+04 8.355902434407740387e-01 -2.029727009634809398e-01 1.935289111599068929e+04
1.617884744488031004e+02 2.034946442203607876e+04 2.018767594758727500e+04 2.066214025764576412e-01 -2.546693090215834121e-01 2.040991804232468348e+04
1.895767812674479842e+02 1.863941552698640953e+04 1.844983874571896013e+04 5.552177898525318955e-01 2.462372818718648049e-01 1.858831989597152642e+04
3.816479196919773926e+02 1.898707927377970191e+04 1.860543135408772287e+04 6.681477204860591934e-01 9.415694938368550371e-02 1.930229597404380911e+04
8.598054215671313614e+02 1.874369646501494935e+04 1.788389104344781663e+04 1.125199427736022662e+00 5.928451665741770599e-02 1.901962169786160302e+04
2.059710957892850274e+03 2.000838934120166596e+04 1.794867838330881568e+04 1.153688822679434622e+00 7.171305218963212880e-02 2.245434364809076942e+04
4.593094800715064594e+03 2.406374952847006716e+04 1.947065472775500166e+04 1.410421263854106044e+00 3.712938663241729942e-02 2.499703190795928822e+04
1.186869598394830609e+04 3.415098915616123850e+04 2.228229317221293240e+04 1.668114954443306042e+00 -4.777474309324538509e-02 4.734179582205572660e+04
