4.861871824387079499e+01 2.163493626033698820e+04 2.158631754209311839e+04 4.469620257064703117e-01 -1.766169886901576558e-01 2.172759201412871698e+04
5.053323496031840278e+01 2.427625472694477503e+04 2.422572149198445550e+04 2.703229039550764656e-01 -1.264265581708211572e-01 2.440728355326826932e+04
6.968903494132145227e+01 1.946860278069129708e+04 1.939891374574997462e+04 7.837033107359703266e-01 -2.579989917898186658e-01 1.928485963885396995e+04
1.591247474860912234e+02 2.033626976828267652e+04 2.017714502079658632e+04 2.218012015553723904e-01 -9.657867143314990965e-02 2.045720132450602250e+04
1.877152675952512197e+02 1.864162641659170185e+04 1.845391114899644890e+04 5.437994075314662723e-01 -1.065815135278840205e-02 1.844485875845065311e+04
3.700083595110262422e+02 1.904233774301282028e+04 1.867232938350179393e+04 5.832980321217947628e-01 1.672287305417651665e-02 1.935541852579836632e+04
8.277709813205019600e+02 1.874970493451764924e+04 1.792193395319714909e+04 1.023178173389788004e+00 5.125270598183365167e-02 1.904890144469385632e+04
2.091679449605790978e+03 2.008092439945948354e+04 1.798924494985369165e+04 1.495903283496709868e+00 -4.451121321169216466e-02 2.251167793166741103e+04
4.521704688439668644e+03 2.403232719822508443e+04 1.951062250978541488e+04 1.503029183692317750e+00 7.322317441943881899e-02 2.493096416827871508e+04
1.163818463932954728e+04 3.372210994316330471e+04 2.208392530383375561e+04 1.674400464049195625e+00 7.374580471121455760e-02 4.557920302373984305e+04
