4.880312153654254104e+01 2.163329156108331881e+04 2.158448843954677795e+04 2.267122055967683014e-01 -2.321848365240413159e-01 2.173492685057347990e+04
5.251200958213861725e+01 2.431737204754633058e+04 2.426486003796419027e+04 3.564909180383002973e-01 -2.143219008600153741e-01 2.443500227325897868e+04
7.261758153165168039e+01 1.943941956386419042e+04 1.936680198233253759e+04 8.663261804078192796e-01 -3.039992048046558648e-01 1.924749209575881468e+04
1.586141980027087470e+02 2.031638499597552072e+04 2.015777079797281112e+04 3.382684129774820025e-01 1.931583174275939077e-02 2.050874157753517284e+04
1.948798866197931545e+02 1.865802339658774144e+04 1.846314350996794747e+04 5.739542643555529677e-01 2.772435348557416024e-01 1.874262910988995282e+04
3.568573819234149482e+02 1.901385734350280472e+04 1.865699996157938949e+04 6.887642435517378203e-01 1.623031886277350178e-01 1.934103629180919233e+04
8.823013580373898321e+02 1.879833927396908257e+04 1.791603791593169444e+04 1.045693285123430849e+00 1.311214868608145123e-01 1.916915427023381199e+04
2.190291963210968788e+03 2.015452827543973399e+04 1.796423631222876429e+04 1.126509185502957200e+00 -1.174134951382623387e-01 2.246123648545978358e+04
4.639296026357803385e+03 2.423210719776461337e+04 1.959281117140681090e+04 1.355201516341983714e+00 2.961428494130498301e-02 2.509459007422596187e+04
1.162775914244279011e+04 3.384830084481195081e+04 2.222054170236916252e+04 1.606120596805264755e+00 -5.026173891739864558e-04 4.572790221758741973e+04
