4.924718498217751517e+01 2.157806299876238700e+04 2.152881581378020928e+04 -1.875807241012214244e-01 -1.767035280998797420e-01 2.146323024641027587e+04
5.182158777527902771e+01 2.428801112506517893e+04 2.423618953728990164e+04 3.547796357935233402e-01 -2.014880903658289035e-01 2.442539540130232126e+04
7.129643728119950197e+01 1.937889960161951603e+04 1.930760316433831758e+04 8.332449475503921343e-01 -7.320738999243513179e-02 1.912093499749382681e+04
1.631003539152080748e+02 2.029071132242088788e+04 2.012761096850567992e+04 1.846797231904145631e-01 1.604559944342781319e-01 2.041741838642203220e+04
1.925600182884291769e+02 1.863527813511011482e+04 1.844271811682168482e+04 7.321425708765153528e-01 3.865283723088550755e-02 1.844898716351985786e+04
3.722525482648266575e+02 1.906921338240205296e+04 1.869696083413722590e+04 7.024809663179146790e-01 2.172290687620095639e-01 1.938665491035651576e+04
8.041417278505261947e+02 1.874299709020955561e+04 1.793885536235903055e+04 1.087681892612214929e+00 4.954693753350376123e-02 1.892244622095051454e+04
2.020107934156326337e+03 1.994406216921661689e+04 1.792395423506028965e+04 1.162070381863788526e+00 -1.455550571031210827e-01 2.200133108017215272e+04
4.782755613139691377e+03 2.437302638131532149e+04 1.959027076817562920e+04 1.794903272101704417e+00 -1.307074223843841254e-01 2.540431858665219625e+04
1.151977874579700256e+04 3.329066137654671911e+04 2.177088263074971474e+04 1.783138284943893703e+00 2.638157816798415711e-03 4.589984625426583807e+04
