5.051180063932713438e+01 2.157869084891312741e+04 2.152817904827379971e+04 3.968065700169864235e-02 -2.883100638349364586e-01 2.159961442876375440e+04
5.159575964733127762e+01 2.427214937806576927e+04 2.422055361841843842e+04 2.671879740901758615e-01 -3.242575654613810004e-02 2.432030331638442658e+04
6.983935892638849907e+01 1.940402486956935900e+04 1.933418551064297208e+04 8.075664288316440897e-01 -3.638188409284307673e-02 1.919409179025593403e+04
1.678013073618693909e+02 2.037677468104267973e+04 2.020897337368081207e+04 1.952220085071432187e-01 1.747899858844027265e-01 2.051911742326126114e+04
1.892737134192478266e+02 1.865280945978581440e+04 1.846353574636656776e+04 5.235645950026671658e-01 1.051735187697380308e-01 1.855547735317008119e+04
3.619445582723652706e+02 1.907676944401634319e+04 1.871482488574397939e+04 7.332065365478536156e-01 2.791412580775416985e-01 1.944495813093254765e+04
8.529589281503122038e+02 1.874236279561873016e+04 1.788940386746841978e+04 9.860329372893145150e-01 7.545817102146930300e-02 1.909680627386979540e+04
2.128633525504068984e+03 2.009525195223273840e+04 1.796661842672866987e+04 1.015669945184644041e+00 -7.188301594899985936e-02 2.224373151106623482e+04
4.495882114501402611e+03 2.386144642930968985e+04 1.936556431480828905e+04 1.652898961229088082e+00 9.118698459406708590e-02 2.475770003013193491e+04
1.223856965047789890e+04 3.446911944415928883e+04 2.223054979368139175e+04 1.825006426004286197e+00 -1.663108071384814327e-02 4.769297845089125622e+04
