5.205156666378949382e+01 2.163434116199404525e+04 2.158228959533025409e+04 1.636175037037834179e-01 -2.301626524366501281e-01 2.176769237641627478e+04
5.182155798668333091e+01 2.427042361321122371e+04 2.421860205522453907e+04 2.590479492781110893e-01 4.296102559695851725e-02 2.432382661622226078e+04
7.303766694015979510e+01 1.943942518095883497e+04 1.936638751401867557e+04 8.007682300601347558e-01 -1.798150334199963007e-01 1.920648852621478727e+04
1.636658303488277113e+02 2.030011848534680757e+04 2.013645265499797824e+04 1.972284266973983458e-01 2.991803743937680379e-02 2.045334409900800893e+04
1.847141663313235540e+02 1.864014166272486182e+04 1.845542749639353860e+04 4.609388760323724354e-01 2.659709248996136033e-01 1.850303233251001438e+04
3.738928217424133322e+02 1.905919379329027652e+04 1.868530097154786199e+04 7.737144761440820639e-01 2.698171555893569273e-01 1.934034893203871979e+04
8.560729314016193712e+02 1.870722370171447983e+04 1.785115077031285909e+04 1.062058579286605076e+00 9.282826469044171136e-02 1.878454437782373861e+04
2.073693166827788900e+03 2.003649872400917957e+04 1.796280555718138930e+04 1.537009231724250968e+00 -1.189471673997005291e-01 2.240584398656580743e+04
4.494143096545909430e+03 2.392594003589521890e+04 1.943179693934931129e+04 1.569397103147771588e+00 5.003251601330338180e-04 2.488731020783746862e+04
1.267632665569094570e+04 3.486233017370743619e+04 2.218600351801649231e+04 1.706279852212202686e+00 7.835383915832834500e-02 4.978433600299027603e+04
