5.039903005964562510e+01 2.160928300339501220e+04 2.155888397333536705e+04 -7.607506683750997478e-02 -2.559071092956965998e-01 2.167907325102643517e+04
5.145176131245599294e+01 2.427828633621074550e+04 2.422683457489829016e+04 4.281572495852427607e-01 -4.064045693358907252e-02 2.437124432769920168e+04
7.336708710590274052e+01 1.940523072996265182e+04 1.933186364285674790e+04 8.045663195877835738e-01 -1.009476162845445169e-01 1.922858490648565567e+04
1.629846855518109692e+02 2.035081012182322957e+04 2.018782543627141786e+04 2.469235114678895726e-01 4.078670964634105618e-03 2.053560648081017280e+04
1.907294572545262952e+02 1.862824684521566087e+04 1.843751738796113568e+04 5.171564236147242477e-01 1.869653656117100382e-01 1.837212571169741204e+04
3.805397576938473208e+02 1.905210002801833252e+04 1.867156027032448401e+04 9.122262788596007255e-01 5.406912511563061186e-02 1.942966128847655636e+04
8.233634725672587820e+02 1.871193514384441369e+04 1.788857167127715365e+04 1.038263740282621361e+00 1.033089982474961199e-01 1.885696583712545180e+04
2.085625236706546275e+03 2.008288550045674492e+04 1.799726026375019865e+04 1.298433868715568096e+00 -1.076006624876248569e-01 2.240803302409329626e+04
4.643602020901140349e+03 2.415222005775884099e+04 1.950861803685770064e+04 1.214305894362289528e+00 -8.044136209469765486e-02 2.541465442549198997e+04
1.144004415832596169e+04 3.356880447038856073e+04 2.212876031206260086e+04 1.921715172437254315e+00 -6.764375669510407085e-02 4.543535773027528921e+04
