4.915001530596364887e+01 2.158465265328910027e+04 2.153550263798313608e+04 3.822185902669148622e-02 -2.372236467685144568e-01 2.156876478888487691e+04
5.196737967319677409e+01 2.429692326706666790e+04 2.424495588739347295e+04 3.260798174759038659e-01 -7.183121875742110030e-02 2.441772444054969310e+04
6.979636436602980609e+01 1.948673881509865532e+04 1.941694245073262573e+04 8.950596034686509883e-01 -3.317137883852847025e-02 1.944650051377075215e+04
1.586281644771606523e+02 2.033796855128155948e+04 2.017934038680440062e+04 2.531395011917622617e-01 -7.768194796424268515e-03 2.047007229217276836e+04
1.939488170947899448e+02 1.866001054246928470e+04 1.846606172537449311e+04 5.241006250209918615e-01 3.106015058298734755e-02 1.850281268523973631e+04
3.720150592287134259e+02 1.906514619675913127e+04 1.869313113753041762e+04 5.761320584415456914e-01 1.597282767473487131e-01 1.947269258005201118e+04
8.449926048205896905e+02 1.872260177215629665e+04 1.787760916733570775e+04 9.693446171643502751e-01 1.014019085131250691e-01 1.900016011317582888e+04
2.125045307378094549e+03 2.006412287878247298e+04 1.793907757140437752e+04 1.132706302874061155e+00 -5.652978622649692392e-02 2.221883874373944855e+04
4.703510784580118525e+03 2.416501832506736173e+04 1.946150754048724411e+04 1.658926064700813940e+00 -1.524014330766109426e-01 2.513695582811101485e+04
1.147262704110874074e+04 3.368700512596740009e+04 2.221437808485866117e+04 1.669135281378824942e+00 1.279794361969732452e-01 4.622964706482441397e+04
