4.817938447960686688e+01 2.159500948533038900e+04 2.154683010085078058e+04 1.581257638685946987e-01 -3.548672860423497943e-01 2.155782205809003426e+04
5.306962260614817950e+01 2.428510898023797927e+04 2.423203935763183108e+04 2.936130713871497044e-01 -8.404057413178693536e-02 2.439837959869925544e+04
7.060939458619351683e+01 1.939927329991470106e+04 1.932866390532850710e+04 8.757272631980986821e-01 -1.909391474570140967e-01 1.910170157272081269e+04
1.603925887757988278e+02 2.029782208944589365e+04 2.013742950067009588e+04 2.573222828589355471e-01 -2.495851778113641114e-03 2.053520928903569438e+04
1.969066195367227863e+02 1.864625905316623175e+04 1.844935243362950860e+04 4.848746633205691103e-01 -1.802515491830277428e-01 1.853255721162343980e+04
3.755143405016052043e+02 1.904405546657315062e+04 1.866854112607154457e+04 7.313310306801371619e-01 9.347801766204004437e-02 1.942428169728686044e+04
8.379144237464699927e+02 1.873210491036621897e+04 1.789419048661974739e+04 1.134924669682574105e+00 1.668499477523851804e-01 1.896755455604111194e+04
2.105721745015116539e+03 2.010294681776268772e+04 1.799722507274756936e+04 1.091059864534752677e+00 -1.621082641769993060e-01 2.254999600961663236e+04
4.573248644356439399e+03 2.415469432482280172e+04 1.958144568046636414e+04 1.452222159985013361e+00 -7.427121331869528109e-02 2.511339963071559396e+04
1.205941750381197016e+04 3.431615157767573692e+04 2.225673407386376493e+04 1.819463353944240636e+00 -1.002934326081729721e-01 4.643492556760498701e+04
