5.030434595645227347e+01 2.164131292784313700e+04 2.159100858188668644e+04 3.213954705492098607e-01 -2.447833403223414750e-01 2.172194035673924736e+04
5.148497143888715755e+01 2.428592350764074945e+04 2.423443853620186201e+04 3.007421247144724252e-01 -8.096214575703329641e-02 2.442462985647920505e+04
7.351621941774902780e+01 1.939314316146653073e+04 1.931962694204878062e+04 8.591133142278547519e-01 -2.658582458975172758e-02 1.927654762753780233e+04
1.628417737089310435e+02 2.032271200343294549e+04 2.015987022972401610e+04 1.826932913690263449e-01 1.118181014357003122e-01 2.040121634924483442e+04
1.883047052397810148e+02 1.866969596335886308e+04 1.848139125811908161e+04 5.869536575315347227e-01 1.709246219595383642e-01 1.851326188086787442e+04
3.695690902600152867e+02 1.906867467550715082e+04 1.869910558524713633e+04 5.668946815251009186e-01 3.431634027467181380e-01 1.957904636812148237e+04
8.445530032474428026e+02 1.871716589553343874e+04 1.787261289228599708e+04 1.195023386720063696e+00 1.376188936947855546e-01 1.901899032218385400e+04
2.151886840238640616e+03 2.012720258797028146e+04 1.797531574773164175e+04 1.129959257400766859e+00 -1.230760363377966654e-01 2.235900493270698280e+04
4.693746067429155119e+03 2.418376072477388880e+04 1.949001465734473459e+04 1.563988885280390484e+00 2.830928588568645821e-02 2.556652858389267203e+04
1.226534046802975354e+04 3.429010806844617036e+04 2.202476760041641683e+04 1.657007316099931016e+00 -3.413728804373844516e-02 4.776084621451410931e+04
