5.277105896842238764e+01 2.160942822155529575e+04 2.155665716258687462e+04 -1.734926548143314942e-02 2.943668496984970864e-02 2.183484284698267220e+04
5.220935990898991008e+01 2.426610987298421242e+04 2.421390051307522299e+04 3.922632416123688626e-01 -2.137482386995253336e-01 2.430708026768966010e+04
7.305713072123567997e+01 1.945049546438680409e+04 1.937743833366557010e+04 9.084627848722931498e-01 -1.317071180249186346e-01 1.938208738525303852e+04
1.687342236506316908e+02 2.037284093684509571e+04 2.020410671319446556e+04 2.123325084748169944e-01 1.235295286240169349e-01 2.061506836705709429e+04
1.928251083937274757e+02 1.863628919650182434e+04 1.844346408810809589e+04 7.175550550738520883e-01 8.640407818855388999e-02 1.861455684830274913e+04
3.785617230357668177e+02 1.904790936547198726e+04 1.866934764243621976e+04 6.701649577412949199e-01 1.655340756435774441e-01 1.952533821273905050e+04
8.602403976680440110e+02 1.876062584273716129e+04 1.790038544506911785e+04 1.063808826670268326e+00 1.803636324361296006e-01 1.900862202840896498e+04
2.067408856035289773e+03 2.004742061119691425e+04 1.798001175516162402e+04 1.143398462270590388e+00 6.132738937260101553e-02 2.218024907354163224e+04
4.616823786329505310e+03 2.412867927409836193e+04 1.951185548776885844e+04 1.552711381205908792e+00 6.145813013385826445e-02 2.488126115332441623e+04
1.224026942931136546e+04 3.457083631486840750e+04 2.233056688555704022e+04 1.552592266541185539e+00 1.351795244756817116e-01 4.810241091807850898e+04
