4.791111966484167084e+01 2.162483792451713816e+04 2.157692680485229721e+04 2.058736000422964896e-01 -1.990400877457749462e-01 2.160796617294406678e+04
5.203094546737455772e+01 2.428755115233765173e+04 2.423552020687027834e+04 3.479659721196000088e-01 -2.094810655545594757e-01 2.441525073723561945e+04
7.269516198352060599e+01 1.944438155691208885e+04 1.937168639492856892e+04 8.060324407124989099e-01 -1.735956458539367198e-01 1.936001660077282577e+04
1.630101033129618884e+02 2.032612168892819682e+04 2.016311158561523553e+04 2.314165380119554138e-01 -1.855952929535111331e-02 2.043113397160937166e+04
1.894189033524427543e+02 1.867393476856849884e+04 1.848451586521605714e+04 4.894872645785232623e-01 2.233310631110903277e-01 1.849953945941319398e+04
3.579803620472449097e+02 1.907161051263286572e+04 1.871363015058562087e+04 8.973396741048196290e-01 2.368011416344546483e-01 1.936995064801759872e+04
8.814528547344687013e+02 1.877895827793287026e+04 1.789750542319840315e+04 1.047825867905740616e+00 -7.160183824695163374e-03 1.905562625044592642e+04
2.071461461760317889e+03 2.003466015975288974e+04 1.796319869799257140e+04 1.193136195653296427e+00 8.923432490642983772e-02 2.235420976546983002e+04
4.573548367137706919e+03 2.409743358548335891e+04 1.952388521834565108e+04 1.568025250620720845e+00 1.977875351871121248e-02 2.507096359849140936e+04
1.191611975641526260e+04 3.407106141426524846e+04 2.215494165784998768e+04 1.703685536504271125e+00 -9.936964420452483113e-03 4.684588142399965727e+04
