4.945251725452575897e+01 2.162323091983761333e+04 2.157377840258308788e+04 2.697566202452232886e-01 -9.457862216767977392e-02 2.173560445223963688e+04
4.928813398147354263e+01 2.430271589799458889e+04 2.425342776401311494e+04 4.907986032336451032e-01 -1.881304835739486536e-01 2.434594202594142553e+04
7.009585379654494375e+01 1.944008966400326244e+04 1.936999381020671717e+04 8.869358010557463201e-01 -5.288530544778323201e-04 1.927262472292526945e+04
1.643176493217756615e+02 2.033577653978842500e+04 2.017145889046664888e+04 2.738385046817264912e-01 -1.884314343230538216e-02 2.054747611360946030e+04
1.837386911127031794e+02 1.868044542261435708e+04 1.849670673150165385e+04 5.025408239722569670e-01 3.357733025554719419e-01 1.866921590510213719e+04
3.738410192405978023e+02 1.903502789599188691e+04 1.866118687675128967e+04 5.924646251494104510e-01 1.981793214059431874e-01 1.933892694142056280e+04
8.810626191476343365e+02 1.875361229851074313e+04 1.787254967936311004e+04 1.002419588670848904e+00 1.988286258801399420e-01 1.898804053610138362e+04
2.061363575881714041e+03 2.004783196295076414e+04 1.798646838706904964e+04 1.226774125062204179e+00 -7.775831888491153976e-02 2.231990993361347137e+04
4.430892369168518599e+03 2.393415937330297675e+04 1.950326700413445724e+04 1.483141166165638181e+00 -6.526294948370035820e-02 2.477658200813175063e+04
1.215904338639775960e+04 3.413857864511055232e+04 2.197953525871279271e+04 1.519253866963182320e+00 5.520940476832927185e-02 4.602039641158615268e+04
