4.777526601492441927e+01 2.160905029801928686e+04 2.156127503200436331e+04 2.703681412033847042e-01 -1.820406301452260622e-01 2.170353839280460306e+04
5.304765527171215211e+01 2.429192023935684483e+04 2.423887258408513298e+04 5.163925406516879368e-01 -2.107967685360256638e-01 2.441643207433188945e+04
7.414191086959002064e+01 1.940340034309876137e+04 1.932925843222916956e+04 9.099584666074150840e-01 -1.603751876929619402e-01 1.927975710247585812e+04
1.583742747011251595e+02 2.029656337469301434e+04 2.013818909999189054e+04 2.684050075436128502e-01 -1.039810813027039621e-01 2.058621230401423600e+04
1.965647314631118547e+02 1.864939970449013708e+04 1.845283497302702381e+04 5.211397629321156133e-01 1.722816598986683656e-01 1.868630897057288894e+04
3.859828438155501544e+02 1.906430704572033574e+04 1.867832420190478661e+04 5.856748317667143100e-01 2.177333070513036706e-01 1.947150733695203962e+04
9.068907306914687751e+02 1.880684621684531521e+04 1.789995548615384541e+04 1.131462613338690248e+00 2.706540079027608958e-01 1.910188777708222551e+04
2.070749716696446740e+03 2.003289549536064442e+04 1.796214577866419859e+04 1.259787843178668654e+00 -7.074642533606116668e-02 2.221993367494640552e+04
4.523264555395129719e+03 2.398256658096188403e+04 1.945930202556675431e+04 1.328186000913278209e+00 -3.309212694938762421e-04 2.501128173366936971e+04
1.104888586374700390e+04 3.307609545250148949e+04 2.202720958875448559e+04 1.747058542381102475e+00 1.082897538958946249e-02 4.563781786353289499e+04
