4.757725060204543865e+01 2.162946929692081540e+04 2.158189204631877146e+04 1.675159219702252733e-01 -5.086078325556536717e-02 2.172022413548085751e+04
5.371018181552182114e+01 2.429831760619594934e+04 2.424460742438042871e+04 3.056711770218427104e-01 -6.587862302239257117e-02 2.440365187749486358e+04
7.585090246300826777e+01 1.943208814180039553e+04 1.935623723933738802e+04 8.623338932486085406e-01 -3.756675834562162725e-02 1.922014867600063371e+04
1.608544189145835048e+02 2.035029860390775139e+04 2.018944418499316816e+04 2.458797335369838910e-01 -2.402591113143457691e-01 2.044943649764007932e+04
1.928745575432893133e+02 1.866788677331112558e+04 1.847501221576783792e+04 5.031272218897760995e-01 2.146840399431748647e-01 1.849899504755240559e+04
3.747895829420478435e+02 1.906348906816195085e+04 1.868869948521990227e+04 6.313770456170434420e-01 5.652743664468434792e-02 1.933656610282335896e+04
8.741875065146834913e+02 1.877286008303191920e+04 1.789867257651723412e+04 1.200775529761899163e+00 1.427709771047179499e-01 1.901263105138277024e+04
2.085248124327385085e+03 2.003863042077547652e+04 1.795338229644809326e+04 1.227997656472688215e+00 -4.609428806599430439e-02 2.241985641355347980e+04
4.673570338336961868e+03 2.422264369692614491e+04 1.954907335858918304e+04 1.407238852988036193e+00 8.917168245394896386e-02 2.513345164127916360e+04
1.158132691286059708e+04 3.376867407387628919e+04 2.218734716101569211e+04 1.621111153066508992e+00 -4.976726897041635483e-02 4.626073935846996028e+04
