5.117918443760104452e+01 2.164962241389106930e+04 2.159844322945346721e+04 7.283144905437527461e-01 -3.889306911556859592e-01 2.185625190813457812e+04
5.151412589737402214e+01 2.425423568680065000e+04 2.420272156090327553e+04 3.470391720419279125e-01 -1.439396760784640295e-01 2.439841252595242986e+04
7.189470615584153279e+01 1.942665626385811993e+04 1.935476155770227706e+04 8.870537555620695569e-01 -7.017205815134504310e-02 1.924426358604378402e+04
1.624029825845957760e+02 2.035603334877108500e+04 2.019363036618648766e+04 2.686588953541372282e-01 5.551404734011567560e-02 2.055522114689708542e+04
1.951227346517566730e+02 1.861151760376137827e+04 1.841639486910962296e+04 5.917832703037216868e-01 1.579982644387064872e-01 1.849660872041676339e+04
3.684479839592514168e+02 1.906019692793653303e+04 1.869174894397727985e+04 7.291892273396252122e-01 2.053817093697723750e-01 1.945154145321285978e+04
8.665453450863260514e+02 1.871188021390404538e+04 1.784533486881772114e+04 1.101614479020736725e+00 1.818341630442855406e-01 1.896964557253439489e+04
2.126759077772368983e+03 2.008038717854409697e+04 1.795362810077172617e+04 1.142857723749690857e+00 -4.260684130694525340e-02 2.233172581563622953e+04
4.579925124615120694e+03 2.409097448571682253e+04 1.951104936110170092e+04 1.412885630914190171e+00 6.888536253287586009e-03 2.482560595471393390e+04
1.190019452175948391e+04 3.406672004557483888e+04 2.216652552381535497e+04 1.610446724419853703e+00 6.789489774359021290e-02 4.743310806695494102e+04
