4.834539561946991881e+01 2.164023415101488717e+04 2.159188875539541550e+04 2.949417974360107331e-01 -7.769417418151436383e-02 2.186574451307598065e+04
5.084008094730558724e+01 2.427842324422734237e+04 2.422758316328003639e+04 3.092336982284915048e-01 -1.424184744302809669e-01 2.453861741808463921e+04
7.104798232852631656e+01 1.937591886231788885e+04 1.930487087998936113e+04 9.412363489113725334e-01 -1.824403721953481716e-01 1.910304466827540455e+04
1.653107038242652322e+02 2.036866732293361201e+04 2.020335661910934505e+04 2.080572146000596867e-01 -9.680837585899630671e-02 2.050997376292268382e+04
1.919266099230896430e+02 1.864759940589961843e+04 1.845567279597653032e+04 6.102856554264640687e-01 1.139903335490091880e-02 1.856249947562569287e+04
3.731041328521285436e+02 1.904389159636784461e+04 1.867078746351571681e+04 5.143722969475637008e-01 1.445554925715059058e-01 1.944608368617611995e+04
8.466280911919154732e+02 1.878328390353419672e+04 1.793665581234228011e+04 9.718217813888356815e-01 7.947011156924238540e-02 1.911038145201811130e+04
2.110500223670984269e+03 2.013381058506916088e+04 1.802331036139817661e+04 1.196541628062564699e+00 -1.702886152322208024e-01 2.245388105801048005e+04
4.642886942840953452e+03 2.412062913810284954e+04 1.947774219526189700e+04 1.615665838443106184e+00 3.012062343580618543e-02 2.519089005154697224e+04
1.168518237093501557e+04 3.410779380320149357e+04 2.242261143226647982e+04 1.802950204536537315e+00 8.593077364781186167e-02 4.635160829670342355e+04
