5.212178867387456194e+01 2.160695426092193520e+04 2.155483247224806109e+04 -1.372660521761200902e-01 -1.494754855874925181e-01 2.157021387783341197e+04
4.827140609346450617e+01 2.429581982744144989e+04 2.424754842134798673e+04 4.768531495753806637e-01 -1.372995375921748362e-01 2.446118026598266806e+04
7.413155317549211532e+01 1.941078272453469617e+04 1.933665117135920445e+04 8.234246123429632691e-01 -6.897340175697087156e-03 1.921699502206175021e+04
1.605458354721270382e+02 2.031833408527106440e+04 2.015778824979893761e+04 2.237357714772937045e-01 -5.120862727687863769e-02 2.044719783904607539e+04
1.916360590049020232e+02 1.865191356329792325e+04 1.846027750429302250e+04 4.520920527290794300e-01 1.957867075643805466e-01 1.848207709255285590e+04
3.607554324802985093e+02 1.906897009473946309e+04 1.870821466225916447e+04 7.469316716010051538e-01 1.440006009815331944e-01 1.938171203937116297e+04
8.419791265439869221e+02 1.871599330058223495e+04 1.787401417403824962e+04 1.089798821831505116e+00 1.193894967080644243e-01 1.900715515405719634e+04
2.115138908438937506e+03 2.007795891241808204e+04 1.796282000397914453e+04 1.380471531196423074e+00 -8.802895996167869885e-02 2.234535511126744677e+04
4.542694201245833938e+03 2.399707539777211059e+04 1.945438119652627574e+04 1.407850904368186384e+00 2.011971716869395048e-04 2.495822374681473593e+04
1.148892916274500567e+04 3.353327587775808934e+04 2.204434671501308185e+04 1.987294920740243276e+00 -1.286367021407491540e-01 4.531185856307956419e+04
