4.763408109487074427e+01 2.161516944025792691e+04 2.156753535916305555e+04 1.900577367624274594e-01 -2.112015969448906016e-01 2.167014694639798108e+04
5.218384451227552745e+01 2.433145295205873481e+04 2.427926910754646087e+04 3.257382745182942352e-01 -9.566942669414735256e-02 2.469950486584009559e+04
7.457711926882571163e+01 1.940259748954288443e+04 1.932802037027405822e+04 8.491171480639395641e-01 -1.138717340295383601e-01 1.932992241695264966e+04
1.643147916792246122e+02 2.031383578957568534e+04 2.014952099789645945e+04 2.512738941468503628e-01 1.258079446650586797e-02 2.039394261047052350e+04
1.932636391787775665e+02 1.864876145778950740e+04 1.845549781861072915e+04 6.180951113920317708e-01 1.109105820960333277e-01 1.868010485635116129e+04
3.638938144765486982e+02 1.903162856748733611e+04 1.866773475301078724e+04 6.188365892693508119e-01 2.974447996468683741e-01 1.935592062744665236e+04
8.968093548261492742e+02 1.876538564764420880e+04 1.786857629281805930e+04 1.152185501354011654e+00 1.709505725815523014e-02 1.887803758808786006e+04
2.078378239437408865e+03 2.004935404704434040e+04 1.797097580760693018e+04 1.151194946011587339e+00 -6.057036634408167336e-02 2.227817405909363879e+04
4.517130646660069942e+03 2.402503146139700402e+04 1.950790081473693499e+04 1.327030196367373405e+00 1.786009497656811454e-02 2.474391584535985021e+04
1.182140065660772962e+04 3.424903231934055657e+04 2.242763166273282695e+04 1.799361680534699692e+00 9.717436782744250101e-02 4.738210802385617717e+04
