4.979536050993266372e+01 2.162650725296419478e+04 2.157671189245426285e+04 2.761781084865794766e-01 -2.965021459190856912e-01 2.165421740143640272e+04
5.084921447659518634e+01 2.427954248437674323e+04 2.422869326990014815e+04 3.866024734463028856e-01 -1.956844972281791828e-01 2.437775045280630729e+04
7.205787243106593110e+01 1.940461435224996239e+04 1.933255647981889706e+04 9.066137742190208959e-01 -1.928923532526682916e-01 1.931856550051655722e+04
1.589144245303197920e+02 2.032970559033083919e+04 2.017079116580051777e+04 2.679425865054715916e-01 -8.403828990689062375e-03 2.041255924911165857e+04
1.963292492224775287e+02 1.868411798699936116e+04 1.848778873777688204e+04 6.041690563030274186e-01 2.054287665312703182e-01 1.864821615786083930e+04
3.650060536665632753e+02 1.902815015208362456e+04 1.866314409841706220e+04 9.207915189902990960e-01 3.000818644065735841e-01 1.927797782615666074e+04
8.465153364553336814e+02 1.874135725154665124e+04 1.789484191509131779e+04 1.050350415657169689e+00 1.697385492531080786e-01 1.895118880486990383e+04
2.039074164790304167e+03 1.999850157692368157e+04 1.795942741213337649e+04 1.060983108215004522e+00 -1.151253333111886268e-01 2.199362416154974926e+04
4.649604981554384722e+03 2.424436923997712802e+04 1.959476425842274330e+04 1.504483905614203643e+00 -8.943715198836425795e-02 2.495802222518180133e+04
1.151884261068449268e+04 3.369192854070047179e+04 2.217308593001597910e+04 1.944947587065481542e+00 2.011917885567408304e-01 4.653971430890670308e+04
