4.818524711446501385e+01 2.163026644577039406e+04 2.158208119865592744e+04 6.435009882820873217e-02 -1.076400523009238136e-01 2.179821562939915748e+04
5.323129794913536017e+01 2.428635471763733949e+04 2.423312341968820328e+04 3.273734134451362632e-01 -1.377782564581006286e-01 2.437972266760604180e+04
6.820384018091681355e+01 1.946438420256709651e+04 1.939618036238617788e+04 8.471116822266847590e-01 -1.150333161112258029e-01 1.937157893654016516e+04
1.643123558805834534e+02 2.032497953815989968e+04 2.016066718227931779e+04 2.217260229805021465e-01 -1.194150929657808308e-01 2.052228362640504565e+04
1.911368435359245836e+02 1.867696682972292911e+04 1.848582998618700367e+04 6.613585549969965838e-01 2.237100898358828915e-01 1.860104763285848094e+04
3.759844715601875578e+02 1.904650734820960497e+04 1.867052287664941832e+04 7.190564316819593182e-01 8.398520904555514777e-05 1.949551326258072368e+04
8.959522957436196293e+02 1.879033799681744858e+04 1.789438570107382839e+04 1.061938895221550494e+00 1.649021346582045244e-01 1.915545138722803313e+04
2.137239129474800848e+03 2.007752584528474108e+04 1.794028671580993978e+04 1.314387763117820462e+00 -1.597605391296939154e-02 2.243514842403217335e+04
4.509400739759082171e+03 2.391550301012837372e+04 1.940610227036929064e+04 1.395642767814304408e+00 -1.901946497505195219e-02 2.468017496415964342e+04
1.175709045101088304e+04 3.363729117988277721e+04 2.188020072887189599e+04 1.461559000835549016e+00 4.297987816814646117e-02 4.459517670982242998e+04
