4.958246837611428504e+01 2.159796384890793706e+04 2.154838138053182411e+04 6.941997944630212691e-01 -1.157143813192635790e-01 2.170317041002119367e+04
5.189708918063364962e+01 2.429633028078177085e+04 2.424443319160113606e+04 3.933202973260811475e-01 -1.603315227288605316e-01 2.456913951933438875e+04
7.240241648515404904e+01 1.938584008664406429e+04 1.931343767015890990e+04 8.691535770616783951e-01 -6.404166163239780052e-02 1.914102851797134281e+04
1.707441750249606685e+02 2.035215535363406889e+04 2.018141117860910890e+04 2.322536013892372575e-01 -3.213434110028722673e-02 2.060486992367012499e+04
1.918766320687857672e+02 1.863017138547156719e+04 1.843829475340278077e+04 7.156255453455230287e-01 -1.895130687310772263e-02 1.845563678833940503e+04
3.723721158668834619e+02 1.905261467408159660e+04 1.868024255821471161e+04 6.931182927956455186e-01 1.061291837106304037e-01 1.943160382014886272e+04
8.575676949807020719e+02 1.876397129266077900e+04 1.790640359768007693e+04 1.296551184461039563e+00 1.567244346014149692e-01 1.897479565958904641e+04
2.011591892348964848e+03 1.995308485691008173e+04 1.794149296456111551e+04 1.238455851514700390e+00 -9.168181655558317600e-02 2.208321454901222023e+04
4.600068953761562625e+03 2.410696755204886722e+04 1.950689859828730550e+04 1.479263510747068411e+00 -1.994002752612747051e-02 2.467064155799237778e+04
1.168038323269872672e+04 3.343566694541049947e+04 2.175528371271177457e+04 1.536006076607402848e+00 3.241099824703463916e-02 4.495079884774988750e+04
