4.746135591507549378e+01 2.164794752297440937e+04 2.160048616705933455e+04 1.906405736351382552e-02 -3.250365067140237318e-01 2.187806971760746092e+04
5.036321106172375295e+01 2.429008946990032564e+04 2.423972625883860019e+04 3.188632445540650617e-01 -1.665481403317591313e-01 2.426179888925052364e+04
7.254510429116531611e+01 1.943110279109204930e+04 1.935855768680088295e+04 8.018363787354242378e-01 -5.596020053175290027e-02 1.923931408544140504e+04
1.655895260915058316e+02 2.029550365547736146e+04 2.012991412938585563e+04 1.785055258684817014e-01 1.548893000797088859e-01 2.051579468238182380e+04
1.985107350860871804e+02 1.863707708149305108e+04 1.843856634640696211e+04 5.496931687018459245e-01 4.031623936209707826e-01 1.846667355898865935e+04
3.715596397856059525e+02 1.902177033872118409e+04 1.865021069893557797e+04 5.643386391283734538e-01 7.668590688990703508e-02 1.936620723634133537e+04
8.586984727520418801e+02 1.871495719520525017e+04 1.785625872245320716e+04 1.132309412403017523e+00 2.656097840624642090e-02 1.895085707531915614e+04
2.131119070836297851e+03 2.010224771708387561e+04 1.797112864624757640e+04 1.275783982337233224e+00 7.768784897655978128e-02 2.243423559337556435e+04
4.436830822940280996e+03 2.382601222972498726e+04 1.938918140678470809e+04 1.410173766314051447e+00 -1.304753032822566494e-01 2.473165549276007005e+04
1.178895173004846220e+04 3.394935816010922281e+04 2.216040643006076061e+04 1.721850271014620404e+00 1.746954278245098358e-02 4.619074030989627499e+04
