4.821874083402192923e+01 2.163266760346462615e+04 2.158444886263060471e+04 4.088766606701110251e-01 -2.550301491290536959e-01 2.172403751042511431e+04
5.003110728049296085e+01 2.433203480292287350e+04 2.428200369564237917e+04 2.989468517828899330e-01 -3.911393925906531122e-02 2.450370528671895590e+04
7.191043771043052857e+01 1.944295041389605831e+04 1.937103997618562789e+04 9.009340490679137448e-01 -7.348317593638230283e-02 1.933442313462984021e+04
1.589355365679434158e+02 2.032510560213292047e+04 2.016617006556497654e+04 3.057461337589200689e-01 -2.000744788228593987e-02 2.056329802670577919e+04
1.870466074115812489e+02 1.863420077041372861e+04 1.844715416300214565e+04 5.637180650581580243e-01 6.960226546327054342e-02 1.846022228343139432e+04
3.683838663218371607e+02 1.904385312123610856e+04 1.867546925491427100e+04 6.488168336112596357e-01 3.035969788301068895e-01 1.931222717631892010e+04
8.491478292982991434e+02 1.877023270252049042e+04 1.792108487322219298e+04 1.074970740077053621e+00 7.967061190857151198e-02 1.899453682787323851e+04
2.148973892754330791e+03 2.009494097536505069e+04 1.794596708261072126e+04 1.183567874333889547e+00 1.764101309220390476e-02 2.238605326117970617e+04
4.806604887786746986e+03 2.429379290753681926e+04 1.948718801975007227e+04 1.451823291675466976e+00 -4.144950874538335522e-02 2.521598635991727497e+04
1.138591676717618247e+04 3.360470816828327224e+04 2.221879140110708977e+04 1.653934332723042244e+00 2.034468291167891574e-02 4.533661374990282638e+04
