5.098234811478452144e+01 2.162404405229042823e+04 2.157306170417564499e+04 4.643044685482527328e-02 -4.283770206511370304e-01 2.164243680817970744e+04
5.142646316576242072e+01 2.431421743032721133e+04 2.426279096716145068e+04 5.050926324119009436e-01 -1.209378394502173409e-01 2.449361859946005643e+04
7.171452195954525166e+01 1.940849393858703843e+04 1.933677941662749436e+04 8.664145849113781273e-01 -4.675126057430779164e-02 1.915988709630934682e+04
1.624989783412677014e+02 2.032776524471245648e+04 2.016526626637118898e+04 2.567267954553620335e-01 -1.529512128439429290e-02 2.048105361236310637e+04
1.889056298182307501e+02 1.868169680082148989e+04 1.849279117100326039e+04 5.901319471135951789e-01 1.150343045002401587e-01 1.866527315222370453e+04
3.742005077145408336e+02 1.903048437418891262e+04 1.865628386647437219e+04 7.222440754132612994e-01 1.194845408269803594e-01 1.924546144895872931e+04
8.324876110982153250e+02 1.874410274196214596e+04 1.791161513086393097e+04 1.168628688836912621e+00 4.685811150242034234e-02 1.889640570383830345e+04
2.157078066599128761e+03 2.011831912316071248e+04 1.796124105656158281e+04 1.195152244868324276e+00 -1.079203589928059981e-01 2.248443107990542558e+04
4.474078737394279415e+03 2.379432358412179019e+04 1.932024484672750987e+04 1.481887706631580981e+00 -7.431693881094682264e-02 2.469668266759770995e+04
1.193711145540909638e+04 3.420052158121385582e+04 2.226341012580475945e+04 1.888292849643834037e+00 5.419174817252220278e-02 4.671516225128548103e+04
