5.242021797312743558e+01 2.162704488254986063e+04 2.157462466457673145e+04 -1.038571972991788293e-02 -9.132005906468669554e-02 2.181618058701848349e+04
4.948668624986461850e+01 2.430991812102793847e+04 2.426043143477807462e+04 6.020850530420162050e-01 -4.494183960595624083e-02 2.455752826162046404e+04
7.603142545895316573e+01 1.941567692140155850e+04 1.933964549594260461e+04 8.223977542888748493e-01 -1.619339742741577326e-01 1.919450062911570785e+04
1.587360548603436428e+02 2.033905116281085429e+04 2.018031510795051145e+04 1.893604241727548931e-01 8.894192183492975745e-02 2.035151708508958836e+04
1.852717180490760995e+02 1.867882410973731749e+04 1.849355239168824119e+04 5.609883611139170334e-01 7.825667958190210549e-02 1.848505168349087398e+04
3.859596647556003859e+02 1.900903415719146506e+04 1.862307449243586598e+04 6.329472469266076429e-01 1.779575866664082628e-01 1.924171333028956360e+04
8.601137028083704763e+02 1.877293679185945439e+04 1.791282308905108221e+04 1.029218911578602347e+00 1.973771223369225492e-03 1.907947422353196816e+04
2.060506408694679976e+03 2.004855409778690591e+04 1.798804768909222548e+04 1.110033834551503285e+00 -8.344874458601143907e-02 2.238300435820536950e+04
4.304873973217410821e+03 2.381049983721178796e+04 1.950562586399437714e+04 1.466256038561982722e+00 -6.996725138709698755e-02 2.458354904700499537e+04
1.130044449323866502e+04 3.348800268050017621e+04 2.218755818726151119e+04 1.632664474596060566e+00 9.401738380418224461e-03 4.516659978800048702e+04
