4.877291150613628190e+01 2.162990784715068003e+04 2.158113493564454257e+04 3.107010361617039140e-01 -1.750583242107839610e-01 2.173242524180780674e+04
5.060579935923011874e+01 2.426765399129892103e+04 2.421704819193969161e+04 4.020349328862675153e-01 -2.179650986301383264e-01 2.437979878672571431e+04
6.947543140801452921e+01 1.943064196665254349e+04 1.936116653524453068e+04 8.519611369827271297e-01 -1.876731802426472306e-01 1.931847972955798468e+04
1.610403950738788410e+02 2.033097873692445137e+04 2.016993834185057131e+04 2.618639881330735442e-01 -2.155956912094045275e-02 2.044534992629846238e+04
1.891117403253109615e+02 1.863916307771104766e+04 1.845005133738573568e+04 5.140792951962308566e-01 1.468422306793943921e-01 1.855443996084749597e+04
3.781378775640912977e+02 1.903264390220729911e+04 1.865450602464320764e+04 5.278262034207026332e-01 2.964522397288367195e-01 1.939488549795094150e+04
8.398753912522643077e+02 1.875551788199605653e+04 1.791564249074379040e+04 1.154177146984739943e+00 1.254672586859509609e-01 1.898241505212395350e+04
2.124473627408011907e+03 2.006602919838263188e+04 1.794155557097461860e+04 1.271582311521356923e+00 3.324285985344407196e-02 2.254508351462448263e+04
4.474452258921266548e+03 2.388016364522194635e+04 1.940571138630068162e+04 1.660644052564740347e+00 3.815015965124361058e-02 2.456239698230374779e+04
1.215368131810416708e+04 3.434734021483297693e+04 2.219365889672881167e+04 1.622326345982841644e+00 6.271784533975878484e-02 4.745869975906050240e+04
