4.826358467563706256e+01 2.161708960264750203e+04 2.156882601797186362e+04 -1.043159275009237080e-01 -2.906268020976925381e-01 2.164423147608722866e+04
5.347265789362776189e+01 2.429203318603658408e+04 2.423856052814295617e+04 4.473609663318898200e-01 -1.293240102475553821e-01 2.445748267590620526e+04
7.223225916685720449e+01 1.939990531811297478e+04 1.932767305894611854e+04 9.401190321242861581e-01 -1.777142664882586098e-01 1.915033017421630939e+04
1.574099363022465354e+02 2.034305780584066815e+04 2.018564786953842122e+04 1.794911676344074503e-01 -1.294632291052072448e-01 2.045542781246356753e+04
1.855754620907167123e+02 1.865525310784553221e+04 1.846967764575481488e+04 4.869924769341387183e-01 6.319102423230400778e-02 1.867406527368374373e+04
3.864669442827733974e+02 1.901795041334222697e+04 1.863148346905945436e+04 5.860661386286127872e-01 8.317536031227963644e-02 1.924725830810763728e+04
8.791840326246398263e+02 1.877369121758480105e+04 1.789450718496016270e+04 1.003514229505161337e+00 4.875643389742386619e-02 1.913845040058259474e+04
2.104732617912881324e+03 2.006680602389224805e+04 1.796207340597936854e+04 1.130028439189078915e+00 -8.568455810209281431e-02 2.221609271559400077e+04
4.661273666277016673e+03 2.417498487732986177e+04 1.951371121105284692e+04 1.459298399543558666e+00 7.165289254470679804e-03 2.519900106303236680e+04
1.214113784078637764e+04 3.450233513561150903e+04 2.236119729482513139e+04 1.622545973013672871e+00 7.398211404188072271e-02 4.768973151361066994e+04
