5.200587647676809411e+01 2.161640712945278938e+04 2.156440125297602208e+04 9.664730001948913796e-02 -1.866580420244920990e-01 2.178852744032535702e+04
5.293823346672506602e+01 2.425710454819813822e+04 2.420416631473141388e+04 2.978960719189609474e-01 -1.930514731943130113e-01 2.430814851638650362e+04
7.300483612063189298e+01 1.939816653740094625e+04 1.932516170128031445e+04 8.553237092813925635e-01 -1.641589683953906809e-01 1.917383286706746730e+04
1.645856984168383974e+02 2.034415156393134748e+04 2.017956586551450891e+04 2.402908826836823997e-01 8.622637565122252823e-02 2.064223449643722051e+04
1.903859280788720696e+02 1.864862760658061597e+04 1.845824167850174490e+04 6.249676362579608124e-01 1.323787672516993918e-01 1.847658634045624785e+04
3.621119503018465480e+02 1.903940641747287373e+04 1.867729446717102837e+04 6.148041391597157679e-01 3.496786598812198221e-01 1.934970378734536644e+04
8.389949230213661622e+02 1.875539383028222073e+04 1.791639890726085287e+04 1.190790902753442682e+00 1.393361173933213293e-01 1.904104827017744901e+04
2.105692015530947629e+03 2.007661110016931707e+04 1.797091908463836808e+04 1.185307110520750440e+00 1.629898570923971890e-01 2.247377552045597622e+04
4.480736903809733121e+03 2.401019574653585005e+04 1.952945884272611875e+04 1.204660617716438287e+00 6.969709176307085918e-02 2.493626583164546901e+04
1.206603372093630060e+04 3.433844525307858567e+04 2.227241153214228689e+04 1.562208368492241428e+00 -2.031944047823304109e-02 4.716589895232149138e+04
