4.801812385442940467e+01 2.161389291433498511e+04 2.156587479048055684e+04 3.235547672030686939e-01 -3.103484328970379513e-01 2.173418132411456099e+04
4.863219430798570642e+01 2.429163803355087293e+04 2.424300583924288730e+04 5.955313972042542980e-01 -1.536546191478956325e-01 2.446916870861943971e+04
7.166584177192169136e+01 1.939502892190786224e+04 1.932336308013593953e+04 8.344644735156788729e-01 -1.011346170854460214e-01 1.923939057417878212e+04
1.647337080923287260e+02 2.034349211161787389e+04 2.017875840352554587e+04 2.052594278311629383e-01 1.233757137364482476e-01 2.051317837563513240e+04
1.977226537799718358e+02 1.864301615047041923e+04 1.844529349669044677e+04 6.248317610827381907e-01 1.182495926455138235e-01 1.860637110327659684e+04
3.783573658551643462e+02 1.904545658323178941e+04 1.866709921737662444e+04 6.196614757940416274e-01 1.734447069717837964e-01 1.932419666154453807e+04
8.828500829713775602e+02 1.876735462130307860e+04 1.788450453833170104e+04 1.109087840066224517e+00 2.014866246387760906e-01 1.899783029150096263e+04
2.119252986661638715e+03 2.008425217871400673e+04 1.796499919205236802e+04 1.455589406854626899e+00 -6.841327421487851390e-02 2.235590188354864586e+04
4.683672366261032948e+03 2.423440114756269395e+04 1.955072878130165918e+04 1.510708338581499222e+00 -6.352468592552966420e-02 2.504847490720132919e+04
1.130210041677025220e+04 3.306614877816836815e+04 2.176404836139811596e+04 1.716174534832817455e+00 -2.232071639919959091e-02 4.567232572078645899e+04
