4.803301417575562482e+01 2.161643375560478307e+04 2.156840074142902813e+04 -9.479904029682978406e-02 -3.464176370600764443e-01 2.179709190900891190e+04
5.007321960890052992e+01 2.429653089547419222e+04 2.424645767586529109e+04 5.652981923901070349e-01 -1.704658859010262928e-01 2.440742806851347996e+04
7.379217816389241591e+01 1.941053013749485035e+04 1.933673795933095971e+04 8.837630215110645615e-01 -1.873347800279542563e-01 1.925315407707961640e+04
1.625787217771329551e+02 2.029124165789568724e+04 2.012866293611855508e+04 2.106584767302873973e-01 1.024257905770398630e-01 2.042855567965487353e+04
1.913718293230150209e+02 1.866086934592919715e+04 1.846949751660618131e+04 5.184422179735387326e-01 2.446639777820982520e-01 1.870101575534652147e+04
3.742110649115446108e+02 1.906095088763011518e+04 1.868673982271856949e+04 6.282133511018500593e-01 2.883756510113509308e-01 1.937569159163754011e+04
8.394234477298876982e+02 1.872791386383094505e+04 1.788849041610105633e+04 1.083452944503681126e+00 1.474368456817936046e-01 1.897684381200433563e+04
2.108940244511044511e+03 2.009047542411728500e+04 1.798153517960623867e+04 1.100133712442217027e+00 -6.947421606757105128e-02 2.247682310043642428e+04
4.516154387169240181e+03 2.389678216106993568e+04 1.938062777390069459e+04 1.458924820167175840e+00 6.806766133850872258e-02 2.477807227892414448e+04
1.206768737951880939e+04 3.426099435411930608e+04 2.219330697460049851e+04 1.540380190293332729e+00 5.549837601166105611e-02 4.725344852501824062e+04
