4.802736751774457247e+01 2.163091842913732762e+04 2.158289106161958262e+04 1.114064078617218317e-01 -2.211319377966623756e-01 2.170402698440651511e+04
4.958958640873768786e+01 2.430433282031145791e+04 2.425474323390272184e+04 3.714616217413353461e-01 -3.241925751744691997e-01 2.456519688476292504e+04
7.411881664881981635e+01 1.945221313619231296e+04 1.937809431954349202e+04 8.528812332118990147e-01 -1.018629988696632127e-01 1.935098876623225078e+04
1.657289560607504200e+02 2.029983962038850586e+04 2.013411066432775624e+04 1.776745088304014508e-01 3.678470011610415757e-02 2.032730449019990192e+04
1.941420040809881584e+02 1.862395052091612524e+04 1.842980851683513538e+04 5.046573770697065919e-01 3.031998634435849674e-02 1.836589205285372736e+04
3.742824179039385513e+02 1.906453932774115310e+04 1.869025690983721506e+04 6.530454656904606248e-01 1.469693653710828496e-01 1.952383274494969737e+04
8.924712635674145531e+02 1.878538758800199503e+04 1.789291632443458002e+04 1.099989592079021028e+00 1.427162314839216239e-01 1.911522268879851981e+04
2.207482554890740175e+03 2.019545174712803055e+04 1.798796919223729128e+04 1.126685681625984259e+00 -2.032973361703757295e-02 2.257833557528893289e+04
4.648674256267942837e+03 2.425777682933872711e+04 1.960910257307078427e+04 1.160771609281414873e+00 8.574972423515558884e-02 2.510962127745910766e+04
1.196015958974068053e+04 3.406071581971827254e+04 2.210055622997759201e+04 1.773949916771620394e+00 -2.462056986382679755e-03 4.731494726117827668e+04
