4.861139316339551897e+01 2.160173242362440942e+04 2.155312103046101402e+04 1.770773609915082814e-01 -4.074667381276591005e-01 2.153547249151307187e+04
5.503604209922885104e+01 2.426107296532461623e+04 2.420603692322538700e+04 2.965109341738361159e-01 -1.610410021883673937e-01 2.434848899483052810e+04
7.402724681827373843e+01 1.938630807002164875e+04 1.931228082320337489e+04 8.305422382381865143e-01 -1.230013154017915028e-01 1.909744317606365803e+04
1.647881271783351451e+02 2.034621044436467855e+04 2.018142231718634503e+04 1.951374501081948598e-01 3.754976940748530612e-02 2.049965220219568073e+04
1.926400759531161668e+02 1.862027050616727138e+04 1.842763043021415433e+04 5.782357489321043875e-01 4.700731784910203853e-02 1.846047009274036463e+04
3.727737903787423193e+02 1.902079101815817558e+04 1.864801722777943360e+04 6.567579857639787022e-01 2.466777834328953423e-01 1.927512549265307825e+04
8.763040312428760217e+02 1.873560520259459008e+04 1.785930117135171531e+04 1.294496551438330867e+00 1.123334307099232571e-01 1.907343240456690546e+04
2.171700564171540009e+03 2.014045078254891996e+04 1.796875021837737950e+04 1.351130372862742179e+00 -7.453318977597969686e-02 2.248943428475735345e+04
4.621553513228228439e+03 2.414896035225156811e+04 1.952740683902334058e+04 1.474540241986100897e+00 -5.727550427115052356e-02 2.502162952148144177e+04
1.152797764561877557e+04 3.357634550480725011e+04 2.204836785918847454e+04 1.661790948194824535e+00 4.294750764744595384e-02 4.673215767758605216e+04
