4.879968213030288382e+01 2.161931464121852696e+04 2.157051495908822471e+04 -1.672020709403031213e-02 -1.811678950137652067e-01 2.175443442938818771e+04
5.021183597113510189e+01 2.426400945839895576e+04 2.421379762242782090e+04 3.920745063627046889e-01 -3.672592485966067605e-02 2.428201936732381000e+04
7.200473288428375440e+01 1.939078294305377131e+04 1.931877821016948656e+04 8.397022836167454818e-01 -2.080365268534925260e-01 1.910103803932933442e+04
1.610826635239142490e+02 2.037314197736213828e+04 2.021205931383822463e+04 2.614436456788931662e-01 -1.401221784958927019e-01 2.053105116089978765e+04
1.928180398237077213e+02 1.863623973155536805e+04 1.844342169173165894e+04 5.385778655718976848e-01 1.264627954405798393e-01 1.856137531704788489e+04
3.669529969791026929e+02 1.903105644816213680e+04 1.866410345118303303e+04 5.735404089522228022e-01 1.601374187063050458e-01 1.934238909002030414e+04
8.937058413097274752e+02 1.878379251539871984e+04 1.789008667408899055e+04 1.032743671309289235e+00 1.805918439926604557e-01 1.904945760623839305e+04
2.179334333403677192e+03 2.012602814340485929e+04 1.794669381000118301e+04 1.114294279544447042e+00 -1.090342542844387613e-01 2.245869897262556333e+04
4.586609810762038251e+03 2.411341329105113982e+04 1.952680348028910157e+04 1.554457714528803436e+00 5.037400258417057408e-02 2.519520208724719123e+04
1.208992623672513400e+04 3.410935270194738405e+04 2.201942646522224823e+04 1.635523870406759839e+00 1.643021658323515488e-01 4.875431822350195580e+04
