5.093993198071041206e+01 2.159938974484484788e+04 2.154844981286413895e+04 1.433214367494070329e-01 -6.758581039492617126e-02 2.169928447079715625e+04
5.184976586990573111e+01 2.430255692278798597e+04 2.425070715691808073e+04 4.523127530264952623e-01 -6.898135920767607676e-02 2.450310607253548369e+04
6.964576141629147799e+01 1.940084036374161587e+04 1.933119460232532583e+04 8.014967279199521899e-01 -1.500967852640807398e-01 1.930713633500113065e+04
1.568530088001659237e+02 2.033590883649089301e+04 2.017905582769072862e+04 1.782946520883479102e-01 -2.506467347324957060e-02 2.047827126945784767e+04
1.926435741555743846e+02 1.864289034311123396e+04 1.845024676895565790e+04 5.157697936610602385e-01 -4.083491057847823263e-02 1.857028010593011277e+04
3.762469751049370643e+02 1.903859539192707234e+04 1.866234841682213664e+04 6.490773053350882282e-01 1.074088355428083896e-01 1.948760536879716892e+04
8.523377321756535139e+02 1.869688929226734399e+04 1.784455156009169150e+04 1.172320811466773582e+00 6.391511273345772126e-02 1.894160180776581183e+04
2.078045532618873494e+03 2.002555148880457637e+04 1.794750595618570151e+04 1.321317403574580496e+00 -6.889316409684013987e-02 2.206234137831059707e+04
4.593840026466583367e+03 2.401975876307299768e+04 1.942591873660641431e+04 1.477123849129570177e+00 -4.609917156377334874e-02 2.503816332254977897e+04
1.153087923876030254e+04 3.374663596454806975e+04 2.221575672578776721e+04 1.672620548133015861e+00 -2.556907720801559689e-02 4.585522407072888018e+04
