4.707175657885871090e+01 2.163070326464105892e+04 2.158363150806220074e+04 5.981909392135201786e-01 -6.740435052593722609e-02 2.176363488507729198e+04
4.905391097954350244e+01 2.429634789618787909e+04 2.424729398520833638e+04 5.771519858326897845e-01 -8.963302014670872231e-02 2.446683709539497067e+04
6.906925329429579108e+01 1.944003934470539389e+04 1.937097009141109811e+04 7.943740345463098373e-01 -1.527720563419993072e-01 1.928795126867014187e+04
1.651391233018892990e+02 2.033086109192877848e+04 2.016572196862689088e+04 1.813435608666090770e-01 4.365076085165311287e-02 2.037221525342734458e+04
1.970153630724170455e+02 1.866306541084505443e+04 1.846605004777263821e+04 6.006397986731545346e-01 1.366812862607879875e-01 1.859841601590957725e+04
3.758446595873828642e+02 1.908234898462685305e+04 1.870650432503947013e+04 7.435771013217067349e-01 1.746147118143482613e-01 1.943146767211141560e+04
8.321712286492269186e+02 1.877198440868422767e+04 1.793981318003500201e+04 1.285503111522814601e+00 1.266004953662105137e-01 1.907999268188889255e+04
2.063679793937787508e+03 2.000374452763622685e+04 1.794006473369844025e+04 9.828181412043904830e-01 -1.623253723586863539e-01 2.227363688740668658e+04
4.392548788312660690e+03 2.388718372310159975e+04 1.949463493478894088e+04 1.507931114688763508e+00 -6.115546479430331722e-02 2.454458947048154369e+04
1.154638165766483144e+04 3.355016809843418741e+04 2.200378644076935598e+04 1.697753442048534289e+00 1.150699727880513529e-01 4.494717804867340601e+04
