5.094676951425140743e+01 2.163071788278708846e+04 2.157977111327283637e+04 2.437354446018099308e-01 -1.488748784007362103e-01 2.171588017055714226e+04
4.956114806963972796e+01 2.431305157320837679e+04 2.426349042513873792e+04 3.776342225090492666e-01 -2.185907890360156980e-01 2.449678992714375272e+04
6.962183771160904655e+01 1.939806595361819564e+04 1.932844411590658638e+04 8.399343102237043501e-01 -1.092313420915304589e-01 1.924477174558027764e+04
1.651744379614135880e+02 2.035193945812428137e+04 2.018676502016286759e+04 2.368407408975657935e-01 -8.674938748207562667e-02 2.044375948164739384e+04
1.878070619176757248e+02 1.866555024604315986e+04 1.847774318412548382e+04 5.490780486462809584e-01 -1.486492526416245165e-02 1.858228193642040424e+04
3.723594667754152283e+02 1.904708909650731948e+04 1.867472962973190442e+04 5.680397917130951546e-01 1.794958808924579097e-01 1.943228872658548426e+04
9.031235566931879930e+02 1.880650437106781101e+04 1.790338081437462461e+04 1.115935231524752824e+00 2.516707651699351955e-01 1.902429986253379320e+04
2.099964720532405408e+03 2.006604848696580666e+04 1.796608376643340307e+04 1.115837631982102840e+00 1.125871670297241183e-03 2.221724927895137807e+04
4.616200752459328214e+03 2.420124505249751746e+04 1.958504430003818925e+04 1.520862634435007132e+00 -4.401928508407438462e-02 2.499561869465726340e+04
1.256535579009099456e+04 3.511702742086222133e+04 2.255167163077122677e+04 1.582154747986964205e+00 7.241599539635088824e-03 4.860791905067881453e+04
