4.868007525944477720e+01 2.163142014411606942e+04 2.158274006885662311e+04 -1.661587941483482489e-01 -2.245054887639554020e-01 2.179056442928969773e+04
4.763787833776603264e+01 2.425989405284028544e+04 2.421225617450251957e+04 4.436470534920970987e-01 -7.687533993644643515e-02 2.432824952445965027e+04
7.379187530526212413e+01 1.942395702077000897e+04 1.935016514546474718e+04 8.959732790599498342e-01 -3.079538974307466717e-02 1.923809518217223740e+04
1.611479740853141038e+02 2.029997506285862619e+04 2.013882708877331243e+04 2.244534692357488259e-01 -6.602430896443924058e-02 2.036369495370558798e+04
1.934912672873132351e+02 1.863299123512354709e+04 1.843949996783623283e+04 4.595667439081661532e-01 2.084183280576405173e-01 1.850614169650074837e+04
3.645985607256023400e+02 1.906761758307223499e+04 1.870301902234663430e+04 6.107546042381496454e-01 2.582000240351141063e-01 1.949543323618736031e+04
8.659833814378484931e+02 1.873485360692463291e+04 1.786887022548678578e+04 9.805836346340338627e-01 1.106644028810395697e-01 1.892635996142011936e+04
2.024101848364581201e+03 2.002578173762460574e+04 1.800167988926002363e+04 1.214200273849716183e+00 -4.473875338817649011e-02 2.225485283141896798e+04
4.541540613756430503e+03 2.406260191755409323e+04 1.952106130379766182e+04 1.583156357613861198e+00 2.379150481073757928e-02 2.493274347473447051e+04
1.216781155566173038e+04 3.460202211834266927e+04 2.243421056268093889e+04 1.592372914944357509e+00 -9.146213128576717588e-02 4.678646038650896662e+04
