5.052501575239978138e+01 2.161921154894182837e+04 2.156868653318942961e+04 1.061509505985658713e-01 -4.051425738718116704e-02 2.178848500939219593e+04
5.071436231824904439e+01 2.431270663833997241e+04 2.426199227602172323e+04 4.268944494743839857e-01 -2.639696843955667838e-01 2.448767280269003822e+04
7.130948429436531910e+01 1.939109457858839960e+04 1.931978509429403493e+04 9.092272892889688984e-01 -2.478007571548813959e-01 1.918807036714774949e+04
1.595500795465773649e+02 2.034081366806033475e+04 2.018126358851375699e+04 3.340088602100495518e-01 -5.116334673226333174e-02 2.042738490331552021e+04
1.901488963439298345e+02 1.864569892129640357e+04 1.845555002495247390e+04 5.113988052852297406e-01 -7.322907575202784736e-03 1.852557382832323856e+04
3.765066897857974482e+02 1.904192712604039843e+04 1.866542043625460065e+04 6.291002966927629059e-01 2.242640889398672954e-01 1.937881984890240346e+04
8.580691003235303924e+02 1.875564265651799724e+04 1.789757355619446753e+04 1.281059382022070148e+00 1.627706932586804045e-01 1.904660235092548101e+04
2.113071348862951254e+03 2.007685538451883986e+04 1.796378403565588815e+04 1.272142549319012383e+00 1.957507287433011070e-02 2.232844700036666472e+04
4.450773217581407152e+03 2.389848123162757838e+04 1.944770801404616941e+04 1.396043414510676151e+00 1.015612067323563156e-01 2.476339735870383447e+04
1.204430736786614943e+04 3.410029353446537425e+04 2.205598616659922482e+04 1.605007504487763415e+00 2.811783804656502531e-02 4.558548386439347814e+04
