4.867461880215979875e+01 2.164637836330271602e+04 2.159770374450055533e+04 -3.140386733262290949e-03 -1.536467742765956490e-01 2.190821874684884460e+04
5.057996142805657058e+01 2.427634432120672500e+04 2.422576435977867004e+04 2.616579438659457080e-01 -1.985758864960170123e-01 2.448610117351770896e+04
7.298437006944882910e+01 1.944776264704677305e+04 1.937477827697732573e+04 8.329877101774169068e-01 -2.460253823252769312e-01 1.920883651614715927e+04
1.611990865164161164e+02 2.033195853971681936e+04 2.017075945320040410e+04 2.437539007632877341e-01 -5.736572420959492463e-02 2.055811689232492790e+04
1.840414152537953498e+02 1.866182675253749767e+04 1.847778533728370167e+04 4.951759582088624545e-01 1.683365179282139135e-01 1.841747879850593381e+04
3.839802437623453102e+02 1.903965515022395266e+04 1.865567490646160877e+04 5.959278958537320703e-01 1.073446044434224617e-01 1.925771715764807959e+04
8.395174693831094146e+02 1.873940477535645550e+04 1.789988730597334506e+04 1.086250122865948020e+00 -1.137757882451485673e-02 1.904480860813006075e+04
2.129693439038910128e+03 2.008665994350652545e+04 1.795696650446761487e+04 1.283621563264497389e+00 -9.429268840720472777e-02 2.230155049034427793e+04
4.615102007387278718e+03 2.408692358270220575e+04 1.947182157531492703e+04 1.333444947758907873e+00 1.463745432424506075e-02 2.498529092419411245e+04
1.239858252686878768e+04 3.469177088781707425e+04 2.229318836094828657e+04 1.871083353275940331e+00 2.761631057160921984e-02 4.849659320246193965e+04
