5.117047874190115664e+01 2.161268576592604222e+04 2.156151528718414193e+04 3.387666435835867129e-01 -1.884808844476877354e-01 2.165398983575747116e+04
4.896182005131801418e+01 2.429793121809780860e+04 2.424896939804649082e+04 4.339331817080089304e-01 -5.489007646623347142e-02 2.442014782220573034e+04
7.478812232812258287e+01 1.943379418924255515e+04 1.935900606691443318e+04 8.575547245411908603e-01 -2.476094470300766182e-01 1.934186603211460169e+04
1.684592210792320941e+02 2.034501014705799389e+04 2.017655092597876137e+04 2.377831005216531901e-01 1.232273249642827917e-01 2.041472721267835732e+04
1.895239332074947356e+02 1.864836091365760876e+04 1.845883698045011261e+04 4.770370529328054054e-01 1.851781626554801774e-01 1.860626149697556320e+04
3.721025435763148153e+02 1.903138699253701634e+04 1.865928444896070141e+04 6.916188404974855652e-01 2.673824949312473276e-01 1.930958193678714088e+04
8.652888091155903112e+02 1.875937743104559922e+04 1.789408862193000823e+04 1.119926564854232476e+00 1.850029192188305804e-01 1.892786414799861814e+04
2.073593790259033085e+03 2.004891828410354719e+04 1.797532449384451320e+04 1.446160541044710479e+00 -1.253982979094360184e-01 2.234882741964642992e+04
4.745153902763605402e+03 2.433586876775231576e+04 1.959071486498870945e+04 1.609906534971395464e+00 -7.041358084988434685e-02 2.518064346492680852e+04
1.198124360481156327e+04 3.387500492940204276e+04 2.189376132459047949e+04 1.680051151333090020e+00 4.424869219049939323e-02 4.625016782843144028e+04
