4.916415996171273406e+01 2.159837248817400541e+04 2.154920832821229124e+04 -4.899088983208974707e-02 -2.419031369639735862e-01 2.161588537974164501e+04
5.060047244165486546e+01 2.432018194301814219e+04 2.426958147057648603e+04 3.114422192023595382e-01 -7.763433490237259260e-02 2.445313153364124446e+04
7.355496929851675247e+01 1.945881728683867914e+04 1.938526231754016408e+04 8.356325415273239132e-01 -1.481410464020539164e-01 1.931005171529517975e+04
1.597024790514585391e+02 2.036633951609020005e+04 2.020663703703874125e+04 2.341397756882837022e-01 -8.192178404084572707e-02 2.048176692193542840e+04
1.975447908532755434e+02 1.862839273513111766e+04 1.843084794427784072e+04 4.957596421149084720e-01 2.153782191227508747e-01 1.851656623349503934e+04
3.801001872768329690e+02 1.902855844196761245e+04 1.864845825469078045e+04 7.362527849361498733e-01 1.950355208039977750e-01 1.946016669512712906e+04
8.635053052788447303e+02 1.871122474676313868e+04 1.784771944148429247e+04 1.119152934245951636e+00 1.974493167246824943e-01 1.891793439886529086e+04
2.082331654370942033e+03 2.005983254649119772e+04 1.797750089212025705e+04 1.189760281447382662e+00 7.948733287122726476e-02 2.237744298173791321e+04
4.775417663179661758e+03 2.431077689410646781e+04 1.953535923092680605e+04 1.737353349233305311e+00 6.924641660952486621e-02 2.535648159314664736e+04
1.194606808907737468e+04 3.420717765585303277e+04 2.226110956677565991e+04 1.681967671092438721e+00 -2.089004669096975256e-02 4.570341978554076195e+04
