5.024065357866319914e+01 2.163039424892350507e+04 2.158015359534484014e+04 3.944347982067057841e-03 -2.498360197576796615e-01 2.177367175367395612e+04
5.155174954386101405e+01 2.427860782599212325e+04 2.422705607644826159e+04 3.734773687945839860e-01 -2.740977877673549459e-02 2.411513342198851387e+04
7.275765998084293074e+01 1.943090363352349596e+04 1.935814597354265425e+04 7.913616098121772913e-01 -6.331729690523926583e-03 1.930975034735184818e+04
1.648351464743091128e+02 2.034514757475927399e+04 2.018031242828496397e+04 2.281560442720960147e-01 -2.095218888454138950e-01 2.049304898223533382e+04
1.902167100862970699e+02 1.863828035306793390e+04 1.844806364298163680e+04 7.184262465826538602e-01 -2.721007648326440043e-02 1.846257379999846307e+04
3.758157495394475518e+02 1.905670997416025057e+04 1.868089422462080256e+04 6.217803805782277093e-01 1.499150406691806270e-01 1.948077933834531723e+04
9.074163762130697251e+02 1.876802037231763461e+04 1.786060399610456443e+04 1.409464262797841982e+00 2.505697494262653646e-01 1.903503089235816151e+04
2.184976859972582133e+03 2.014365865401831252e+04 1.795868179404572948e+04 1.204941157174586275e+00 -8.695847478541392228e-02 2.243618236326956685e+04
4.584986382676130233e+03 2.400299660132926510e+04 1.941801021865313669e+04 1.321269006209780938e+00 -6.850664835722669599e-02 2.506664780717819303e+04
1.177864501776711950e+04 3.351853612964630156e+04 2.173989111187918024e+04 1.689116906183806499e+00 1.397614327713679050e-01 4.619518855545729457e+04
