4.562452520179931525e+01 2.164045153843548178e+04 2.159482701323368383e+04 1.873796879632655399e-01 -2.766443651887163790e-01 2.176509405799209344e+04
5.377670028909255251e+01 2.429782575193640878e+04 2.424404905164731463e+04 3.440020219411685787e-01 -2.335692182386951143e-01 2.439919700668729274e+04
7.308027983838429975e+01 1.939207490037248499e+04 1.931899462053410025e+04 8.154580669930112657e-01 -8.900363313277302735e-02 1.922838156383420574e+04
1.625580958548252113e+02 2.031477867000095648e+04 2.015222057414613300e+04 1.869887047273091074e-01 1.824468179125602330e-01 2.052235168483824964e+04
1.934879449132727416e+02 1.866201900002040929e+04 1.846853105510713795e+04 4.961558874008233366e-01 6.324506802791259041e-02 1.856039468609815958e+04
3.692351650662208158e+02 1.904601077413444364e+04 1.867677560906822328e+04 7.548874536431776638e-01 2.444149077624996613e-01 1.944450928969844608e+04
8.565668740773153331e+02 1.879055905937129864e+04 1.793399218529398422e+04 1.066891067738718002e+00 1.475611166407144181e-01 1.913182897071020125e+04
2.087641110606490201e+03 2.005870482719401480e+04 1.797106371658752323e+04 1.384467281661058147e+00 -3.135924286534985672e-02 2.225972456064861399e+04
4.483083684157506468e+03 2.386559519506222932e+04 1.938251151090472194e+04 1.565287690232860962e+00 -4.059395310605990598e-02 2.508473702436257372e+04
1.179540332686514739e+04 3.395970603124600893e+04 2.216430270438086154e+04 1.813494600396365897e+00 -7.226154125536716913e-04 4.591999388139124494e+04
