4.838273899681264112e+01 2.160992962540950248e+04 2.156154688641268876e+04 -1.077924506618603562e-02 -9.764189617585501690e-02 2.171354946897425907e+04
5.107385327171550671e+01 2.430603874414312304e+04 2.425496489087140799e+04 2.536376205050293042e-01 -1.928158768235347098e-01 2.451170229728903360e+04
7.192312135425707709e+01 1.936835808565251136e+04 1.929643496429825609e+04 8.271074081906760744e-01 -1.668940976128378828e-01 1.924387451558265093e+04
1.614670149645731669e+02 2.030043369707321108e+04 2.013896668210863936e+04 1.919792568811922173e-01 1.822395770118284963e-01 2.048315946867243110e+04
1.838813808181134277e+02 1.866857392430400068e+04 1.848469254348588584e+04 5.202436315204095330e-01 3.298840734303540995e-02 1.842695846919509131e+04
3.772365760182258896e+02 1.906948430651041781e+04 1.869224773049219220e+04 7.989491905500555324e-01 2.155358865346177211e-01 1.932422368011209983e+04
8.488070338580582757e+02 1.873426696280973192e+04 1.788545992895167365e+04 1.242076154084083894e+00 9.055396917532070045e-02 1.908548667141382248e+04
2.093650956166559808e+03 2.002820999914688218e+04 1.793455904298032328e+04 1.077898585171443990e+00 -1.402684756031521152e-01 2.215198748746564888e+04
4.735166482619871203e+03 2.424247032503066657e+04 1.950730384241079446e+04 1.459735533038512889e+00 7.533560701943128749e-04 2.515164878999189750e+04
1.203813685640459516e+04 3.406075645867703133e+04 2.202261960227243617e+04 1.818169034562427511e+00 -7.516113596086596016e-02 4.598748656745614426e+04
