5.194826415789598428e+01 2.164719232550405650e+04 2.159524406134616220e+04 8.265805327532203817e-02 -7.606152090850100411e-02 2.177998316667347535e+04
5.037686876265144775e+01 2.428666296417612102e+04 2.423628609541347032e+04 3.383194971853029087e-01 -2.343228997163706306e-01 2.438010646592169360e+04
7.117381866820278447e+01 1.946373662007220264e+04 1.939256280140400122e+04 8.195239233341578000e-01 -1.845824620597664723e-01 1.936968255869378117e+04
1.621026430631019082e+02 2.033536025023673210e+04 2.017325760717362937e+04 3.088110616228438299e-01 -6.106708846003900543e-02 2.045260817531152134e+04
1.921547712871820295e+02 1.865743748630966002e+04 1.846528271502247662e+04 6.378984469210465802e-01 9.284357640543294821e-02 1.849436057301589972e+04
3.764654868036691937e+02 1.901418792810239756e+04 1.863772244129872706e+04 5.944152443740627900e-01 1.421500145537231974e-01 1.927968018909092280e+04
8.429993705358289162e+02 1.875304428534928229e+04 1.791004491481345394e+04 1.088321550276573291e+00 -2.989272960639125301e-02 1.903175376002648409e+04
2.114086549853173437e+03 2.006302583142215735e+04 1.794893928156898255e+04 1.057369329418853754e+00 -1.917222135310310202e-02 2.240421811916976367e+04
4.426599205058206280e+03 2.391586753206491994e+04 1.948926832700671366e+04 1.773849932267337337e+00 -5.744457348711873301e-02 2.456578386085872989e+04
1.178965920701424329e+04 3.410082983736864844e+04 2.231117063035440515e+04 1.711298953140771184e+00 -2.960567410787118270e-02 4.591146260111228912e+04
