5.051982411548086560e+01 2.163850678669704212e+04 2.158798696258156269e+04 2.739069432817362593e-01 -2.248968014343388777e-01 2.186692505133397935e+04
5.049917753334415949e+01 2.428759068584828856e+04 2.423709150831494480e+04 3.007037343848525390e-01 -1.361771302050057697e-01 2.447331384175417406e+04
7.113464120456984574e+01 1.944065749001338190e+04 1.936952284880881052e+04 8.533913730985495105e-01 -8.750840602582961314e-02 1.935993675883927062e+04
1.603679437171882682e+02 2.032646860497150919e+04 2.016610066125432058e+04 2.369314837376450822e-01 1.086927907046161407e-01 2.041029207360532018e+04
1.899452007369144155e+02 1.865339194491198577e+04 1.846344674417507122e+04 7.520697337779574942e-01 1.827927973349423585e-01 1.852472108730607215e+04
3.639198567667228303e+02 1.908694297824337627e+04 1.872302312147665361e+04 5.895088815464185616e-01 3.141094949351612708e-01 1.935734488648271508e+04
8.781672751204985161e+02 1.878663433176633043e+04 1.790846705664583351e+04 1.107806190394899692e+00 2.577867927864551656e-01 1.906604448900864372e+04
2.161115510428735433e+03 2.014338340875257563e+04 1.798226789832384020e+04 1.068193156277601474e+00 -3.993106822324004636e-03 2.260227645214845325e+04
4.589664290276157772e+03 2.405923213343045791e+04 1.946956784315429832e+04 1.380509575201831929e+00 2.070100488879295098e-02 2.503113531988006798e+04
1.177921246790829719e+04 3.409935802619497554e+04 2.232014555828667653e+04 1.823570333347595884e+00 3.510796204102643175e-02 4.584523929004889214e+04
