4.643123410422290931e+01 2.161538173592014573e+04 2.156895050181592160e+04 1.040533531166686898e-01 -1.801347544486936736e-01 2.181066169451123642e+04
4.953356644732286185e+01 2.428215228105394999e+04 2.423261871460662587e+04 3.498228362567364358e-01 -1.806661133976676936e-01 2.437168096986156525e+04
7.321677565818072253e+01 1.940255761723111937e+04 1.932934084157293910e+04 8.686789256656411995e-01 -1.113167508842203973e-01 1.926616291722112510e+04
1.643535601407097317e+02 2.033540324576818966e+04 2.017104968562748036e+04 2.162536292954651274e-01 4.869960200274556054e-03 2.060882248401184552e+04
1.824868174547270598e+02 1.867333848206795301e+04 1.849085166461322660e+04 5.566893222365308924e-01 1.352402901688334602e-01 1.855206856261846769e+04
3.651955623213581248e+02 1.904782942324264877e+04 1.868263386092129076e+04 6.761352279106249696e-01 2.322373754355664399e-01 1.946433304795516960e+04
8.668737505007101163e+02 1.878761403219551357e+04 1.792074028169480516e+04 1.053102292188951683e+00 6.405041284544206459e-02 1.902544442899291971e+04
1.999029526487955309e+03 1.996757101862455966e+04 1.796854149213660276e+04 1.111191298111134929e+00 1.446292192543709720e-01 2.203851352841704283e+04
4.538440756037499341e+03 2.396164287857419185e+04 1.942320212253669160e+04 1.510299854563671884e+00 -3.184118239055197530e-02 2.486973174348078828e+04
1.184802478405143120e+04 3.389367546869388752e+04 2.204565068464245633e+04 1.645062164498493074e+00 2.348912753522076902e-02 4.633776266140069492e+04
