4.877034057174994786e+01 2.163288838319776914e+04 2.158411804262601800e+04 2.238196835188755174e-01 -1.670845935992684994e-01 2.183500136346609725e+04
5.073675446915127907e+01 2.430931162131509700e+04 2.425857486684594551e+04 2.936270139949846425e-01 -1.720356757744521403e-01 2.452916428633320902e+04
7.395586271387000465e+01 1.937590766427840572e+04 1.930195180156453716e+04 9.169862996605148142e-01 -1.630630912909781793e-01 1.931999492110402207e+04
1.634314963044915032e+02 2.032015200938348426e+04 2.015672051307899164e+04 2.716977285247514917e-01 1.170115223171546391e-02 2.028070018728519426e+04
1.912119488079972882e+02 1.866502523533138447e+04 1.847381328652338561e+04 6.262458076803055773e-01 1.851114313267897826e-01 1.850282412921719515e+04
3.759320144798733736e+02 1.903739990467937605e+04 1.866146789019950302e+04 6.316339355271584077e-01 1.126138799769254156e-01 1.934430456381946715e+04
8.465067426856143129e+02 1.876543717620198004e+04 1.791893043351636516e+04 9.244063469313988923e-01 1.253438955983398051e-01 1.898491347970602146e+04
2.102212100901973372e+03 2.007224857937287379e+04 1.797003647847090178e+04 1.235322825465399399e+00 2.584774839350683848e-02 2.219782386784803384e+04
4.601829260556829468e+03 2.410915370664925649e+04 1.950732444609242521e+04 1.741916223320642443e+00 -7.039059854841105135e-02 2.514982623344220337e+04
1.168122891609844737e+04 3.400130859551083995e+04 2.232007967941239258e+04 1.633999341997135479e+00 2.822461423225995983e-02 4.504447744236961444e+04
