4.788115743713835570e+01 2.162536097524474098e+04 2.157747981780760165e+04 4.430447808359815887e-01 -2.283584814391522444e-01 2.180756835221291476e+04
5.158832551021865953e+01 2.427113008546447600e+04 2.421954175995425612e+04 2.396919451289261094e-01 -2.074732595676754554e-01 2.440484372422817978e+04
7.220944751613977530e+01 1.944622599585689022e+04 1.937401654834075089e+04 8.380965641589280812e-01 -1.265347438694154059e-01 1.939838311379072911e+04
1.607087574605709506e+02 2.032040327010064721e+04 2.015969451264007512e+04 2.721664575217353499e-01 -1.009756390864659931e-01 2.038092430863183836e+04
1.937742450514245718e+02 1.863207956231035860e+04 1.843830531725893525e+04 5.237311586045226841e-01 4.016473131361775889e-02 1.843825633411905801e+04
3.583198795788654820e+02 1.905917607936995773e+04 1.870085619979109106e+04 6.096942525878916719e-01 3.662117009446544391e-01 1.936502303652081173e+04
8.640276009626865061e+02 1.874912687388198538e+04 1.788509927291929853e+04 9.671408011054992704e-01 2.335251329855232150e-01 1.907272640749111815e+04
2.096428849035827170e+03 2.006284225493216218e+04 1.796641340589633546e+04 1.309952569849098580e+00 -6.036427822521588799e-02 2.231808914766181624e+04
4.641599883405425317e+03 2.404322698163421592e+04 1.940162709822878969e+04 1.513579138687329850e+00 4.704850593617682097e-02 2.501678802929129233e+04
1.156998360629917988e+04 3.365333750205418619e+04 2.208335389575500449e+04 1.680845723806217107e+00 7.086693617796500921e-02 4.478105087076873315e+04
