4.822756359451690145e+01 2.159356640183056516e+04 2.154533883823604992e+04 6.049168745461303009e-02 4.728517275549189852e-02 2.166916528454425861e+04
4.957922058128997378e+01 2.426322076728299726e+04 2.421364154670170683e+04 2.609145987665319466e-01 -9.824242811814069831e-02 2.441902912260298399e+04
7.209963136779369108e+01 1.943331274635858790e+04 1.936121311499079457e+04 9.400645378505648742e-01 -1.688360769089641555e-01 1.927766451428991058e+04
1.608708234610462569e+02 2.028576952065765363e+04 2.012489869719660783e+04 2.034894967713479497e-01 5.988276988043094579e-02 2.049282099561017094e+04
1.866726168135935211e+02 1.863257945084337189e+04 1.844590683402977811e+04 4.741580329180991593e-01 1.621082680280457877e-01 1.845074781102575434e+04
3.605008685218258506e+02 1.903281002237268331e+04 1.867230915385085609e+04 6.677313546732440708e-01 2.343156157450379806e-01 1.946597711633187282e+04
8.527382701053976461e+02 1.871591793971582956e+04 1.786317966961043203e+04 1.362430209112763579e+00 9.721611814164417276e-02 1.883683851052347745e+04
2.178172134321194790e+03 2.013924762444019507e+04 1.796107549011900119e+04 1.111939679101209721e+00 1.306938937935815497e-02 2.266431190147829693e+04
4.648627594936896458e+03 2.410236339049538219e+04 1.945373579555848482e+04 1.346971158753113462e+00 -1.128375470909172285e-02 2.489075831430917242e+04
1.201854105486890876e+04 3.404851567127515591e+04 2.202997461640624533e+04 1.618989191828079433e+00 -1.569159264380292490e-02 4.599602248791966849e+04
