4.653634578892572904e+01 2.161916753363544194e+04 2.157263118784651670e+04 1.524560227859013961e-01 -1.912228692204763492e-01 2.156653885203559548e+04
4.865762105662646064e+01 2.429795307573590981e+04 2.424929545467928256e+04 4.507983456258555788e-01 -1.414402725064713984e-01 2.442964519246561395e+04
7.111840115245604466e+01 1.938527461899500122e+04 1.931415621784254472e+04 8.616308229871680879e-01 -1.093522365848057926e-01 1.915076077901396638e+04
1.623006664407048731e+02 2.034146287603868768e+04 2.017916220959798375e+04 1.986775670511624625e-01 -4.168471232109207530e-02 2.044463513385778788e+04
1.935815913617802551e+02 1.861284684253066735e+04 1.841926525116888661e+04 4.738929121932610733e-01 1.004460977677266165e-01 1.861300559893325044e+04
3.708318694616654057e+02 1.902439832238598319e+04 1.865356645292431858e+04 7.431649654902899860e-01 1.919633839764997296e-01 1.930493159274658683e+04
8.723110157002993219e+02 1.874982627858876367e+04 1.787751526288846435e+04 1.105631367850413938e+00 -4.028420530102873320e-02 1.908311650790751810e+04
2.046319176953605165e+03 1.999295564354292947e+04 1.794663646658932339e+04 1.172060624709341914e+00 7.834774577724590294e-02 2.229622908489576366e+04
4.616633513353321177e+03 2.409858147411069876e+04 1.948194796075737759e+04 1.538196363405307521e+00 -1.842134035368041267e-02 2.485283425485143016e+04
1.187090641057135690e+04 3.397894317046016658e+04 2.210803675988881150e+04 1.852417540437694576e+00 1.425700497251448928e-01 4.496353935014036688e+04
