5.138012461531190667e+01 2.164085886905275402e+04 2.158947874443744149e+04 2.386097894970806432e-01 -1.768835548828217030e-01 2.170838104144420504e+04
4.967291920590326981e+01 2.428595654535497306e+04 2.423628362614907019e+04 3.612877082075858781e-01 -1.401913304745795730e-01 2.442710756352610042e+04
7.052885756093047576e+01 1.943801418376993024e+04 1.936748532620900005e+04 8.781764427788791849e-01 -1.442745465824105955e-01 1.925163970544837866e+04
1.667678399538101814e+02 2.036713818243151036e+04 2.020037034247770134e+04 2.469398152401327540e-01 -3.058841461034713174e-02 2.052848305983269165e+04
1.937946332146736097e+02 1.864038611118844346e+04 1.844659147797376863e+04 5.661052328854169202e-01 6.725515968713044468e-02 1.871085519543241026e+04
3.637891441209491177e+02 1.906567243688933740e+04 1.870188329276838704e+04 7.334437310842193414e-01 2.591751357853336324e-01 1.952602756806490652e+04
8.446037704365116952e+02 1.874309884429830709e+04 1.789849507386179539e+04 1.370273021498256361e+00 7.244713800932141290e-02 1.899583119804771195e+04
2.043575250276655879e+03 1.998580850157397072e+04 1.794223325129731529e+04 1.204188777534723309e+00 -5.722256926913066311e-02 2.210063231488858582e+04
4.566938157981563563e+03 2.413964056242431616e+04 1.957270240444275260e+04 1.442418234990781478e+00 -2.936897427073015265e-02 2.487399853756945959e+04
1.157556759631638670e+04 3.384908422615219024e+04 2.227351662983580172e+04 1.699175788702301348e+00 2.583677179561223464e-03 4.714963771569859819e+04
