4.691272144911265229e+01 2.163846744172567196e+04 2.159155472027655924e+04 7.626633652899342253e-02 -2.652607214388803467e-02 2.174552886457532804e+04
4.847656609496922187e+01 2.430081552067965094e+04 2.425233895458468032e+04 2.910017550326015612e-01 -1.433471913563512945e-01 2.441439542522960255e+04
7.461332610596386417e+01 1.944743479027808644e+04 1.937282146417212425e+04 8.429546071277339570e-01 -1.551791182673187552e-01 1.924766163313134894e+04
1.630401450235212337e+02 2.036114565613253581e+04 2.019810551110901361e+04 1.607722977708447021e-01 -1.645956863856751218e-01 2.055609327107292484e+04
1.929763122288049146e+02 1.863433753626467296e+04 1.844136122403586705e+04 5.446392963693426070e-01 1.774302514845503831e-01 1.845091506897133513e+04
3.634153655249797339e+02 1.909088495165017957e+04 1.872746958612520029e+04 5.362339571388035075e-01 3.288964764038493360e-01 1.950132840965414653e+04
8.590992789450816645e+02 1.877595631984337888e+04 1.791685704089829596e+04 1.029802984682963496e+00 2.298719985095904195e-01 1.895881561419638456e+04
2.103852221914231450e+03 2.004092265055828102e+04 1.793707042864404866e+04 1.233903680540793024e+00 -6.467391892318463675e-02 2.226074561165396517e+04
4.453285702325933016e+03 2.391333943829081181e+04 1.946005373596488062e+04 1.245969331686891168e+00 6.400797379460558545e-02 2.487388354777769564e+04
1.213599025689202062e+04 3.435692944617618923e+04 2.222093918928416679e+04 1.678071416170831887e+00 1.374809868534333790e-01 4.661804211453210155e+04
