4.978015911132882820e+01 2.163501197270413104e+04 2.158523181359280352e+04 1.731587789694189194e-01 -1.195961997158721674e-01 2.175211980848983876e+04
5.235246142679125114e+01 2.431891770251293929e+04 2.426656524108614758e+04 3.720784019301390244e-01 -7.937191564288427481e-02 2.448364771221645788e+04
6.952405498611882706e+01 1.942425259233726320e+04 1.935472853735114404e+04 8.284885050336546763e-01 3.607618682727724985e-02 1.926479790357941238e+04
1.623694763275987896e+02 2.033274506177441435e+04 2.017037558544681451e+04 2.070114989605593980e-01 -1.239756156652820351e-01 2.043256220110905997e+04
1.923690552919056529e+02 1.866048934195607944e+04 1.846812028666417245e+04 5.419081152601524787e-01 1.085246282419300295e-01 1.853240014592502484e+04
3.791956284869172578e+02 1.905619724352878620e+04 1.867700161504187054e+04 6.879019479328528641e-01 2.062750305599397871e-01 1.935709828683455999e+04
8.466869354871562336e+02 1.874869496281562533e+04 1.790200802732846932e+04 1.273022307228530714e+00 1.393363866689916186e-01 1.900344748663615610e+04
2.064416723812813871e+03 2.003148564701854411e+04 1.796706892320573024e+04 1.596502757348333246e+00 1.460928426466125696e-01 2.236515014664094269e+04
4.472924888950002241e+03 2.397120221544484957e+04 1.949827732649484824e+04 1.398132969456141295e+00 3.577843321174832558e-02 2.479522161562231122e+04
1.135764735161059980e+04 3.352848774530258379e+04 2.217084039369198581e+04 1.754930154407901677e+00 6.109660560548618030e-02 4.569018725665694365e+04
