4.906695418699043643e+01 2.160887972899260421e+04 2.155981277480561403e+04 -2.533180315235123922e-02 -2.209728668365193993e-01 2.153780153950972817e+04
5.096874678189372077e+01 2.428492617163754767e+04 2.423395742485565279e+04 3.204678447681896247e-01 -1.255565244337540631e-01 2.445760737760883421e+04
7.253673932930790613e+01 1.937322514267743827e+04 1.930068840334812921e+04 9.196742725928466200e-01 -1.755927847652124230e-01 1.910221766002985532e+04
1.661889766049475554e+02 2.032579981417945964e+04 2.015961083757451343e+04 1.581708120912463933e-01 5.460255561418111275e-02 2.051858260955936566e+04
1.894507323309784113e+02 1.863926096477326428e+04 1.844981023244228709e+04 4.763375249726355398e-01 7.946081681065354091e-03 1.844624067662891684e+04
3.790621532410959844e+02 1.901969418495773061e+04 1.864063203171663554e+04 6.432273179750290781e-01 1.799015706520643576e-01 1.922134911471109808e+04
8.476750312957065034e+02 1.874453668333189853e+04 1.789686165203619021e+04 1.058752118252952901e+00 2.314072523185427832e-01 1.902636592022240802e+04
2.045736351582294219e+03 1.998846669101696898e+04 1.794273033943467453e+04 1.067755655376592117e+00 -1.123823823043533371e-01 2.218612845550960992e+04
4.720421811321450150e+03 2.428290928499706934e+04 1.956248747367561737e+04 1.306032295592937098e+00 -4.144178174030838796e-02 2.510848073584488520e+04
1.206268182870877172e+04 3.409765494440563634e+04 2.203497311569686281e+04 1.674754580669812976e+00 4.351369598291827262e-02 4.674999839393575530e+04
