4.763617427773677804e+01 2.163594221326742991e+04 2.158830603898969275e+04 -2.342991822877113217e-01 -2.993187670287534297e-01 2.183183184373221229e+04
5.127919505850627502e+01 2.430859352743749332e+04 2.425731433237898818e+04 2.933323965811978074e-01 -2.764326353045362672e-01 2.450516457175040341e+04
7.259049327160421683e+01 1.942764699534678584e+04 1.935505650207518192e+04 8.372414854617468150e-01 -1.884884021211860328e-01 1.919169571429651114e+04
1.634663994957934676e+02 2.032186128280622506e+04 2.015839488331043322e+04 2.411863891932558568e-01 1.136999661511849252e-01 2.036612195701311430e+04
1.916061748520869514e+02 1.862909580544296114e+04 1.843748963059087328e+04 4.929483418957954499e-01 1.334733001423661081e-01 1.852268297982797594e+04
3.698065285891513554e+02 1.906579372711080578e+04 1.869598719852165596e+04 6.643974187987260471e-01 2.650362557367144656e-01 1.938660538659082522e+04
9.063195915829728619e+02 1.881963449766617850e+04 1.791331490608320746e+04 1.031295556586675710e+00 3.053674459952789300e-01 1.924409730338271766e+04
2.051877469914709309e+03 2.000633942844838384e+04 1.795446195853367317e+04 1.162176677701061145e+00 -1.028815061374434986e-01 2.216220983639238329e+04
4.529290423289862701e+03 2.394833185997088731e+04 1.941904143668102552e+04 1.673821509366712368e+00 -6.259061633110553358e-02 2.479390447199121991e+04
1.134676943307120928e+04 3.347743335905754066e+04 2.213066392598632956e+04 1.522960369095570421e+00 5.685202956765741250e-02 4.486671945444450103e+04
