4.942987964026696801e+01 2.160636455209279302e+04 2.155693467245252759e+04 1.438907739234252248e-01 -1.442155711053896561e-01 2.170730863635728383e+04
5.169561576411025072e+01 2.430494750528491568e+04 2.425325188952080498e+04 5.756027781001644694e-01 -1.322365242290459986e-01 2.443307263341387807e+04
7.220475980212225409e+01 1.942945260185519510e+04 1.935724784205307151e+04 8.472792532615257555e-01 -1.980660074654087000e-01 1.912975817573178938e+04
1.582121273110948039e+02 2.030746501515017371e+04 2.014925288783908036e+04 2.053937148890535302e-01 4.141001908223294198e-02 2.046843985385577980e+04
1.924072417732264455e+02 1.865963294371352458e+04 1.846722570194029686e+04 5.973205656768527660e-01 1.269518871701161011e-01 1.849224493259762312e+04
3.685057837131490714e+02 1.905708533771761358e+04 1.868857955400446372e+04 5.949976562079641873e-01 1.752397866660809489e-01 1.936922283354351021e+04
8.526912832643224647e+02 1.875437761823300025e+04 1.790168633496867915e+04 9.328053632346139379e-01 3.483212531869435136e-01 1.916972909025149056e+04
2.085170107813018603e+03 2.006396402796881739e+04 1.797879392015580015e+04 1.458690078775643384e+00 -6.368991180795709845e-04 2.222370814367629646e+04
4.744532426677773401e+03 2.420784831792597106e+04 1.946331589124819584e+04 1.455987473672345045e+00 -5.148016004856097866e-02 2.520551757333643764e+04
1.166728936133971911e+04 3.415382616627791867e+04 2.248653680493820139e+04 1.619015365052058897e+00 4.106718769543640096e-02 4.654371818375223665e+04
