5.006187143004733997e+01 2.163018939812667668e+04 2.158012752669662950e+04 2.464773108697326798e-01 -2.596709520553148742e-01 2.172068761844407709e+04
5.298327698661897500e+01 2.432284765336126293e+04 2.426986437637464405e+04 2.971575629177043987e-01 -1.672577869798497208e-01 2.468483886033318777e+04
7.405983311325044838e+01 1.939926194012259293e+04 1.932520210700934331e+04 8.501851259978941977e-01 -1.754852450597101099e-01 1.930547473830547096e+04
1.583413905272682314e+02 2.032083316146322613e+04 2.016249177093595790e+04 2.487834168965673276e-01 -1.346948747516721889e-01 2.035895403051636094e+04
1.956004099857618996e+02 1.863184734970006684e+04 1.843624693971430315e+04 5.654097977186424151e-01 2.727264528053080159e-02 1.840932923865075281e+04
3.613711603794725988e+02 1.907739108246381511e+04 1.871601992208434240e+04 5.511228896014160883e-01 2.944144668390996089e-01 1.936496489459639633e+04
8.241195091333067921e+02 1.870918003248633249e+04 1.788506052335302593e+04 1.307347167467879823e+00 1.087990184487404727e-01 1.898673316656719544e+04
2.082309546358450461e+03 2.004747614388187503e+04 1.796516659752342457e+04 1.234778347156178624e+00 3.762646994419526630e-02 2.214804771829017409e+04
4.558715711125641064e+03 2.395258522333270594e+04 1.939386951220706396e+04 1.503886703756195375e+00 -9.834255207321812575e-02 2.472728389015028733e+04
1.235909295872213079e+04 3.416023970181820187e+04 2.180114674309606926e+04 1.690052858820182413e+00 2.810635645397774329e-02 4.632374597668980277e+04
