4.928811856620330190e+01 2.162969589479958813e+04 2.158040777623338363e+04 3.476728575459072101e-01 -3.366924889422404088e-01 2.170244702927631079e+04
5.123120762721428889e+01 2.430529105833448193e+04 2.425405985070726820e+04 3.446559448167840767e-01 -1.285255210303725970e-01 2.458204820664204817e+04
7.187806734094323247e+01 1.942944162648500060e+04 1.935756355914405867e+04 8.050811102617055903e-01 -1.789446028652821041e-01 1.924585952281699065e+04
1.617139384119822694e+02 2.030103935501913293e+04 2.013932541660714924e+04 2.485206472718557713e-01 1.598822738418194389e-01 2.043878101857133879e+04
1.870819300197516668e+02 1.864130679198971120e+04 1.845422486196996033e+04 4.941510287827395875e-01 7.721347429401714813e-02 1.855549525713723779e+04
3.747050267261637373e+02 1.907793099033728868e+04 1.870322596361112664e+04 5.711774245773176828e-01 1.742961805730995073e-01 1.954998473304041181e+04
8.500946748877355503e+02 1.872342914592363013e+04 1.787333447103589424e+04 1.200243352969585064e+00 1.398806243859815335e-01 1.894014747937898937e+04
2.074098984718441443e+03 2.003617317020120390e+04 1.796207418548276110e+04 1.258027379520394229e+00 -2.449827651031863118e-01 2.223754482406638272e+04
4.781258297405545818e+03 2.432196550212502916e+04 1.954070720471948152e+04 1.639442952340522064e+00 -1.096338732648210502e-02 2.558903996564459158e+04
1.218161698003283345e+04 3.424641599996001605e+04 2.206479901992718078e+04 1.598844230905860142e+00 1.309345861973293113e-01 4.632861487306340860e+04
