4.832587515845366966e+01 2.161635770432923528e+04 2.156803182917078084e+04 3.226263087636484506e-01 -2.196554591097431286e-01 2.170811393344307726e+04
4.901579987724698384e+01 2.429589119731533719e+04 2.424687539743808884e+04 3.609237019652821732e-01 -4.615091077778482598e-02 2.432186270229410366e+04
7.422292937685065795e+01 1.940325317837066905e+04 1.932903024899381853e+04 8.568214403364150522e-01 -2.404863103489686404e-01 1.917763142704833444e+04
1.671104576726839923e+02 2.032744963680008732e+04 2.016033917912740435e+04 2.906049727306778130e-01 -2.620077735591088905e-02 2.045212119922256170e+04
1.954329815650190767e+02 1.867058134297145443e+04 1.847514836140643456e+04 4.646935913101630788e-01 1.106902450015554012e-01 1.864033319410376498e+04
3.808141861391921452e+02 1.902524573765411333e+04 1.864443155151492101e+04 6.675134504005595382e-01 1.696799506978650951e-01 1.943073020988294593e+04
8.824557980585844916e+02 1.876249104228838405e+04 1.788003524422979899e+04 1.033023184836221242e+00 1.969726056753215160e-01 1.889794685503880828e+04
2.140322614495380549e+03 2.010809490219857253e+04 1.796777228770319198e+04 9.919375150203942892e-01 -1.970091726312498681e-01 2.258116275704045620e+04
4.729678178301687694e+03 2.419863861833249393e+04 1.946896044003080533e+04 1.459053135906644982e+00 4.961960524414083841e-03 2.535963175126534043e+04
1.185732915313777630e+04 3.382335951946103160e+04 2.196603036632325529e+04 1.778035473668539979e+00 2.907972266291935018e-02 4.672050609588792577e+04
