4.812740930606677381e+01 2.164803066480431153e+04 2.159990325549824411e+04 7.544584383021642193e-02 -1.594247442133426562e-01 2.185963537799236292e+04
5.259893384238621650e+01 2.428138254035428690e+04 2.422878360651190087e+04 3.758644871632895179e-01 -1.656104828552746044e-01 2.441373361664505501e+04
7.113326074666787235e+01 1.944626417034042242e+04 1.937513090959375404e+04 8.958005642489880183e-01 -1.802566188642924505e-01 1.942086137818520365e+04
1.636561435743906259e+02 2.033519817803519982e+04 2.017154203446081010e+04 1.654877838370394649e-01 -2.763562056697902447e-01 2.060772366193741618e+04
1.946476390024321290e+02 1.863188665580187444e+04 1.843723901679944174e+04 6.032489958420926834e-01 2.798673452076664847e-01 1.844163202719687979e+04
3.581909638459603116e+02 1.905204598594098206e+04 1.869385502209502010e+04 7.471254239084622606e-01 1.767845696780929454e-01 1.937724858906353984e+04
8.828758576213484730e+02 1.874575936284335330e+04 1.786288350522200562e+04 1.094296432417334985e+00 8.421695545273803762e-02 1.891858638809516924e+04
2.126941676258024927e+03 2.008762553783623662e+04 1.796068386157821078e+04 1.282191630202241361e+00 -1.291463807788516549e-01 2.235093937147441829e+04
4.562121344520745879e+03 2.413790372939056033e+04 1.957578238486981354e+04 1.606409417681529783e+00 -4.216062220556814587e-03 2.504899557062484018e+04
1.188805256323908725e+04 3.395064414870985638e+04 2.206259158547077095e+04 1.495554695334128104e+00 5.730042080968798801e-03 4.653191118768800516e+04
