4.875028644310594217e+01 2.162330429757625825e+04 2.157455401113315384e+04 6.282688689560157747e-02 -1.776242595026519266e-01 2.182081450499330822e+04
5.083491908790502833e+01 2.427402539322772282e+04 2.422319047413981752e+04 5.662810631489657576e-01 -2.438892601900691515e-01 2.443179254661181039e+04
7.404758450371963363e+01 1.944748431708506541e+04 1.937343673258134731e+04 8.851384536770283695e-01 -1.352350429856907787e-01 1.933180357250591260e+04
1.605953817227168372e+02 2.035298971931450069e+04 2.019239433759178428e+04 2.346086526573607500e-01 -1.333104251197035073e-01 2.061907855967789146e+04
1.879342564716959885e+02 1.863626125124583268e+04 1.844832699477413553e+04 5.476633662734512464e-01 4.497798001201250978e-02 1.842656567623220326e+04
3.735459289529052853e+02 1.902555613832489325e+04 1.865201020937198700e+04 7.507232736452467137e-01 2.962035531430141089e-01 1.930662051487407007e+04
8.415328303363800160e+02 1.874426702993397339e+04 1.790273419959759485e+04 1.037230043529084655e+00 6.679215357980296253e-02 1.900798309688194058e+04
2.089889724307513916e+03 2.006415763549342591e+04 1.797426791118591063e+04 1.162003753968047892e+00 3.140633745577593033e-02 2.237353256232486092e+04
4.551562493678779902e+03 2.415047455887707838e+04 1.959891206519829939e+04 1.581808217578258402e+00 -6.998196115475387169e-02 2.510934943949126682e+04
1.193272042216696354e+04 3.411472911755013774e+04 2.218200869538317420e+04 1.530930807769109281e+00 1.993024315107158606e-02 4.628935597363761190e+04
