5.107149469139358899e+01 2.164483442159431070e+04 2.159376292690291666e+04 9.824036521908408037e-02 -2.275234266131602734e-01 2.169025715545285493e+04
5.287499509791282293e+01 2.431613352635709452e+04 2.426325853125918002e+04 2.970219565518795735e-01 -1.289033374901075446e-01 2.446136783674411345e+04
7.100980699511063676e+01 1.943828948575747199e+04 1.936727967876236289e+04 8.656807539160605858e-01 -1.108082895298648785e-01 1.922196140285240108e+04
1.609120553348364524e+02 2.030417981770299230e+04 2.014326776236815567e+04 2.470995899447063493e-01 -1.500213048451984055e-01 2.027347885193518596e+04
1.926794779479522788e+02 1.866595531209665569e+04 1.847327583414870242e+04 5.157162037815290478e-01 1.263325892970534881e-01 1.863297627511839528e+04
3.672271596416969146e+02 1.907115292483833764e+04 1.870392576519663999e+04 6.286088539433614120e-01 2.189765514348759046e-01 1.945863227711410218e+04
8.795146169946319787e+02 1.879838701923230110e+04 1.791887240223767003e+04 1.051488662580707389e+00 2.600586272888635864e-02 1.908640645531961491e+04
2.082189314819785977e+03 2.002094400378525825e+04 1.793875468896547318e+04 1.164987507695623536e+00 1.678624593721218528e-01 2.236574754391204624e+04
4.671229639099004999e+03 2.414725338459748673e+04 1.947602374549848173e+04 1.202064973867877251e+00 -1.445617436806070910e-02 2.504417212382579964e+04
1.177454880969435362e+04 3.386045825825088104e+04 2.208590944855652924e+04 1.541317069347252877e+00 -7.191112426127990731e-02 4.656089820915619202e+04
