4.918870250253347365e+01 2.160677139818785872e+04 2.155758269568532705e+04 1.769728296458825401e-01 -1.826797278769763666e-01 2.168777622053416053e+04
5.125682693272081281e+01 2.430626164447952033e+04 2.425500481754680004e+04 2.740739013462989981e-01 -8.322814650806664716e-02 2.442850609513923700e+04
7.284866462148644928e+01 1.943354205360414926e+04 1.936069338898266142e+04 8.858438827176954300e-01 -8.733401133253615445e-02 1.922291415195083027e+04
1.611175431641798355e+02 2.032156981708471358e+04 2.016045227392053494e+04 2.402427717653111694e-01 -5.076410300092365491e-02 2.045334994476080828e+04
1.961556564971131991e+02 1.864245360938889644e+04 1.844629795289178219e+04 5.206347289285407909e-01 1.279374333843476264e-01 1.863751265898806014e+04
3.646498053402910955e+02 1.905695449031708995e+04 1.869230468497679976e+04 9.336497422709082450e-01 2.883425435133327719e-01 1.936762832481500664e+04
8.960123486163350890e+02 1.876533597343175279e+04 1.786932362481541713e+04 1.032866528917401938e+00 9.321992145659724338e-02 1.897663561005029260e+04
2.095978893895265173e+03 2.005845627066047018e+04 1.796247737676520410e+04 1.410930457656400128e+00 2.304875874286908474e-02 2.231968310530644158e+04
4.573628696694155224e+03 2.407770747366566138e+04 1.950407877697150616e+04 1.550808724601759003e+00 -1.621656006576236708e-01 2.510032320614231139e+04
1.284397709335039508e+04 3.510123770044965931e+04 2.225726060709926242e+04 1.668726137989987590e+00 -7.375769666102281741e-02 4.982825960813642450e+04
