4.973108908510602788e+01 2.162356387968115450e+04 2.157383279059604683e+04 -7.852726525770388488e-02 -1.933765091421440763e-01 2.166999742859988692e+04
5.182704922512344581e+01 2.427562931029533138e+04 2.422380226107020644e+04 3.394693215622852089e-01 -1.932893907721970617e-01 2.436467679555545692e+04
7.166159257032803964e+01 1.938911693884960550e+04 1.931745534627927918e+04 8.157608511760168213e-01 -2.340675870866021635e-01 1.905741599457335542e+04
1.663246012656150299e+02 2.030984032490395111e+04 2.014351572363833475e+04 1.986264415667370609e-01 6.289400285744201069e-02 2.046766869348480395e+04
1.926470103646917948e+02 1.866346632171678357e+04 1.847081931135209015e+04 5.138106424783959181e-01 2.036348358825155469e-01 1.859795140347526103e+04
3.674055126499141011e+02 1.903916719156084218e+04 1.867176167891092700e+04 5.929343201085637283e-01 1.531464428865006999e-01 1.939292067778448109e+04
8.805542417422710741e+02 1.874154725535014586e+04 1.786099301360787649e+04 9.926955970752864289e-01 1.012788360028564344e-01 1.903343518246499661e+04
1.969430080807363538e+03 1.991850510403989028e+04 1.794907502323252629e+04 1.269078337073206830e+00 1.437997810006964861e-01 2.201927156389228912e+04
4.591383727469235964e+03 2.399373500034104654e+04 1.940235127287181240e+04 1.605810225730979646e+00 -6.452998060806325320e-02 2.520650494394256020e+04
1.152830645640193507e+04 3.361948856744547084e+04 2.209118211104353395e+04 1.814706508921249295e+00 -2.893929927127208979e-02 4.517671683057139307e+04
