4.907969950371496992e+01 2.164554695349607573e+04 2.159646725399235947e+04 3.452774946165684256e-01 -2.038685292746949818e-01 2.180442898793721179e+04
5.391932930690925474e+01 2.427467801101218720e+04 2.422075868170527974e+04 3.433800716551229648e-01 -1.473746602542493622e-01 2.439856564073897971e+04
7.169740286881031466e+01 1.941767558785394067e+04 1.934597818498513152e+04 8.691967362356608495e-01 -2.318313237878457389e-01 1.924120775694380427e+04
1.621271093091971807e+02 2.032350389224174432e+04 2.016137678293254794e+04 3.099262498792977882e-01 1.063117669636157031e-01 2.058067715048887476e+04
1.938872996051654525e+02 1.864371749800688849e+04 1.844983019840172346e+04 6.590903760635082875e-01 2.001861708465231537e-01 1.857781097824746394e+04
3.720952189466000846e+02 1.901254956256142032e+04 1.864045434361481966e+04 5.523313591400501599e-01 2.759859298413315787e-01 1.933930560020317716e+04
8.547938984202003212e+02 1.873218799900869635e+04 1.787739410058849535e+04 1.136818733820287974e+00 9.411658486190059569e-02 1.903665858599692729e+04
2.096777148285618750e+03 2.005715196272664252e+04 1.796037481444102377e+04 1.294324089090210350e+00 -1.207709815365418105e-02 2.228936809520853785e+04
4.625986677176832018e+03 2.408934108713261230e+04 1.946335440995578028e+04 1.611224992606185902e+00 -3.973949687286551513e-02 2.497220648658812206e+04
1.180695932471645574e+04 3.394641353216422431e+04 2.213945420744776857e+04 1.636044333984968846e+00 3.026575407330845888e-02 4.569239257999198162e+04
