4.766299667115361416e+01 2.164728129396441363e+04 2.159961829729325837e+04 2.758918925190611549e-01 -2.741350598375844050e-01 2.166709360402592210e+04
5.310724170177026338e+01 2.426395668944443969e+04 2.421084944774266842e+04 3.170054409777668392e-01 -1.620190848832738506e-01 2.429829279983403467e+04
7.315828103212257361e+01 1.941553747025970733e+04 1.934237918922758399e+04 8.872705154353267565e-01 -9.492758924312121038e-02 1.925272114076120852e+04
1.619120782642195309e+02 2.032488740867122033e+04 2.016297533040700000e+04 3.132770064390008602e-01 -5.526909067749859314e-04 2.041105566988422652e+04
1.906641807900775518e+02 1.865840066415235924e+04 1.846773648336228143e+04 5.201576257079369991e-01 9.205357584412461602e-02 1.860092925936239408e+04
3.744743559315745642e+02 1.902684020207182766e+04 1.865236584614025196e+04 7.432141968249683650e-01 2.405549434509012541e-01 1.922736234169664385e+04
8.573686411924924187e+02 1.874300223759709479e+04 1.788563359640460112e+04 1.241555114292681727e+00 1.833507562868893215e-01 1.899566638288194736e+04
2.082152868415335433e+03 2.002763352061304249e+04 1.794548065219770797e+04 1.115136921524775060e+00 -7.777288343356424105e-02 2.220387267669814901e+04
4.563908520301479257e+03 2.412734921394845878e+04 1.956344069364697862e+04 1.493948494902204827e+00 3.879261757726137211e-02 2.489361173340152891e+04
1.164405859997670450e+04 3.372462101570849336e+04 2.208056241573178704e+04 2.296700445375129629e+00 5.795408035867429669e-02 4.542814761279105005e+04
