4.682253223373017192e+01 2.157102058671972554e+04 2.152419805448599436e+04 4.637909254440779616e-01 -1.153199925672417775e-01 2.158885182558511224e+04
5.021557631982778247e+01 2.429142790799738214e+04 2.424121233167755418e+04 3.351202682766379337e-01 -1.990816613315270212e-01 2.447770821373008948e+04
7.253338300076123346e+01 1.943088084173663447e+04 1.935834745873587235e+04 8.954172522077162855e-01 -2.231256260813871961e-01 1.924840819735815239e+04
1.608859731490132958e+02 2.032427405871681913e+04 2.016338808556780714e+04 2.064463907853815450e-01 -2.028016076425558437e-02 2.041316722652299723e+04
1.859261610047251168e+02 1.864671193427384787e+04 1.846078577326912273e+04 4.635607988295604720e-01 2.072058978918086269e-01 1.857179217060218070e+04
3.751126917203332027e+02 1.903591336683850386e+04 1.866080067511817106e+04 7.268426068550358776e-01 -1.595459857458457822e-02 1.928402378737105391e+04
8.546741881928138582e+02 1.876280439064808888e+04 1.790813020245527514e+04 1.084502428796126017e+00 2.835349574316906041e-02 1.902585441805238224e+04
2.149107521439436823e+03 2.011288313353897684e+04 1.796377561209954001e+04 1.257406010780156569e+00 1.386265181333343199e-02 2.244113109627278027e+04
4.590896036303695837e+03 2.409379026637917195e+04 1.950289423007547521e+04 1.682991763189316314e+00 -4.504667433719736908e-02 2.499744433102860421e+04
1.149088726710471201e+04 3.354927093194410554e+04 2.205838366483939171e+04 1.789105082779365974e+00 -4.299133439300634185e-02 4.492280864377361286e+04
