4.760607302932194074e+01 2.159127312892350892e+04 2.154366705589418780e+04 2.095542057261825242e-01 -2.490808368858786759e-01 2.166176981960074772e+04
5.010809412154002729e+01 2.428059626753365956e+04 2.423048817341211907e+04 2.262694056511106167e-01 -2.310209331509456565e-01 2.433093670092427783e+04
7.326614122719182376e+01 1.941306375176503934e+04 1.933979761053784750e+04 9.127000604247021975e-01 -2.668554067932906934e-02 1.919135486806314293e+04
1.625585306878225822e+02 2.029576135879972207e+04 2.013320282811189827e+04 2.255543082993628767e-01 9.511255214639229016e-02 2.053189304579544842e+04
1.944666184357677423e+02 1.863594963829471089e+04 1.844148301985894432e+04 5.778881854263880902e-01 1.115424551273115766e-01 1.856040690038121465e+04
3.840880164271077319e+02 1.902711193297076534e+04 1.864302391654365783e+04 7.287136629383191844e-01 -9.763503645098647876e-03 1.932518264192231072e+04
8.735894157839381933e+02 1.877161709502799204e+04 1.789802767924405271e+04 1.039483963944743738e+00 1.474068496602540801e-01 1.900664095950575211e+04
2.106225359119333916e+03 2.007033532416235175e+04 1.796410996504301875e+04 1.267961963045810103e+00 -4.923816140983578588e-02 2.228744981736369664e+04
4.587746237880248373e+03 2.411874642020530882e+04 1.953100018232506045e+04 1.476301724417893979e+00 -6.176322372722060222e-02 2.491401208101183875e+04
1.211272101468038818e+04 3.442135824504820630e+04 2.230863723036781812e+04 1.511506104910940840e+00 -1.918191741044746393e-02 4.802551412366243312e+04
