4.645743287819816913e+01 2.162514157529144359e+04 2.157868414241324717e+04 3.531493708967529260e-02 -3.674148138617414627e-01 2.171454587274275764e+04
5.115655866796096518e+01 2.430189682056465972e+04 2.425074026189669894e+04 4.308262621572114259e-01 -1.343421978224398350e-01 2.433255206778318097e+04
7.565115149184151733e+01 1.946679458299631369e+04 1.939114343150447166e+04 8.996549573865028071e-01 -1.341307376062710888e-01 1.947115882619625336e+04
1.597515218922102633e+02 2.033402926086827210e+04 2.017427773897606312e+04 2.698915300921038152e-01 -8.072406066488307941e-02 2.054551298170411246e+04
1.865038323567368082e+02 1.867061956552334232e+04 1.848411573316660724e+04 5.264005227970262046e-01 2.463197237277333917e-01 1.863199672609872505e+04
3.690034197894212866e+02 1.905569603244705650e+04 1.868669261265763635e+04 6.075831458354806758e-01 2.580806420147843672e-01 1.946110710829108939e+04
8.593526020178281897e+02 1.876228598142860938e+04 1.790293337941078062e+04 1.183165059521911422e+00 9.045990916425683537e-02 1.889942239940321815e+04
2.020675648639808060e+03 1.997877830409339731e+04 1.795810265545358925e+04 1.103989001431368466e+00 1.298604470687525214e-01 2.195972516676258238e+04
4.610427841233347863e+03 2.416550698088890931e+04 1.955507913965556145e+04 1.454947536738702807e+00 5.041743184079543888e-02 2.503701353045216456e+04
1.194141128248092900e+04 3.421986759903331404e+04 2.227845631655238685e+04 1.697618347613139678e+00 7.320623414478662216e-02 4.723968388181948103e+04
