4.998528167985092807e+01 2.161753918510554286e+04 2.156755390342569081e+04 2.232164415000900404e-01 -1.496973859814319241e-01 2.148410641611971732e+04
5.165144688637464299e+01 2.430596493942378220e+04 2.425431349253740700e+04 3.690465767201582814e-01 -1.497998611425762905e-01 2.447201399025931096e+04
6.896234377481532363e+01 1.940607948515570752e+04 1.933711714138089155e+04 8.282754274131479688e-01 -1.519916160875829370e-01 1.921215614522585383e+04
1.593581846679847445e+02 2.031696914713380465e+04 2.015761096246582019e+04 2.398020355507334278e-01 7.870578346900418409e-02 2.038034678107221771e+04
1.897942868889591068e+02 1.868677002092402836e+04 1.849697573403506976e+04 4.235627828191436683e-01 3.861859892617169193e-02 1.866575863661590847e+04
3.728489370538022172e+02 1.904660485251484715e+04 1.867375591546104624e+04 5.519406623122840028e-01 1.480467197369503551e-01 1.940472539246141969e+04
8.646328722123630541e+02 1.877051535927676377e+04 1.790588248706440208e+04 1.299514982964227405e+00 1.898990339090319834e-01 1.907762306591244123e+04
2.061513087868038383e+03 2.002262813837869544e+04 1.796111505051065615e+04 1.094666808375338585e+00 -4.114670400408081824e-02 2.225944040659089296e+04
4.553526921019915790e+03 2.403221564262051834e+04 1.947868872160060346e+04 1.605023631961872255e+00 9.649969888139182939e-02 2.487433813157117766e+04
1.210675693372807291e+04 3.418672060391158448e+04 2.207996367018351157e+04 1.716245641856255721e+00 1.069905845539344822e-03 4.692767883359939879e+04
