5.028883292682018435e+01 2.162404279208432126e+04 2.157375395915750050e+04 6.507843130991780578e-02 -1.921449061761328903e-01 2.177730105107638883e+04
5.269271048048909023e+01 2.431319941389918313e+04 2.426050670341869409e+04 3.257110620317704153e-01 -1.134829461698202840e-01 2.460266758111130548e+04
7.234861570550057763e+01 1.943758029778559649e+04 1.936523168208009520e+04 7.743976923442654758e-01 -1.954867533054497342e-01 1.925353377799534428e+04
1.614726203192242338e+02 2.031131268640703638e+04 2.014984006608781056e+04 1.942965492831433549e-01 -5.917581272738952616e-04 2.052991355799166558e+04
1.883691841457018086e+02 1.862877918151223639e+04 1.844040999736653612e+04 6.247880790366309167e-01 3.601010360198884236e-02 1.855968395510369373e+04
3.839364239515439863e+02 1.902208917981142440e+04 1.863815275585987911e+04 6.090173955221477309e-01 7.598704470327050098e-02 1.939301067357264037e+04
8.697498753323045548e+02 1.876888001242572136e+04 1.789913013709341612e+04 1.060905419600531197e+00 1.113474218094928636e-01 1.900136726677297702e+04
2.070031149650689713e+03 2.003958783171871983e+04 1.796955668206802875e+04 1.091210221678483805e+00 4.736989512639307870e-02 2.221965611887564955e+04
4.595553324683285609e+03 2.402487051586270900e+04 1.942931719117942339e+04 1.585410277471424711e+00 -2.042104796610875669e-02 2.491964739488801206e+04
1.179921093702310645e+04 3.391489048139732768e+04 2.211567954437422304e+04 1.852908985282866183e+00 2.386585656809103728e-02 4.733656305347933085e+04
