4.754225245805475453e+01 2.161054726430915980e+04 2.156300501185110625e+04 -1.140725532153691463e-01 -3.096270619946142055e-01 2.160101400209288840e+04
5.333558550170795343e+01 2.430812492099692463e+04 2.425478933549521753e+04 3.785939928357813788e-01 -1.766645422127904597e-01 2.458427065219604629e+04
7.353042346502468263e+01 1.942371844119657908e+04 1.935018801773155428e+04 8.424442410297309225e-01 -2.050692293640078157e-01 1.926954393275846087e+04
1.603433843115650745e+02 2.033145480697700987e+04 2.017111142266544630e+04 2.632143120344576093e-01 -1.086844539720243676e-02 2.042616004266998061e+04
1.821796582628218744e+02 1.866615534439623661e+04 1.848397568613341355e+04 6.121898825266707256e-01 5.769258649041875825e-02 1.853477546230684311e+04
3.721049551763994145e+02 1.901983608734155860e+04 1.864773113216515776e+04 6.252713721344597131e-01 2.775054113293872193e-01 1.932731295312473958e+04
8.449218733001257533e+02 1.876670676930184345e+04 1.792178489600171815e+04 1.202759776655272006e+00 5.593659798265165906e-02 1.910664788095720360e+04
2.115155541386840014e+03 2.006068287078862340e+04 1.794552732940178248e+04 1.095619454366737910e+00 2.701001675873544380e-02 2.229878172198592074e+04
4.700558712392267807e+03 2.424848865708491576e+04 1.954792994469264886e+04 1.487881380838051326e+00 -8.366946707210826117e-02 2.531617128759794650e+04
1.204394909279229614e+04 3.431618650396671728e+04 2.227223741117442114e+04 1.736624767239539624e+00 7.819628022749022800e-02 4.772921030277176760e+04
