4.985509184542508621e+01 2.161989527737322351e+04 2.157004018552779962e+04 6.841256287335288622e-02 -2.612460885856125459e-01 2.164979943022888256e+04
5.161322696262158871e+01 2.429229478946943345e+04 2.424068156250681204e+04 3.850113321536102196e-01 -2.043318285570222825e-01 2.459006245465175380e+04
7.003746867611022253e+01 1.945291294615343941e+04 1.938287547747732970e+04 9.467437785258167038e-01 -2.882826536865792932e-01 1.930301090398231827e+04
1.638288907359256257e+02 2.030580831319069694e+04 2.014197942245476952e+04 1.857224112064564947e-01 1.224126685837829687e-01 2.047238896766265680e+04
1.886056592843291355e+02 1.866247743419827384e+04 1.847387177491394323e+04 5.513102889404971618e-01 5.750477568890751540e-02 1.851015540318581043e+04
3.782064727719285315e+02 1.901543500145132566e+04 1.863722852867939582e+04 5.784178688215955155e-01 5.398409159206876695e-02 1.925916239960952225e+04
8.908591530901924216e+02 1.880708021815444590e+04 1.791622106506425189e+04 1.071616386999251658e+00 1.922101791733919207e-01 1.905731033266880331e+04
2.114884978514908653e+03 2.007395785908784092e+04 1.795907288057293044e+04 1.140989134663975113e+00 3.604744953054793075e-03 2.240327227170674814e+04
4.744818545074579561e+03 2.428591157819059663e+04 1.954109303311601616e+04 1.385994851399239502e+00 2.057250472091301519e-02 2.559702049803815680e+04
1.230297261465718475e+04 3.425313063168996450e+04 2.195015801703277975e+04 1.758888664763172294e+00 1.012659285735849068e-01 4.778317204621018755e+04
