5.023879925423514692e+01 2.163167725021141814e+04 2.158143845095718279e+04 1.525285907876268165e-01 -3.394292271269530592e-01 2.168307086275981055e+04
5.287002843117577555e+01 2.426933437964649056e+04 2.421646435121531613e+04 2.896342133440659716e-01 -1.486052536057733686e-01 2.447852669722707651e+04
7.262883798104527955e+01 1.943697616633150392e+04 1.936434732835045725e+04 8.121415258227925316e-01 -2.348093818896855867e-01 1.927769925235706614e+04
1.675429598640312747e+02 2.034905751337392212e+04 2.018151455350988908e+04 2.353368138131223253e-01 6.158065938232510500e-02 2.044607388823048677e+04
1.981024737787383287e+02 1.864111082996465848e+04 1.844300835618592100e+04 5.128205106954036863e-01 1.994558762736809709e-01 1.853279692309536767e+04
3.889571523084717910e+02 1.902617209857588387e+04 1.863721494626741332e+04 6.236483082549443280e-01 2.765256576668894128e-01 1.943268838482520732e+04
8.803349903365876798e+02 1.878324895713640217e+04 1.790291396679981335e+04 1.199963218449378699e+00 7.979360262302759299e-02 1.913095787982586626e+04
2.092305751948803845e+03 2.003312038623610715e+04 1.794081463428730422e+04 1.170315162710984902e+00 -3.043411533646194714e-03 2.227970661541398295e+04
4.562989322868772433e+03 2.417873709332911312e+04 1.961574777046034069e+04 1.858732386749477605e+00 -6.644180663827653488e-02 2.496082967975495922e+04
1.219251208470104029e+04 3.459843454967934667e+04 2.240592246497830638e+04 1.808011813098186593e+00 1.196704999038091105e-01 4.812238781309473416e+04
