5.059950167741136795e+01 2.162396266352238308e+04 2.157336316184497264e+04 8.239431523894233736e-03 -9.688633990301055710e-02 2.187675609180971514e+04
5.204814366256539415e+01 2.430478430178348935e+04 2.425273615812092248e+04 3.796835746287189894e-01 -8.379705970471978960e-02 2.455226528871449045e+04
6.918237830199092286e+01 1.943262421271965650e+04 1.936344183441766654e+04 8.651979917735569403e-01 -1.890646324662516309e-01 1.917146170220563727e+04
1.620015284054261997e+02 2.031437742330530091e+04 2.015237589489987295e+04 2.167737721949790364e-01 5.453242173394020481e-02 2.034333620551709464e+04
1.868517849041630825e+02 1.864881571074283420e+04 1.846196392583867055e+04 4.695875759732832111e-01 1.032071861508665062e-01 1.846059346408800047e+04
3.614966474438064097e+02 1.906847206325716252e+04 1.870697541581335463e+04 5.735050462805421079e-01 1.225715497140762444e-01 1.941751851790800720e+04
8.833452067675202670e+02 1.875604927269263862e+04 1.787270406592511790e+04 1.177268157427909356e+00 1.122405258943333234e-01 1.902630115254530392e+04
2.106083957208909851e+03 2.006749659572690507e+04 1.796141263851799522e+04 1.029541871629433336e+00 -5.844108515989132613e-02 2.240023947969065557e+04
4.762189981254483428e+03 2.434654979524471491e+04 1.958435981399023149e+04 1.410227356109133856e+00 -1.658523417863190519e-02 2.508569116009654681e+04
1.186803359336637004e+04 3.391151946083037183e+04 2.204348586746400179e+04 1.847320210420528186e+00 6.922638674294932792e-02 4.633818569465604378e+04
