4.948934858979853857e+01 2.162694323510053437e+04 2.157745388651073517e+04 -1.393406091812552372e-01 -2.835944156184367348e-01 2.178642795299639329e+04
5.227266335924556273e+01 2.427024029442613391e+04 2.421796763106688741e+04 4.275782079616989306e-01 -1.426714322394550261e-01 2.443747307690104572e+04
7.032194083646704996e+01 1.943760022398015644e+04 1.936727828314368890e+04 8.770018427246916159e-01 -1.716045879414962172e-01 1.942304766938701869e+04
1.672377295103251242e+02 2.031782703029852564e+04 2.015058930078820049e+04 2.668242771942849756e-01 1.131245222192791416e-02 2.046960786235409614e+04
1.817262975744740459e+02 1.866609660062615148e+04 1.848437030305167718e+04 5.618760522336165852e-01 1.788590068275817957e-01 1.859438473939181131e+04
3.802184278763787120e+02 1.905696289655746295e+04 1.867674446868108498e+04 7.902529224430502319e-01 1.250615544697172565e-01 1.958514570301862113e+04
8.734894778204703698e+02 1.877290227592895462e+04 1.789941279810848573e+04 1.059486790027078795e+00 1.261533543315801753e-01 1.904371561365537855e+04
2.088074941727638816e+03 2.003943850542435393e+04 1.795136356369671557e+04 1.265580750112880626e+00 3.245365521238832707e-02 2.230286562929893262e+04
4.630443635908825854e+03 2.415055426265953065e+04 1.952011062675070571e+04 1.606297941071558100e+00 -8.598471399857617048e-02 2.507751244644751569e+04
1.150963628909179715e+04 3.349122627716594434e+04 2.198158998807414901e+04 1.597046080395386314e+00 7.449065688121622730e-02 4.442342537071065453e+04
