5.042510923545573576e+01 2.162168311596222702e+04 2.157125800672676996e+04 8.190292752174065105e-02 -2.846909470228813355e-01 2.175685560947293197e+04
5.163757306830846261e+01 2.428747658962546120e+04 2.423583901655715454e+04 2.911370543752366813e-01 -8.478576644146273988e-02 2.427150169512378488e+04
7.294621506173805869e+01 1.940746107477357873e+04 1.933451485971184229e+04 8.778164322779069551e-01 -1.516549282884014915e-01 1.922059033382388952e+04
1.663589441855925770e+02 2.037228200732535333e+04 2.020592306313976223e+04 2.077066374202544974e-01 -1.379547079370701257e-01 2.053507830555919645e+04
1.896006467405591707e+02 1.864625668972741914e+04 1.845665604298685867e+04 5.393434610777196880e-01 -2.571587840219052498e-02 1.864264809802208401e+04
3.726881313635253719e+02 1.902390375831090205e+04 1.865121562694737804e+04 5.948994236815576819e-01 1.620187692050273354e-01 1.933621769018938721e+04
8.787925673223205649e+02 1.875058656720674480e+04 1.787179399988442310e+04 1.049182257340735225e+00 1.381144206781488026e-01 1.905060536706222774e+04
2.084714545735425418e+03 2.005943864145486441e+04 1.797472409571943717e+04 1.286968604556619100e+00 1.875067430997086337e-02 2.246112016697394938e+04
4.519887789723813512e+03 2.400420109316622620e+04 1.948431330344241360e+04 1.444372156935761486e+00 3.240026951953039417e-03 2.506884034738921400e+04
1.148384212838003259e+04 3.359156853336872155e+04 2.210772640498868714e+04 1.694537683412164819e+00 -6.363040847182675069e-03 4.667043906412157230e+04
