4.734088512560686013e+01 2.162150029760463440e+04 2.157415941247902811e+04 3.152317131032163489e-01 -2.798028354210342905e-01 2.165225256977889512e+04
5.270913831028113350e+01 2.430872569924701747e+04 2.425601656093673591e+04 3.160322719015060122e-01 -1.177633912864413240e-01 2.434401596387166137e+04
7.221985242976460029e+01 1.938679214762741321e+04 1.931457229519764951e+04 8.771514026183454549e-01 -1.610560618711160685e-01 1.912830017754512301e+04
1.673462170680625434e+02 2.035584337985250386e+04 2.018849716278444248e+04 2.263968978216920336e-01 -2.134831535191550056e-01 2.056350150412104267e+04
1.940004907349159566e+02 1.861836757495693018e+04 1.842436708422201264e+04 5.430619784954687779e-01 1.590385962402131592e-01 1.842758574634832257e+04
3.668165556595786256e+02 1.904406636881244049e+04 1.867724981315286277e+04 5.881172779424458374e-01 1.544182514082400592e-01 1.944649976032414634e+04
8.347580724665890557e+02 1.877502202751025470e+04 1.794026395504366519e+04 1.251161791298709858e+00 1.365691644235836333e-01 1.909198515314109682e+04
2.201024207219013533e+03 2.022740490906967170e+04 1.802638070185065953e+04 1.243851880748929384e+00 6.088969582844183659e-02 2.257480956611444708e+04
4.568154014197325523e+03 2.404367294832253538e+04 1.947551893412521167e+04 1.318463237454052139e+00 4.306333872817016267e-02 2.483346275876586151e+04
1.144900205840640228e+04 3.367388152347462164e+04 2.222487946506821754e+04 1.643786038955279638e+00 9.088120785780116895e-02 4.450606522772960307e+04
