4.997775550867473271e+01 2.163008730872378146e+04 2.158010955321510846e+04 -8.499290194262769382e-02 -9.399889002894118439e-02 2.170228531257241048e+04
5.144922676230875425e+01 2.429030250398343196e+04 2.423885327722112197e+04 4.017778834837812396e-01 -2.849110053052755220e-01 2.448017045526157381e+04
6.990536487762808804e+01 1.939621773960333667e+04 1.932631237472570865e+04 7.945105402323617838e-01 -1.550067075931010063e-01 1.928258827334578018e+04
1.667630423256995584e+02 2.035068482854867761e+04 2.018392178622297797e+04 1.641992059121085423e-01 7.876214982575586304e-03 2.056615081806579110e+04
1.934506381549009575e+02 1.867013950043688237e+04 1.847668886228198244e+04 5.617082114841918106e-01 9.764229277257278905e-02 1.864497057679676436e+04
3.722891268617693754e+02 1.902537792817596710e+04 1.865308880131419937e+04 6.110171477763798320e-01 1.235727463311058066e-01 1.927325746455088301e+04
8.827858453075842817e+02 1.873592197497809320e+04 1.785313612967050722e+04 1.008197146877245931e+00 1.301484097569189091e-01 1.890917147590266541e+04
2.121149232865369413e+03 2.007360423195439944e+04 1.795245499908903003e+04 1.138502566352081358e+00 -3.460321129529619899e-02 2.249278502868804208e+04
4.667054672282084539e+03 2.423810729768484453e+04 1.957105262540276090e+04 1.405834289870839582e+00 -1.685041365540624059e-01 2.527847753312820350e+04
1.211554403045534309e+04 3.419245031392863893e+04 2.207690628347329766e+04 1.694795045906061448e+00 1.134469409468402273e-01 4.650726068190806836e+04
