4.790958884619957558e+01 2.161201276715452695e+04 2.156410317830832719e+04 1.155035279061982084e-01 -3.016107902357076376e-01 2.177192866596690874e+04
5.158460103569141353e+01 2.431712922576252822e+04 2.426554462472683736e+04 3.138899453250474925e-01 -1.752083285767470633e-01 2.445295860929866831e+04
7.416965116533194191e+01 1.941515981345208274e+04 1.934099016228675100e+04 8.944546411714666689e-01 -1.701098884962210234e-01 1.932538639249893822e+04
1.646297599053114880e+02 2.035009531952636826e+04 2.018546555962105776e+04 2.493293317171650092e-01 2.646290818283603130e-02 2.051687093468258536e+04
1.831709110957456232e+02 1.867019644705404789e+04 1.848702553595830250e+04 4.590101050030268026e-01 2.637809936857661852e-01 1.863212694187145826e+04
3.632605422455476969e+02 1.901237301330083210e+04 1.864911247105528309e+04 8.126438604054203596e-01 1.891391158923072247e-01 1.936261483563389265e+04
8.744876336535343171e+02 1.876548119996035894e+04 1.789099356630682450e+04 1.128734456281634380e+00 5.166623210009507750e-02 1.909581294887486729e+04
2.043332751343517430e+03 2.001876823126398813e+04 1.797543547992047024e+04 1.254254912537186462e+00 1.796283534070619234e-02 2.226535430365235516e+04
4.513754727568599264e+03 2.400751882771008968e+04 1.949376410014148860e+04 1.423214514191424307e+00 4.410110032113132711e-02 2.473683038918507373e+04
1.146215586579066439e+04 3.379627628725092654e+04 2.233412042146026215e+04 1.688539631705770150e+00 -5.006448587796034216e-02 4.561382646688036039e+04
