5.049362429886930670e+01 2.163052396376157049e+04 2.158003033946270079e+04 -1.903605232136414485e-02 -2.133494474559070320e-01 2.165640994031714945e+04
5.165704938555985848e+01 2.429941030460620095e+04 2.424775325522063940e+04 3.351247334574059544e-01 -1.236362412397527949e-01 2.450524207510032647e+04
7.138039691800501885e+01 1.940233764651772799e+04 1.933095724959972358e+04 8.549502225132754596e-01 -2.033906466398633928e-01 1.912746911418673335e+04
1.616103282547491062e+02 2.031991106548791504e+04 2.015830073723316673e+04 2.298131874323814383e-01 1.331815820494927638e-01 2.055139677259279051e+04
1.915806328083839674e+02 1.867627529632687947e+04 1.848469466351849405e+04 5.682216391229044650e-01 1.399979343082191352e-01 1.846949231892389071e+04
3.635421196402406281e+02 1.904835098214291429e+04 1.868480886250267213e+04 5.971128728984311795e-01 3.311627806743475122e-01 1.939844820804979827e+04
8.762985773915095251e+02 1.874665515173440508e+04 1.787035657434289533e+04 1.212249226236915556e+00 1.239784961358331022e-01 1.905241526167485790e+04
2.112988087493864441e+03 2.005980274189039483e+04 1.794681465439653039e+04 1.165287685547555796e+00 -1.367052942277343719e-03 2.233902635615169129e+04
4.581011950836421420e+03 2.394371684937245664e+04 1.936270489853603431e+04 1.417415545111574637e+00 1.348765153313494052e-02 2.502321157566155671e+04
1.179013396268414544e+04 3.381522534917656594e+04 2.202509138649242232e+04 2.198451898685294115e+00 1.380902573764888619e-01 4.569065281701425556e+04
