5.089822872689244804e+01 2.160737726958435451e+04 2.155647904085746268e+04 1.146572068873676353e-01 -6.671669779658308264e-02 2.173423834602668285e+04
5.068320277342763092e+01 2.430241407118164716e+04 2.425173086840821998e+04 3.017216468477894042e-01 -9.446639234083971381e-02 2.458573204427321252e+04
7.231325950064132257e+01 1.940028022296036579e+04 1.932796696345972305e+04 9.384496569268510058e-01 -1.483263072115469372e-01 1.928669398693198673e+04
1.588112046116163185e+02 2.035512100033212846e+04 2.019630979572051365e+04 2.197372537159884009e-01 -9.303995989534714905e-02 2.048366407337034252e+04
1.890214705900699812e+02 1.865620553074563577e+04 1.846718406015556684e+04 5.128900698891596388e-01 2.467480871525618014e-01 1.850233629585767267e+04
3.747759189292822271e+02 1.903904240615127856e+04 1.866426648722199752e+04 7.223769226114021835e-01 1.131429769511224648e-01 1.920000365231314208e+04
8.162289759947395851e+02 1.870018220340866174e+04 1.788395322741392374e+04 1.080699885291187767e+00 5.388828051179254258e-02 1.886267013117062379e+04
2.124120205660376541e+03 2.005517726392981785e+04 1.793105705826944177e+04 9.904701528207384698e-01 -4.849552409035229328e-02 2.217970455790326014e+04
4.684659793832125615e+03 2.411414340146313043e+04 1.942948360763100573e+04 1.695198468902673783e+00 4.915358036604220576e-02 2.530211146211253799e+04
1.214728172632809765e+04 3.454154309163431753e+04 2.239426136530622171e+04 1.704201914784239102e+00 2.922060339198706558e-02 4.868668495869804610e+04
