5.051597654901512868e+01 2.162768576151109664e+04 2.157716978496208321e+04 1.107124960429613642e-01 -2.865735452218221568e-01 2.170464307167061997e+04
5.267991838856519848e+01 2.428808322583840709e+04 2.423540330744984021e+04 3.570441780167278867e-01 -1.958891146237947689e-01 2.463931097744663202e+04
7.254981477185009453e+01 1.940317782078120581e+04 1.933062800600935589e+04 8.138991612787377372e-01 -1.783655030086051807e-01 1.919858090057172012e+04
1.657586983269856091e+02 2.032678440590218088e+04 2.016102570757519425e+04 1.940004717415757529e-01 1.473938305053381081e-01 2.048884261031800634e+04
1.910333313120866592e+02 1.866691409935150295e+04 1.847588076803941658e+04 6.090688546879251541e-01 2.244782337517320092e-01 1.856399584232404959e+04
3.799917476593398646e+02 1.903207131553549334e+04 1.865207956787615331e+04 6.718695045512315112e-01 2.898552570184369515e-01 1.946840426600258797e+04
8.886146066954706839e+02 1.878993213226279113e+04 1.790131752556731954e+04 1.138262982356027520e+00 1.020157033035302557e-01 1.902868503409739424e+04
2.147388705644520542e+03 2.009423465156200473e+04 1.794684594591748464e+04 1.106293095536876159e+00 -9.732988958071246699e-02 2.226930074024153510e+04
4.640862693300686260e+03 2.416673305156005881e+04 1.952587035825937346e+04 1.423576893162868506e+00 -8.555400920631851466e-03 2.528592411712467583e+04
1.160389542718067059e+04 3.350198597202164819e+04 2.189809054484097578e+04 1.646335030488799589e+00 -4.828922908656430729e-02 4.443491890945166233e+04
