4.943259364720586291e+01 2.161693717374834523e+04 2.156750458010114016e+04 -2.252607582958884511e-02 -3.296129834900264899e-01 2.174074636880985781e+04
5.134370172379369990e+01 2.428256404965415641e+04 2.423122034793036437e+04 5.431743449942678659e-01 -1.281381523657526555e-01 2.433034359839259923e+04
7.340439436261547712e+01 1.945389987341286178e+04 1.938049547905024519e+04 9.140585852812170842e-01 -9.394437343513967198e-02 1.919817293701409289e+04
1.616385633981309695e+02 2.033217174515512670e+04 2.017053318175699678e+04 2.332192485239508173e-01 -1.248938220712701996e-01 2.044944896165183309e+04
1.920886624405194425e+02 1.863907489957301732e+04 1.844698623713249617e+04 8.723542301572422275e-01 1.693111801853332266e-01 1.850113062535292920e+04
3.803569688753018454e+02 1.902629016345681157e+04 1.864593319458151018e+04 6.999169108177983878e-01 2.244471826386928159e-01 1.954960902114493729e+04
8.296676565602336950e+02 1.871592285731289303e+04 1.788625520075266104e+04 1.161344950632696049e+00 3.322333111887926932e-02 1.901342437981409603e+04
2.131852128677694964e+03 2.008789689724247364e+04 1.795604476856477777e+04 1.337329981766801623e+00 -9.521069345750959867e-02 2.243810266549925655e+04
4.406099173188642453e+03 2.394750005712694838e+04 1.954140088393830592e+04 1.209843758956154813e+00 -3.605292391339029456e-02 2.436822768962054761e+04
1.139190877256710883e+04 3.356679158922400529e+04 2.217488281665689647e+04 1.843066367945386475e+00 1.206526681696831332e-01 4.654062676276377897e+04
