5.119246077471810707e+01 2.162641432248534693e+04 2.157522186171063004e+04 4.367730291518297503e-01 -1.387064901821240650e-03 2.171094143621736657e+04
5.104366363706095910e+01 2.428688733995367875e+04 2.423584367631661735e+04 2.723490333758740722e-01 -1.549249087186277130e-01 2.427704911649532733e+04
7.595120062451421461e+01 1.939490107997101586e+04 1.931894987934650271e+04 9.268188367373761949e-01 -1.202796914410174806e-01 1.922893983429562286e+04
1.684165757948074145e+02 2.030738895150716417e+04 2.013897237571235746e+04 2.424092555588600595e-01 -7.076039076551515761e-02 2.045650232038757895e+04
1.893469281561330888e+02 1.863220376303922967e+04 1.844285683488309587e+04 6.042472076053164720e-01 1.034897411372769777e-01 1.837716778746336786e+04
3.788919624001652551e+02 1.902440432814427913e+04 1.864551236574411450e+04 6.545685847639780564e-01 1.114123647912471510e-01 1.931074088557188225e+04
8.696776173079570071e+02 1.874367002739715826e+04 1.787399241008920217e+04 9.991471589969885825e-01 3.992727691022528863e-02 1.899270790482465236e+04
2.082213232837162195e+03 2.004812181963066541e+04 1.796590858679350276e+04 1.186758965526425236e+00 -1.235239501485927739e-02 2.232250683322162513e+04
4.619818156801616169e+03 2.426350910535655566e+04 1.964369094855494041e+04 1.408328370059364731e+00 2.336502476522244257e-02 2.526544790053337056e+04
1.190997535308547231e+04 3.422254001219066413e+04 2.231256465910519182e+04 1.609244577291734091e+00 4.463851260778143454e-02 4.793098337323165470e+04
