5.361079488177437469e+01 2.162977389653261707e+04 2.157616310165084360e+04 3.263905404382455577e-01 -6.946162147969110745e-02 2.166621753980080757e+04
5.123123503033798443e+01 2.429463142877420978e+04 2.424340019374387339e+04 3.321195344916758052e-01 -1.272172898347850023e-01 2.446810836206463136e+04
6.962680867069262547e+01 1.942241268956786007e+04 1.935278588089716868e+04 8.636332546377247787e-01 -1.790848747051059509e-01 1.918740382214215424e+04
1.564912679637527617e+02 2.028715893627937839e+04 2.013066766831562563e+04 2.126008595132199419e-01 -3.033371949896178713e-02 2.044754323730016404e+04
1.897533763269271958e+02 1.866554862266440614e+04 1.847579524633747860e+04 4.806712699856394155e-01 8.616139042492437783e-02 1.853403803297839477e+04
3.565434300075574470e+02 1.905555628180271378e+04 1.869901285179515617e+04 7.572607192808672449e-01 1.330884002047317827e-01 1.947705559357431412e+04
8.575198119456074437e+02 1.876499200656298126e+04 1.790747219461737404e+04 1.269702876186785012e+00 2.014833340031686737e-01 1.905984631727061787e+04
2.078529517651864353e+03 2.002575766958130407e+04 1.794722815192944108e+04 1.051596274716632751e+00 -5.227690233223358796e-02 2.242616651870111673e+04
4.496895267679744393e+03 2.392005864977482997e+04 1.942316338209508467e+04 1.475201443054676043e+00 7.005616145346441580e-03 2.472223350273042524e+04
1.122485888178405730e+04 3.326917249394227838e+04 2.204431361215822108e+04 1.691811831208881012e+00 2.775070822415670602e-02 4.476631927300987445e+04
