5.275819748300755663e+01 2.160663476967905808e+04 2.155387657219605171e+04 2.551425740937879327e-02 -6.571693193021746482e-02 2.170878445587460010e+04
5.141246787012447328e+01 2.427496956147154197e+04 2.422355709360141918e+04 3.026612360514495670e-01 -1.444286518574893485e-01 2.448147667913733312e+04
7.116115119178776638e+01 1.945261038376770375e+04 1.938144923257591654e+04 9.058463253662664139e-01 -1.919536746308802277e-01 1.924562803590464682e+04
1.624547951126779139e+02 2.034577084499876582e+04 2.018331604988608888e+04 2.290827889542774720e-01 -2.164589031742762126e-01 2.043854056463595407e+04
1.961838563329251315e+02 1.863458538231108105e+04 1.843840152597815541e+04 6.033822585002049932e-01 1.260692119544186696e-01 1.842871097603505768e+04
3.690880514746557424e+02 1.903802993457594857e+04 1.866894188310129175e+04 5.855786353290124424e-01 2.285176327012051478e-01 1.939300822069021888e+04
8.436155956236976863e+02 1.876004545181404683e+04 1.791642985619034880e+04 1.146504215586339859e+00 7.992501397018791920e-02 1.905809379924651512e+04
2.090937753318861724e+03 2.005558966397014592e+04 1.796465191065128602e+04 1.182545494145774478e+00 -1.015454360092759578e-01 2.227523184459806725e+04
4.535186485084617743e+03 2.393766085535717866e+04 1.940247437027256092e+04 1.433374927754061501e+00 -1.330431292450613874e-02 2.510484776538566075e+04
1.122994884697395901e+04 3.305198077448247932e+04 2.182203192750852031e+04 1.628484403529594227e+00 6.763233421621507591e-02 4.418987165532892686e+04
