4.723749476272831771e+01 2.161299375731349573e+04 2.156575626255076713e+04 9.129027038707566988e-02 -3.229545776507904420e-01 2.168208838298563569e+04
5.157583456948328404e+01 2.428576856694578964e+04 2.423419273237630478e+04 4.329767906336796091e-01 -4.316080060712983862e-02 2.446001651642363504e+04
7.433529856312942741e+01 1.943570670668584353e+04 1.936137140812271537e+04 8.361517594152422239e-01 -2.317926687519407947e-01 1.927458914066006764e+04
1.636687470108289233e+02 2.031140328978080288e+04 2.014773454276997290e+04 2.557207671555490891e-01 -1.244666248293712675e-02 2.049077018846671854e+04
1.963812781011114623e+02 1.865188290359262828e+04 1.845550162549151719e+04 5.173189022060075137e-01 2.305416866494842398e-01 1.854023912081504022e+04
3.608239383705882801e+02 1.905268864329643839e+04 1.869186470492585067e+04 6.813615270333911456e-01 1.659223283726624920e-01 1.934749282962330471e+04
8.686146967541519643e+02 1.874592940763951265e+04 1.787731471088535909e+04 1.117713098437888020e+00 1.844130850476808359e-01 1.889395886333878298e+04
2.051273023609611755e+03 2.000686965203235741e+04 1.795559662842274702e+04 1.326168006178463532e+00 -1.092099052226626864e-02 2.208001636314190182e+04
4.557915211271941189e+03 2.419506564879069992e+04 1.963715043751875783e+04 1.321744944206997507e+00 -1.072065813989255406e-01 2.495125256893941696e+04
1.178686332277626570e+04 3.375735333852884651e+04 2.197049001575258080e+04 1.543143246299806925e+00 2.852193498103930067e-02 4.561368033275565540e+04
