5.064291437003909380e+01 2.161085286626227389e+04 2.156020995189223322e+04 9.277227138866815659e-02 -2.074979773697422092e-01 2.178777978467216963e+04
5.207053121339683344e+01 2.428211503427740899e+04 2.423004450306401122e+04 3.419450860088629196e-01 -1.595628106420543257e-01 2.443324598518583298e+04
7.177406428520978920e+01 1.939884375601615102e+04 1.932706969173093967e+04 8.047387998883408500e-01 -1.648800302435080856e-01 1.914640834859598544e+04
1.629082552499123153e+02 2.032893629322080960e+04 2.016602803797089655e+04 2.182381331395097934e-01 -2.199103597949703462e-02 2.040118822350756818e+04
1.909442493581547637e+02 1.865652604617795805e+04 1.846558179681980255e+04 7.875887571948710919e-01 2.884077992495974740e-01 1.842804339197266745e+04
3.681404266427780385e+02 1.901357098278614649e+04 1.864543055614336845e+04 6.332394067513240632e-01 1.907179455333265494e-01 1.932455142783674819e+04
9.194922971090691135e+02 1.880772692939360786e+04 1.788823463228454057e+04 1.086961012061002263e+00 6.182765948487752711e-02 1.911070314342405618e+04
1.999771013579685132e+03 1.999139363030208551e+04 1.799162261672240129e+04 1.255536523023949469e+00 -1.175431568334039806e-01 2.211397079965974626e+04
4.760537011028314737e+03 2.421524067700995874e+04 1.945470366598164401e+04 1.373269142882038496e+00 3.136607108989272058e-02 2.529512526129223988e+04
1.155202625080735197e+04 3.355630068951540306e+04 2.200427443870805291e+04 1.774319002066534035e+00 -4.261100474585057668e-02 4.553574682642105472e+04
