4.874425550233108595e+01 2.160980749301319520e+04 2.156106323751086529e+04 1.285315025384121124e-01 -2.096884878038025868e-01 2.155927221953984190e+04
5.453003311985170853e+01 2.424909884206607603e+04 2.419456880894622373e+04 4.777878840184945908e-01 -7.967916156029260233e-02 2.430656804588709201e+04
7.276810831355405185e+01 1.946437441877897800e+04 1.939160631046542403e+04 8.571920134106131295e-01 -1.150538141550603716e-01 1.925934082885345197e+04
1.707761433985787960e+02 2.030161854179463262e+04 2.013084239839605289e+04 2.155891397667824838e-01 7.309865798043979623e-02 2.038813290223466538e+04
1.834358720928752007e+02 1.868262686569591824e+04 1.849919099360304244e+04 7.629824173823277489e-01 1.257809434812601213e-01 1.856295776498715713e+04
3.586175612738691711e+02 1.906987393600046926e+04 1.871125637472659946e+04 6.054243334177693558e-01 4.047479429865317724e-01 1.945560308443381291e+04
8.778318590826581840e+02 1.875444790060681771e+04 1.787661604152416112e+04 1.101997167799855237e+00 1.188576620663214650e-01 1.901387216464924131e+04
2.124419394187101716e+03 2.011633656281026197e+04 1.799191716862316025e+04 1.103731518151120694e+00 -2.999109351929593603e-02 2.225400887194833194e+04
4.423649313780655575e+03 2.392767426776428329e+04 1.950402495398362953e+04 1.595492688565667505e+00 -2.522572116020554631e-02 2.471588662774478144e+04
1.185419943167079873e+04 3.387530572774689790e+04 2.202110629607609735e+04 1.661344960566667917e+00 9.928603363402226101e-02 4.580893374051427236e+04
