5.102073171977985311e+01 2.160518749695878432e+04 2.155416676523900605e+04 3.051394354636785544e-01 -1.531435740053346262e-01 2.166904474723278327e+04
4.986975646562932241e+01 2.427269731595033591e+04 2.422282755948470731e+04 3.999867931847672087e-01 -3.143957235312296317e-01 2.433287504394110510e+04
7.319419783175224836e+01 1.945020564140580245e+04 1.937701144357405065e+04 8.639645875304906575e-01 -2.354081168582566053e-01 1.927655004630438270e+04
1.644155502167980956e+02 2.032697748663456150e+04 2.016256193641776190e+04 2.248806268683340159e-01 1.537001836325625204e-01 2.055516445667103108e+04
1.859888908592760401e+02 1.864260019256029409e+04 1.845661130170101751e+04 5.495684183607240092e-01 1.106203835019659021e-01 1.844660327436764419e+04
3.655996208428786076e+02 1.907248242963592566e+04 1.870688280879304875e+04 6.575941242033541689e-01 3.502379630579186554e-01 1.937104445583218330e+04
8.584068037432059555e+02 1.876262176757869383e+04 1.790421496383548947e+04 9.909857832098466490e-01 2.168161840914380745e-01 1.897112273568508317e+04
2.045416488456022535e+03 2.003090966902556829e+04 1.798549318056954507e+04 1.092012076381726038e+00 5.810256911972772054e-02 2.228781534521265348e+04
4.646683602140858056e+03 2.412249214279838998e+04 1.947580854065753374e+04 1.523155503107636699e+00 -1.633546782409841386e-02 2.512868791432333819e+04
1.191174999388641845e+04 3.422933893572619854e+04 2.231758894183977827e+04 1.728231755044457030e+00 8.846394367017103300e-02 4.703788650077973580e+04
