4.910481658446783371e+01 2.162054638537095161e+04 2.157144156878648209e+04 -1.156606872899478972e-01 -8.305495306067639527e-02 2.172821434022403628e+04
5.136580095710971960e+01 2.430128822681729071e+04 2.424992242586018256e+04 2.809586888400776306e-01 -5.794269313259416826e-02 2.448320164334756919e+04
7.134752994347581989e+01 1.941837251489833579e+04 1.934702498495485997e+04 8.631655668332710585e-01 -1.517267588120805033e-01 1.929309285473137425e+04
1.616731416044235345e+02 2.031072985534205145e+04 2.014905671373762743e+04 2.353998176777614970e-01 -2.616164928400340206e-01 2.039424964690784691e+04
1.957759006418412469e+02 1.864355278488678232e+04 1.844777688424494045e+04 6.562543314559586838e-01 -5.181844622960612295e-02 1.851951792735538402e+04
3.703982741555155371e+02 1.900332387076148370e+04 1.863292559660596817e+04 6.450724871977232544e-01 2.369971992197327237e-01 1.921533566357364543e+04
8.469334677754591212e+02 1.875383573992917809e+04 1.790690227215371851e+04 1.221279582224903182e+00 1.314303503147992158e-01 1.901094842123083436e+04
2.120991602839833831e+03 2.011089912033887231e+04 1.798990751749903939e+04 1.269647659688224017e+00 -1.774798874035927732e-01 2.239207074497207577e+04
4.409235454754290004e+03 2.385303758979550184e+04 1.944380213504121275e+04 1.613850836431462987e+00 -1.368388478627818594e-01 2.458202806700079964e+04
1.224481794920614993e+04 3.445420329714602849e+04 2.220938534793987856e+04 1.995273551684800140e+00 4.859285357527332039e-02 4.689400833184627845e+04
