4.980153684547019566e+01 2.163229943108998486e+04 2.158249789424451592e+04 1.605162333596779900e-01 -2.639460750527246602e-01 2.178440964831108431e+04
5.044116340992776060e+01 2.433125830640223285e+04 2.428081714299230589e+04 3.000958799141835165e-01 -1.437447978126612236e-01 2.451353260006400160e+04
7.038322669211478910e+01 1.938727026901645149e+04 1.931688704232433520e+04 8.336635458794720011e-01 -1.382791639467105815e-01 1.914953753126606898e+04
1.643969869693793271e+02 2.032722404529566120e+04 2.016282705832628199e+04 2.061660514522224708e-01 5.487940005598255372e-02 2.048370852328592446e+04
1.870896778644241181e+02 1.864360278038111937e+04 1.845651310251669565e+04 5.084328180619386295e-01 1.330350557882293561e-01 1.838654007205038579e+04
3.603241339366041416e+02 1.901802840410736826e+04 1.865770427017076508e+04 7.492624966893072225e-01 3.707087750051898389e-01 1.927021537009056919e+04
8.474359475894058278e+02 1.873079624986785348e+04 1.788336030227844822e+04 1.142769601304113758e+00 -3.895527143786203100e-02 1.904129738673503380e+04
2.044006984073665080e+03 2.001617442062756527e+04 1.797216743655390019e+04 1.051510321718744922e+00 -2.764948186624401408e-02 2.244199716620495747e+04
4.628781790276393622e+03 2.423447427687954769e+04 1.960569248660315498e+04 1.368212605326119435e+00 8.476342321351885631e-03 2.508785701872560458e+04
1.225126627378411831e+04 3.497983333810631302e+04 2.272856706432219653e+04 1.520948153641197509e+00 7.421035924375486703e-02 4.746122963033664564e+04
