4.860159788006298243e+01 2.161153046957253900e+04 2.156292887169247479e+04 2.470112463681077564e-01 -2.441725781050730071e-01 2.159379457908495169e+04
5.055227609993220739e+01 2.428169496083461490e+04 2.423114268473468110e+04 3.263109008400351674e-01 -2.536743682420063428e-01 2.456352582878823887e+04
7.143232915235074643e+01 1.943926084935861945e+04 1.936782852020626888e+04 8.309988447183016547e-01 -1.549505648021959059e-01 1.923045505441129353e+04
1.605501947075814257e+02 2.032700834055497035e+04 2.016645814584738764e+04 2.281187203872909741e-01 -1.146793467071462042e-01 2.040517071564828802e+04
1.939751559555294307e+02 1.863859215286275503e+04 1.844461699690722526e+04 5.346741751623828032e-01 2.330468114059182916e-01 1.847635119716610643e+04
3.770183223742966447e+02 1.902698332682362161e+04 1.864996500444932462e+04 6.378876175963528183e-01 4.680082625777307742e-02 1.936321473934520691e+04
8.497697844607877187e+02 1.875931763620861966e+04 1.790954785174783319e+04 1.176849699012779915e+00 1.686032195118852550e-01 1.911031946145751499e+04
2.111555784121985653e+03 2.006101023544690179e+04 1.794945445132491659e+04 1.204600761201266801e+00 -8.139957219781439324e-02 2.222155645824588282e+04
4.772287400808647362e+03 2.429849871458432244e+04 1.952621131377567508e+04 1.294119765357859109e+00 8.661739450511579674e-02 2.526941334305698911e+04
1.195957996619547521e+04 3.404061083846617112e+04 2.208103087227069773e+04 1.753444846200176599e+00 8.584571834707836746e-02 4.649141776131641382e+04
