4.826847940003455051e+01 2.163950279105013396e+04 2.159123431165009970e+04 -1.038661023251353649e-01 -9.221437959066776380e-02 2.189119394114840179e+04
5.148001853985586251e+01 2.429804955390753457e+04 2.424656953536767833e+04 2.847307836079392973e-01 -9.030927723171915111e-02 2.439399288376498953e+04
7.076620206859993800e+01 1.941524159762877025e+04 1.934447539556017000e+04 9.045462791032762295e-01 -3.602932534705342166e-02 1.925370726588299658e+04
1.612245366260867456e+02 2.033957654351821839e+04 2.017835200689213161e+04 2.234666174276421502e-01 -9.898240452027973202e-02 2.051195021644289955e+04
1.938168592633526259e+02 1.864279190917743108e+04 1.844897504991407914e+04 5.767826546304047897e-01 1.583791718672961091e-01 1.860492544921173248e+04
3.713344737022364370e+02 1.902618824903195855e+04 1.865485377532972052e+04 6.997530220940135770e-01 1.269270372160467286e-01 1.940906525014982981e+04
8.384981594677443582e+02 1.872292091108016029e+04 1.788442275161241560e+04 1.056835011319257722e+00 1.201745660496713053e-01 1.899522593915439575e+04
2.157280853310170642e+03 2.012097342979005771e+04 1.796369257647988707e+04 1.126659836034197060e+00 -1.910149048896375990e-01 2.248428310545852946e+04
4.582591563361069348e+03 2.416863939058564210e+04 1.958604782722457458e+04 1.312456924422202853e+00 -8.290980944225036231e-02 2.507099063944945374e+04
1.211473322499888673e+04 3.430371388583223597e+04 2.218898066083334925e+04 1.632202058984417947e+00 3.836403877669711162e-03 4.753721232820702426e+04
