4.982257015279458301e+01 2.161320172236869257e+04 2.156337915221589719e+04 -1.392769128364471642e-01 -2.092214793949456197e-01 2.166650434488278188e+04
5.016004926996587443e+01 2.432732706801440145e+04 2.427716701874443606e+04 6.581073164572740497e-01 -1.915991085200171862e-01 2.456334951932090553e+04
7.283318680061620398e+01 1.942586959343836497e+04 1.935303640663774786e+04 8.298138121897157271e-01 -7.531020245983317818e-02 1.927766924043739346e+04
1.679214509408490414e+02 2.031086767577621504e+04 2.014294622483536659e+04 2.754310453083371191e-01 -1.144359091271266865e-01 2.035093191608812776e+04
1.917445782431275347e+02 1.864740013629496752e+04 1.845565555805183976e+04 5.730939218944827163e-01 1.147904032546856051e-01 1.851567590967731303e+04
3.769383656601968369e+02 1.908543946033863904e+04 1.870850109467844231e+04 6.193143890321275435e-01 2.277212339727482104e-01 1.957761921514057394e+04
8.563476644598192706e+02 1.872439854088066932e+04 1.786805087642084982e+04 1.131858914908266955e+00 1.533428837685784363e-01 1.896827619270425930e+04
2.043439434138917704e+03 2.001673272245056069e+04 1.797329328831164457e+04 1.114225795273693143e+00 2.535639207323627312e-02 2.215534818332620853e+04
4.468143887678248575e+03 2.398612952284666972e+04 1.951798563516842114e+04 1.423821131552551300e+00 6.776330643668238007e-02 2.474223304150293188e+04
1.107459608272367950e+04 3.317580887322814669e+04 2.210121279050446901e+04 1.535067756623263335e+00 6.129167879160828808e-02 4.395295815006567136e+04
