4.751391007646911646e+01 2.162559115265101718e+04 2.157807724257454902e+04 3.551449236142351640e-01 -2.168438356366804431e-01 2.167388920416508699e+04
4.794997271382589332e+01 2.432547421933276564e+04 2.427752424661894111e+04 6.338013219805743725e-01 -2.125553822482255939e-01 2.453905483395188276e+04
7.170502511077005181e+01 1.940907929795740711e+04 1.933737427284663863e+04 8.556155995553695881e-01 -1.272349155117237229e-01 1.919055419621308101e+04
1.666573239112744034e+02 2.032762655017416910e+04 2.016096922626289597e+04 2.127022157761552512e-01 7.338392042501529211e-02 2.046868501381172246e+04
1.810519181394998327e+02 1.865900338619420290e+04 1.847795146805470358e+04 5.629990829595092894e-01 1.925976288188088192e-01 1.848255818139296025e+04
3.646692741175878041e+02 1.906031783622278090e+04 1.869564856210519429e+04 7.727014819701985004e-01 2.844714939675758725e-01 1.964865443802145091e+04
8.911147377295661727e+02 1.875108549133083216e+04 1.785997075360126473e+04 1.164843724965280991e+00 7.921467764027108338e-02 1.896678680848170552e+04
2.057608617811076783e+03 2.000763532605832006e+04 1.795002670824724191e+04 1.195070396463222329e+00 -1.760342624827311575e-01 2.207837220759631600e+04
4.652647771370875489e+03 2.411029639736992976e+04 1.945764862599905609e+04 1.348892479288814172e+00 -2.709058269766223982e-03 2.511032285610113831e+04
1.186305840050522420e+04 3.402870100405990524e+04 2.216564260355468286e+04 1.648362004595332664e+00 2.254516207971763997e-01 4.604393446213692368e+04
