4.915091482531541800e+01 2.165046507806528825e+04 2.160131416323997109e+04 1.812149963702748279e-01 -1.441715154373148788e-01 2.177915023294612911e+04
5.068113592641160636e+01 2.428809304277218689e+04 2.423741190684577668e+04 4.629508476471644873e-01 -2.486930885799492827e-02 2.443750459201068588e+04
7.088290543122471377e+01 1.941858687388256294e+04 1.934770396845133655e+04 8.265574489766223110e-01 -2.219262296867892115e-01 1.950408156846950078e+04
1.651621344284784527e+02 2.031196053424954152e+04 2.014679839982106205e+04 1.934390927922713388e-01 -1.720774907614264215e-01 2.044299390954103728e+04
1.913094319537338777e+02 1.862770151953191817e+04 1.843639208757818415e+04 6.642523098264746517e-01 1.146977613354348974e-01 1.854742764853914559e+04
3.913736133641981496e+02 1.900355972849025420e+04 1.861218611512605639e+04 6.825932674466469452e-01 2.047693553564291502e-01 1.923672322659315614e+04
8.426105698491371641e+02 1.874175817800663208e+04 1.789914760815749469e+04 1.037408817234218850e+00 5.146003055614215699e-02 1.893445788036215527e+04
2.045499007290337204e+03 1.998581484555149655e+04 1.794031583826115821e+04 1.182942121024538551e+00 -5.375922315864321149e-02 2.218952249893360931e+04
4.513357421222246558e+03 2.390490044605842195e+04 1.939154302483617357e+04 1.681426998366020831e+00 -1.101386407775770127e-01 2.496133323060352632e+04
1.142417089030547504e+04 3.374518702691938233e+04 2.232101613661390729e+04 1.774595673820546393e+00 -4.648720159543634489e-02 4.513700676374067552e+04
