4.989053990894407065e+01 2.161167439178324275e+04 2.156178385187429740e+04 4.434576892598093845e-01 -2.525063146529444302e-01 2.182335629095852710e+04
5.173862684829104097e+01 2.428820551723961398e+04 2.423646689039132252e+04 4.266233582968392835e-01 -1.597988665283582022e-01 2.434179435245006607e+04
7.062506475536741846e+01 1.941370648830489517e+04 1.934308142354952724e+04 8.184260061592810720e-01 -1.698511620048421544e-01 1.923215483946931272e+04
1.640220870388463084e+02 2.031785044534300687e+04 2.015382835830415934e+04 2.235087835555050750e-01 -3.736929927955300740e-02 2.031211781669149423e+04
1.885909483325671090e+02 1.866561600432381601e+04 1.847702505599124925e+04 4.523060846302632831e-01 1.400559117085483363e-01 1.850506295878376113e+04
3.702268445513297479e+02 1.907569393595992369e+04 1.870546709140859457e+04 7.052605623183335615e-01 1.200913261907632507e-01 1.964403372545419552e+04
8.652350966317350185e+02 1.875224896591889774e+04 1.788701386928716238e+04 1.037254727028567247e+00 1.459973177856971616e-01 1.901492409528615826e+04
2.099414347203092802e+03 2.006173973536502672e+04 1.796232538816193482e+04 1.078493626528383098e+00 2.301639020025621554e-02 2.229955005027366497e+04
4.482741533549857195e+03 2.395611506294145147e+04 1.947337352939159609e+04 1.343318239051655150e+00 -7.152398041928233197e-02 2.460885172203767797e+04
1.275762106774806125e+04 3.495144837337800709e+04 2.219382730562994402e+04 1.495039945001580106e+00 1.443910865102081406e-03 4.718166858481112286e+04
