4.642923089336001397e+01 2.162697059398580677e+04 2.158054136309244495e+04 -9.107893072182259020e-03 -2.261902754654470382e-01 2.168807747561555152e+04
5.059249646372970233e+01 2.427434648951226700e+04 2.422375399304853636e+04 4.980662234127133381e-01 -2.027985809493323410e-01 2.429680417473448688e+04
7.220158714173750525e+01 1.939627421413618868e+04 1.932407262699444982e+04 7.687567784174446084e-01 -2.055314213278014446e-01 1.932608091117293225e+04
1.598937358726685432e+02 2.030240062108542406e+04 2.014250688521275515e+04 1.914614645110952473e-01 -5.069371744328915810e-03 2.036469671725533772e+04
1.944206784336759313e+02 1.862542018678280147e+04 1.843099950834912670e+04 6.234081078808250131e-01 4.905381130106593185e-02 1.848020798156704041e+04
3.655467986146682051e+02 1.905664812206607894e+04 1.869110132345141028e+04 7.654301378688971313e-01 1.307459728548993616e-01 1.955552689985718825e+04
8.697655758054651187e+02 1.877180974792995039e+04 1.790204417212448607e+04 1.132009674248083408e+00 1.606479794947464068e-01 1.905404548999315375e+04
2.188234003499999289e+03 2.016931599397762329e+04 1.798108199047762537e+04 1.240136098918876328e+00 1.378778013214893294e-01 2.267674200380673210e+04
4.654175935321079123e+03 2.413310708970693304e+04 1.947893115438585301e+04 1.525921670354895454e+00 -1.905184250980387073e-01 2.521758825033437097e+04
1.164940142593461496e+04 3.397192933663853910e+04 2.232252791070392414e+04 1.736197744397925069e+00 6.000222184730217602e-03 4.523536350310476701e+04
