4.653370069512124729e+01 2.160792438905260860e+04 2.156139068835748913e+04 -1.551264624555096505e-01 -2.330395699539446197e-01 2.165444267131055312e+04
5.110987299238708204e+01 2.428551076398873920e+04 2.423440089099635225e+04 3.266082500411154332e-01 -9.119500575277834920e-02 2.449579697855909035e+04
7.575863193122842176e+01 1.939492699191347492e+04 1.931916835998224633e+04 8.325002180421549047e-01 -1.004375355759787314e-01 1.921722131319551045e+04
1.607404232080104407e+02 2.028232465205907283e+04 2.012158422885106120e+04 2.334740031223649648e-01 3.898545813250085118e-02 2.048189117599585370e+04
1.902033421563596107e+02 1.865775641661061672e+04 1.846755307445425569e+04 6.540899514850001539e-01 8.148016592861366536e-02 1.855585243237855320e+04
3.672479845722401137e+02 1.905402887766968342e+04 1.868678089309744246e+04 6.034058515023249525e-01 1.439379452369619339e-01 1.933633130167819400e+04
8.814528578633357938e+02 1.879468551974360162e+04 1.791323266188026537e+04 1.154937286435407051e+00 1.038588460952914044e-01 1.913666122538085256e+04
2.118403147598193755e+03 2.011060287555634932e+04 1.799219972795815556e+04 1.712499849832840759e+00 -5.260093409531219760e-02 2.251165203168195512e+04
4.715546870309619408e+03 2.433212232480106468e+04 1.961657545449144527e+04 1.625185147777272299e+00 7.821537316817499252e-02 2.551012718317496183e+04
1.181023965829193548e+04 3.386868776546564914e+04 2.205844810717371365e+04 1.547632594363030023e+00 2.980845970090042693e-02 4.683158183378925605e+04
