5.149112868773769236e+01 2.158836956265562912e+04 2.153687843396789322e+04 3.721112609750461542e-01 -1.450304481658658551e-01 2.158347926412666493e+04
4.941287662916067092e+01 2.427847908006935904e+04 2.422906620344019757e+04 5.070602838039902638e-01 -1.573650385806238672e-01 2.444768265934868032e+04
7.138124863208450677e+01 1.942633774761949462e+04 1.935495649898740885e+04 8.973724364687588606e-01 -1.321935278909339428e-01 1.921039506219041505e+04
1.614311449473298410e+02 2.030795110525946075e+04 2.014651996031212911e+04 2.289669901696712584e-01 -4.717737124570914320e-02 2.043996082842654869e+04
1.920019777850189371e+02 1.863237164912271328e+04 1.844036967133769576e+04 6.339844510379061271e-01 1.515487632102887339e-01 1.838936897192526158e+04
3.662518805324318123e+02 1.905328805373485375e+04 1.868703617320242120e+04 6.525247667539643137e-01 2.805819714042638302e-01 1.922547074533393607e+04
8.478222473844031128e+02 1.875825518390568323e+04 1.791043293652127977e+04 1.022132845766466458e+00 8.814689906501071981e-02 1.899763679693812082e+04
2.106384564489100740e+03 2.008396292891271514e+04 1.797757836442361440e+04 1.704929087071648253e+00 -9.565630851330113316e-02 2.237899883662740103e+04
4.537608737776596172e+03 2.400255324359300721e+04 1.946494450581641286e+04 1.487443171204844150e+00 1.356374640152862021e-01 2.487261389756451536e+04
1.187753552138226041e+04 3.398022119311837741e+04 2.210268567173611518e+04 1.822663528296528890e+00 -3.844467333093316147e-02 4.535202755064228404e+04
