4.585782692157029317e+01 2.160624279034224310e+04 2.156038496342067447e+04 -1.174087457755262492e-01 -2.871477208828791539e-01 2.170094603242546873e+04
5.304700486078803578e+01 2.430231045108929538e+04 2.424926344622850593e+04 3.690897303945275265e-01 -1.069831262093749596e-01 2.451477119742427749e+04
7.186421193920179462e+01 1.941197018171764284e+04 1.934010596977844034e+04 9.017066108623247311e-01 -1.114489354068676219e-01 1.916050163901383348e+04
1.651455113970723971e+02 2.032214312245933979e+04 2.015699761106226651e+04 1.878788087243441762e-01 3.891136355293211418e-02 2.039596202816973528e+04
1.918019812148170899e+02 1.865081888947880725e+04 1.845901690826399135e+04 6.167207387176891764e-01 1.819620507831951617e-01 1.835306968777288421e+04
3.735853193246351225e+02 1.901891183062923301e+04 1.864532651130459635e+04 5.629240256629924888e-01 3.394263741834711579e-01 1.942404621836685328e+04
8.647786434066281345e+02 1.875306479423847122e+04 1.788828615083184195e+04 1.021744276573066657e+00 2.371855417956239276e-01 1.900820559767413215e+04
2.053740914076310219e+03 2.001869054141783636e+04 1.796494962734152796e+04 1.351074259372710529e+00 2.112273269393509512e-01 2.233309214223066010e+04
4.448758249329732280e+03 2.389731054052689069e+04 1.944855229119715659e+04 1.399684884055566458e+00 1.940413636560129121e-02 2.480433584366995274e+04
1.208127680104251340e+04 3.447392691738011490e+04 2.239265011633760150e+04 1.668039574994367058e+00 6.605097919663741046e-02 4.565742293399923801e+04
