4.915685919401703075e+01 2.161132630312749097e+04 2.156216944393347512e+04 3.648702563521347142e-01 -1.995969201059262232e-01 2.170291603600511735e+04
5.336548190679690151e+01 2.429641269847520016e+04 2.424304721656840411e+04 2.938900168527390222e-01 -5.252584008380137282e-02 2.447368016257622003e+04
6.999512288389831838e+01 1.941211457222923127e+04 1.934211944934533312e+04 9.296156269257059845e-01 -1.083867039369934143e-01 1.919420461944286581e+04
1.654828491326784103e+02 2.033015082293756859e+04 2.016466797380489152e+04 2.093081940789466300e-01 -3.044446426869625300e-01 2.045570901550609778e+04
1.936115524246535529e+02 1.865093704619292112e+04 1.845732549376826864e+04 6.680832283004353167e-01 9.688087437561181126e-02 1.865136938917727821e+04
3.695584335045739977e+02 1.902065931990064564e+04 1.865110088639607056e+04 6.450137367391796106e-01 3.384364182539993382e-01 1.938078815957593906e+04
8.464680651440911561e+02 1.873252049479772177e+04 1.788605242965363141e+04 1.343780696949463449e+00 4.311531569502774497e-02 1.889335608579318796e+04
2.066308182149410186e+03 2.003694536059624443e+04 1.797063717844683561e+04 1.208382034119141135e+00 -4.087973670855488129e-02 2.230964921633891936e+04
4.482171872778636498e+03 2.390513664602023709e+04 1.942296477324160151e+04 1.526503599077940088e+00 -5.473321375922571980e-02 2.464195923253965157e+04
1.126382903503339730e+04 3.355955163083424850e+04 2.229572259580084938e+04 1.728003021483727197e+00 -9.096872269171146080e-03 4.467846468125939282e+04
