4.938347023253777479e+01 2.160650991617560067e+04 2.155712644594306403e+04 1.060789200422127855e-02 -1.287458745686544392e-01 2.156671391303648124e+04
5.018779450977888246e+01 2.430562859143779133e+04 2.425544079692801097e+04 3.859561006666017424e-01 -2.500637747240007716e-02 2.436384458713373169e+04
7.251419423836370015e+01 1.940486582173045099e+04 1.933235162749208757e+04 7.883502322520364869e-01 -1.411609218720334125e-01 1.927019473484695118e+04
1.587954182945466357e+02 2.032793224542098324e+04 2.016913682712643640e+04 2.509155720594413164e-01 2.263979731295778786e-02 2.055335009371427441e+04
1.878706879016641551e+02 1.865343767149149062e+04 1.846556698358982612e+04 6.729929826709604157e-01 1.602158451612354650e-01 1.861806090882261196e+04
3.764105941068334005e+02 1.905852404009625388e+04 1.868211344598942014e+04 6.014026951422773992e-01 1.313721092611662700e-01 1.947489375266143543e+04
8.476543215270424980e+02 1.874956886265441426e+04 1.790191454112737119e+04 1.168793355875198392e+00 2.249869273258496560e-01 1.895659463305442114e+04
2.000734907575302714e+03 1.996285148174102505e+04 1.796211657416572416e+04 1.208090384966625797e+00 9.083469715490943841e-02 2.214448042947476642e+04
4.502123363641494507e+03 2.401073069956621839e+04 1.950860733592472388e+04 1.402758411369773528e+00 1.526144197049773554e-01 2.453349104488069497e+04
1.172704085456628491e+04 3.365585220614555874e+04 2.192881135157927201e+04 1.739151252766936162e+00 8.984675549228167413e-02 4.665831810808650334e+04
