4.999827922537326685e+01 2.162117331070550063e+04 2.157117503148012838e+04 1.249247888427292702e-01 -3.038853820885391022e-01 2.184414839852065052e+04
5.124891183831518759e+01 2.426908927897668036e+04 2.421784036713836394e+04 2.408843222517828009e-01 -2.074179577377077699e-01 2.439046915628245551e+04
7.410214618245716167e+01 1.943996967226846755e+04 1.936586752608601091e+04 8.177930935642194754e-01 -8.233656407073276784e-02 1.914144200435230232e+04
1.615297984458533449e+02 2.031987160538846729e+04 2.015834180694261522e+04 1.878449428085689210e-01 1.755881298243773883e-02 2.046487935516907237e+04
1.885852668824723253e+02 1.862916079322388032e+04 1.844057552634140666e+04 5.989664995696545313e-01 -2.189470583848986476e-02 1.840220368503698046e+04
3.777123790689413454e+02 1.905652006626769798e+04 1.867880768719875778e+04 8.558794699030363162e-01 1.635874536630401721e-01 1.935232068363303551e+04
8.761641674688139574e+02 1.879587696304908604e+04 1.791971279558027163e+04 1.349563037603057403e+00 2.359242455999121801e-01 1.910384488433276783e+04
1.972161556549822762e+03 1.993259388421168842e+04 1.796043232766186702e+04 1.363813892964097496e+00 -9.431434615439372726e-02 2.206847773636901911e+04
4.473867464821913018e+03 2.394168685388445010e+04 1.946781938906253708e+04 1.272941445912643355e+00 -1.352319562039664726e-02 2.465047907189569014e+04
1.213807413812120285e+04 3.456043539296139352e+04 2.242236125484019067e+04 1.511216285664594983e+00 4.403723093211128758e-02 4.864460637966169452e+04
