4.661718600522183920e+01 2.160809625568490083e+04 2.156147906967967720e+04 3.670681730228598227e-01 -2.202519660604473906e-01 2.166842899819929880e+04
5.178269725078450136e+01 2.432733097039250788e+04 2.427554827314172508e+04 3.080703848770433018e-01 -1.313973805630949399e-01 2.464224949695153919e+04
7.286981690057743322e+01 1.939675650086607129e+04 1.932388668396549474e+04 9.115932845482573876e-01 -7.370014855664196174e-02 1.929639316660117038e+04
1.661670350737156241e+02 2.035290633191616507e+04 2.018673929684245013e+04 2.702103040045116811e-01 -1.335582479342755369e-01 2.048176487274895771e+04
1.834567686777543258e+02 1.865070487346106893e+04 1.846724810478331347e+04 5.732759560446084590e-01 1.589382925635104693e-01 1.849156379154474416e+04
3.641306764680121546e+02 1.901688002634685472e+04 1.865274934987884262e+04 6.551356454815525643e-01 2.002057838641450316e-01 1.933727857737051818e+04
8.389296613695543101e+02 1.871977523871538870e+04 1.788084557734583359e+04 1.243105250446530086e+00 -9.727944407510442579e-03 1.900173341512308980e+04
2.032860804302377346e+03 1.999443717233811185e+04 1.796157636803573405e+04 1.223389011274563787e+00 2.814771764326498560e-03 2.205572244930978195e+04
4.679488297852289179e+03 2.419758653337511714e+04 1.951809823552282614e+04 1.528799993789901945e+00 6.388514258741979923e-02 2.533974551146374870e+04
1.219221011998534959e+04 3.446593667158188327e+04 2.227372655159653368e+04 1.608307709751019443e+00 5.993235184043335662e-02 4.780330597081929591e+04
