4.849138339873114489e+01 3.102518779724618435e+04 3.097669641384745410e+04 nan nan 3.084222084812256071e+04
1.821914434359438246e+03 2.178681076782235323e+04 1.996489633346291521e+04 5.795196630359545908e-01 1.237183028352102782e-01 2.179064596541325591e+04
1.878535911916175337e+03 2.459440636268340313e+04 2.271587045076722643e+04 7.528708481554460263e-01 -6.604970202960659675e-02 2.413510361491305957e+04
4.687718573863893653e+03 1.958664927405881099e+04 1.489893070019491643e+04 9.798198721746259610e-01 -2.798143406402426869e-01 1.918380171710252762e+04
6.118375400209018153e+03 2.059451417840200884e+04 1.447613877819299159e+04 4.568179498729467714e-01 -1.195278935771680179e-01 1.976834701652133663e+04
8.879294010367986630e+03 1.874234941780723238e+04 9.863055407439245755e+03 9.189285804514121248e-01 -2.420787781903750435e-01 1.742246006902699082e+04
1.010800561581790316e+04 1.905765874081448055e+04 8.949653124996577390e+03 1.306787443094168166e+00 -9.237976775345611846e-02 1.705714566011600982e+04
1.311623399869025707e+04 1.941993057346214482e+04 6.303696574771887754e+03 1.172011515351323530e+00 -1.565462993407187031e-01 1.639508012558385235e+04
1.575683428918308891e+04 2.096616113496360776e+04 5.209326845780518852e+03 1.276037917358369578e+00 5.614341168191044201e-02 1.595456490331467649e+04
2.213055903661888806e+04 2.519389960330050963e+04 3.063340566681621567e+03 1.519424164820892154e+00 3.708843835432551472e-02 1.552913471954811939e+04
3.155429542091945405e+04 3.463888822820687346e+04 3.084592807287419419e+03 2.148395992968453516e+00 7.223080671113669970e-02 1.521957379534741267e+04
7.227381008220404328e+04 7.239478828542490373e+04 1.209782032208604505e+02 1.762335757514502887e+00 1.609879117107182456e-01 1.475720015809617689e+04
