4.620023917261831770e+01 3.100994125229987549e+04 3.096374101312725543e+04 nan nan 3.072577608056792815e+04
1.823915111910903079e+03 2.181903603133774959e+04 1.999512091942684492e+04 4.358687211674998618e-01 -9.333762212561787230e-02 2.150711961780925776e+04
1.890575142655051877e+03 2.455506185818371159e+04 2.266448671552865926e+04 7.911016352601075718e-01 -7.302767369101181849e-02 2.416689076245632896e+04
4.636943348817543665e+03 1.963067758851806866e+04 1.499373423970052499e+04 1.138795052769110194e+00 -8.100266174830486610e-02 1.894930485649393449e+04
6.134577905000771352e+03 2.061258678244063412e+04 1.447800887743986277e+04 4.772370473206675734e-01 -1.116293865387701506e-01 1.966681475417213733e+04
8.822502490547976777e+03 1.876428190419624661e+04 9.941779413648269838e+03 8.488674438590672056e-01 -1.053940248897804882e-01 1.742744123630155445e+04
1.005656518299949857e+04 1.906624318897275589e+04 9.009678005973257314e+03 1.148386815988343912e+00 -2.641526200621588938e-01 1.724897818303326494e+04
1.302695111590033230e+04 1.926862666323179656e+04 6.241675547331464259e+03 1.203813339549061778e+00 -1.036133920474587439e-01 1.633393467392858656e+04
1.502487964283483961e+04 2.082648344952194384e+04 5.801603806687104225e+03 1.392648887294747340e+00 -2.323312816026612548e-02 1.602132931056174675e+04
2.269142237524278244e+04 2.561561232471851326e+04 2.924189949475730828e+03 1.806846496906354460e+00 2.039766965400710286e-01 1.547712728746591165e+04
3.336256325939808448e+04 3.590530033907994220e+04 2.542737079681857722e+03 2.004225893854163498e+00 5.893918370636053172e-02 1.512041290766401107e+04
7.019562817726831418e+04 7.031942317487325636e+04 1.237949976049421821e+02 2.007856740052030187e+00 2.458248440666634463e-02 1.463321174929320114e+04
