5.007528674434357896e+01 3.100694788437145326e+04 3.095687259762710892e+04 nan nan 3.097286565322857132e+04
1.823765331781986788e+03 2.176967303551750956e+04 1.994590770373552368e+04 6.682775096342165044e-01 -1.279986630333570241e-01 2.172367304195485485e+04
1.893974146578911586e+03 2.455963001620542855e+04 2.266565586962651651e+04 8.164115329195785753e-01 -2.181351353131069995e-02 2.433597669850487728e+04
4.665326275153016468e+03 1.961017657755980690e+04 1.494485030240679043e+04 1.003432157385041990e+00 -1.294172600053852262e-01 1.925320917214345900e+04
6.173914326209722276e+03 2.053963601795696377e+04 1.436572169174724149e+04 5.325383055836268031e-01 -8.554613002681038525e-02 1.963913929490558439e+04
8.944844601530514410e+03 1.874890706120514733e+04 9.804062459674632919e+03 8.894690051668230346e-01 -2.333105434643578391e-01 1.751895969860801051e+04
1.001012730079406356e+04 1.909813431012743968e+04 9.088007009333376118e+03 9.692806684328819644e-01 -2.422439589282091854e-01 1.730847075095913169e+04
1.310943093327446513e+04 1.935889182377516408e+04 6.249460890500698952e+03 1.121124032700692830e+00 -9.121005394867209848e-02 1.647092415683519357e+04
1.524004905117963062e+04 2.090340681914995002e+04 5.663357767970319401e+03 1.744681524414355422e+00 -4.138850237448531838e-02 1.593483578835320623e+04
2.267094334251364489e+04 2.541445508666654496e+04 2.743511744152900064e+03 1.378689196630648928e+00 -3.389681041715984083e-02 1.553096715184662207e+04
3.240440545372702763e+04 3.520340094165013579e+04 2.798995487923108158e+03 1.682766920063422100e+00 2.625857762520169766e-02 1.529699262110748168e+04
7.580686845208254817e+04 7.618950225054034672e+04 3.826337984577985480e+02 2.309587022048105620e+00 1.361009748364970795e-01 1.487454747806501837e+04
