4.814876312210567022e+01 3.102341539188933893e+04 3.097526662876723276e+04 nan nan 3.096271193240701541e+04
1.804651152889839068e+03 2.184367005145855364e+04 2.003901889856871276e+04 6.722744834314071660e-01 -1.442971784606966457e-01 2.160949257646614569e+04
1.905546863950301713e+03 2.454110153037015334e+04 2.263555466641985186e+04 7.183292770293338014e-01 -5.751078322535596588e-02 2.411301654247714760e+04
4.694219118340452951e+03 1.958964980514679337e+04 1.489543068680633951e+04 9.109656432930405279e-01 -1.686898540786102851e-01 1.880991484970057718e+04
6.137438917867107193e+03 2.058995061347097362e+04 1.445251169560386552e+04 5.614468306110785845e-01 -1.533661861465176468e-01 1.972439090367500467e+04
8.934189977135642039e+03 1.873296348370015039e+04 9.798773506564508352e+03 9.008632976517048085e-01 -2.936311012854963542e-01 1.747542106099689045e+04
9.973409670235145313e+03 1.911910845695079115e+04 9.145698786715645838e+03 1.010047672166030308e+00 -1.629175075160086694e-01 1.737519363258045269e+04
1.307258390931477334e+04 1.931874835825998889e+04 6.246164448945215554e+03 1.222857830086973685e+00 -1.544812235028681924e-01 1.639973917613633239e+04
1.528698950516188961e+04 2.088301788779800700e+04 5.596028382636117385e+03 1.322292824620308949e+00 3.955493359275411014e-02 1.589865526683883218e+04
2.183213646680046077e+04 2.492383745507834465e+04 3.091700988277883880e+03 1.628096784915070261e+00 9.909577674769677602e-02 1.551094147080411130e+04
3.050598187969182618e+04 3.400048545451663085e+04 3.494503574824804673e+03 1.529101236696401189e+00 1.336729786066722936e-01 1.510566905907458931e+04
7.011179599365954346e+04 7.090252107643659110e+04 7.907250827770476462e+02 1.980548835579428513e+00 2.079262563857358914e-01 1.493157992813391684e+04
