4.595138157444858962e+01 3.102241989620371169e+04 3.097646851462926134e+04 nan nan 3.080719700341168573e+04
1.811986564040912072e+03 2.181829247236913943e+04 2.000630590832822782e+04 1.339311624396378519e+00 -6.212456373714021068e-02 2.166616903083795114e+04
1.901499862783204890e+03 2.454633134578480531e+04 2.264483148300159883e+04 8.553277925398455883e-01 -1.393910608142806713e-02 2.429666485346648187e+04
4.653117266683252637e+03 1.962827636622669161e+04 1.497515909954343806e+04 1.025880019097426876e+00 -2.225399121798462068e-02 1.915929917779842435e+04
6.162766909267586925e+03 2.060361020318152077e+04 1.444084329391393476e+04 7.105156448110149237e-01 -1.640533742161697783e-01 1.955743571501182305e+04
8.991929950399280642e+03 1.870103711537226991e+04 9.709107164972989267e+03 9.168220473215179522e-01 -2.029066263202134179e-01 1.741996107658929759e+04
1.010237596677536385e+04 1.909240539025915496e+04 8.990029423483791106e+03 9.017690085815247558e-01 -6.805559390198988312e-02 1.734666914441409608e+04
1.326534395053252229e+04 1.938936509686677527e+04 6.124021146334252990e+03 1.335533480966433650e+00 -2.219657990510774323e-02 1.622429360416927921e+04
1.527128003156234263e+04 2.093547193523838723e+04 5.664191903676044603e+03 1.402948161877962674e+00 1.038768039124740999e-01 1.581252752159785814e+04
2.212161930246567499e+04 2.516367374709438081e+04 3.042054444628705824e+03 1.535154400109998818e+00 -1.511586832549423054e-01 1.546657318456642315e+04
3.333205078404404776e+04 3.650062825928668462e+04 3.168577475242636865e+03 1.990930325395496636e+00 1.708459489567771827e-01 1.511474857644238364e+04
7.787559470121450431e+04 7.821367553215140651e+04 3.380808309369022027e+02 2.001494919734434053e+00 2.017567059763198667e-01 1.493777847108538845e+04
