4.705012483471384144e+01 3.100891034315870638e+04 3.096186021832399274e+04 nan nan 3.092983137000059287e+04
1.820429394945076638e+03 2.182376149505314606e+04 2.000333210010806943e+04 6.266024277171273749e-01 -8.698317309579635392e-02 2.153664830275345957e+04
1.881681568943359252e+03 2.456854694512231799e+04 2.268686537617895738e+04 7.789124374104604565e-01 -8.914153136916143361e-02 2.429965242211763325e+04
4.657754291502610613e+03 1.958144057356974372e+04 1.492368628206713402e+04 1.013488180979672304e+00 -9.159689545516642994e-02 1.915832026659481562e+04
6.119286607264134545e+03 2.061143356469377977e+04 1.449214695742964614e+04 4.118420379450709601e-01 -1.939289218872018161e-01 1.970316946564899263e+04
8.913126290301248446e+03 1.875144156380297864e+04 9.838315273501730189e+03 9.012166348547315797e-01 -1.705101102041549910e-01 1.753056819508590706e+04
1.004486329601144826e+04 1.910871830072377634e+04 9.063855004712328082e+03 9.007738709277822720e-01 -1.237583117023191154e-01 1.717723772880074466e+04
1.300478910454479228e+04 1.935816073108404089e+04 6.353371626539248609e+03 1.148983975826021187e+00 -8.602711904903215245e-02 1.643595601955374877e+04
1.551240738710902770e+04 2.087005306679596470e+04 5.357645679686937001e+03 1.227908618263337859e+00 -2.719130676851369555e-02 1.602810990731270795e+04
2.242498409920894846e+04 2.557259858375455951e+04 3.147614484545611049e+03 1.478764952929753740e+00 -7.429311433913608764e-02 1.545403085956499672e+04
3.311399924359250872e+04 3.627480450969583035e+04 3.160805266103321628e+03 1.789322636894569385e+00 -5.893886423606006092e-02 1.508899661623276006e+04
7.065401127550106321e+04 7.061552745624442468e+04 -3.848381925663852599e+01 1.901501618273603311e+00 6.441141556722763950e-02 1.477247083118929731e+04
