4.986257873212935721e+01 3.101273171734350035e+04 3.096286913861137145e+04 nan nan 3.092963734559001023e+04
1.834894857898620103e+03 2.174432245559795774e+04 1.990942759769933764e+04 4.269774697561672383e-01 -8.900605127676890216e-02 2.169816010122963780e+04
1.895249322683292121e+03 2.453366993861063747e+04 2.263842061592734535e+04 6.072183159457690271e-01 1.204544837507281856e-02 2.417602058729495184e+04
4.698933987121417886e+03 1.957176022421264133e+04 1.487282623709122345e+04 1.021499055778982035e+00 -1.206868669769358832e-01 1.914250929495722812e+04
6.184379113742671507e+03 2.054410136422916548e+04 1.435972225048649489e+04 4.045505243024545283e-01 -2.849219613268056187e-02 1.971527412084406751e+04
8.948186600625283972e+03 1.874789412102022106e+04 9.799707520394937092e+03 8.934824434819838013e-01 -2.064268759854367419e-01 1.739506450124694311e+04
1.013574592926742116e+04 1.908240591462351949e+04 8.946659985356098332e+03 1.162350515652728955e+00 -7.064586594252912632e-02 1.706098218075221666e+04
1.312350416654788933e+04 1.934979803524062299e+04 6.226293868692733668e+03 1.316113974235349593e+00 -7.167560902968623388e-03 1.631530150903235335e+04
1.499167750354685086e+04 2.085025234653721054e+04 5.858574842990359684e+03 1.620091240227130358e+00 -8.935789520357950710e-02 1.603025976862744392e+04
2.196678059312846381e+04 2.524642646809548751e+04 3.279645874967023701e+03 1.549901299052687031e+00 -4.472175708728274440e-02 1.542228048352892438e+04
3.188468141609636223e+04 3.504047097915332415e+04 3.155789563056961924e+03 2.237122855122247511e+00 2.297033937238854850e-01 1.512253667727899119e+04
7.331019283549441025e+04 7.333267095202016935e+04 2.247811652575910557e+01 1.801210832108272486e+00 1.138945814833912246e-01 1.484379955408116439e+04
