4.697119534866024537e+01 3.100910650107602851e+04 3.096213530572737000e+04 nan nan 3.078019973384830519e+04
1.802566691637252006e+03 2.186510412713779078e+04 2.006253743550054060e+04 5.377647665132299082e-01 4.614748208506150307e-02 2.150276230428317649e+04
1.902279254651340580e+03 2.455102492305550550e+04 2.264874566840416446e+04 8.176373915323207342e-01 9.787144041981672270e-04 2.422148387061440371e+04
4.639955216617389851e+03 1.962612000959944271e+04 1.498616479298205377e+04 1.109898371699252539e+00 -1.520539448693423168e-01 1.919069881813436950e+04
6.109905265825653260e+03 2.062300600495887193e+04 1.451310073913321867e+04 5.033309005381668699e-01 -1.510817885915508862e-01 1.952946933987938246e+04
8.789938314223612906e+03 1.878426885741142542e+04 9.994330543187812509e+03 8.966691242829396558e-01 -7.909133290738076458e-03 1.754936735184802819e+04
1.013857146911794553e+04 1.904621001753791279e+04 8.907638548419967265e+03 8.885407668695671779e-01 -4.295185891753653534e-02 1.719263410916899738e+04
1.305363789916909627e+04 1.941230908746251589e+04 6.358671188293419618e+03 1.188064108874412161e+00 1.184063599267772861e-02 1.622837477483447583e+04
1.546189107222201164e+04 2.092668885206352206e+04 5.464797779841510419e+03 1.656567718973720460e+00 4.334134386846366649e-02 1.588247217145067407e+04
2.207666589697357995e+04 2.509574654124502922e+04 3.019080644271449273e+03 1.403133769706333522e+00 6.023527005516163962e-02 1.546903307310211676e+04
3.305007187372144836e+04 3.630926294851626881e+04 3.259191074794820452e+03 2.622725527039026172e+00 1.686463852192509050e-01 1.511422445739943032e+04
7.337922117831875221e+04 7.311141735392993724e+04 -2.678038243888149736e+02 2.560280108309022751e+00 -1.719238449262520604e-02 1.483873996802054535e+04
