4.818780357997682273e+01 3.100613425446557085e+04 3.095794645088559264e+04 nan nan 3.085443230173536358e+04
1.809556889592617836e+03 2.186125720627107876e+04 2.005170031667845979e+04 1.287855745207772795e+00 -1.428785419843626447e-01 2.133667816504639268e+04
1.850508775787173818e+03 2.465247560966049423e+04 2.280196683387332087e+04 8.581991055845916705e-01 -6.205027395816211516e-02 2.423711691963557314e+04
4.689036215242205799e+03 1.956855932991340160e+04 1.487952311467119580e+04 9.442912846492443890e-01 -6.608925409043774069e-02 1.909050477720998970e+04
6.178490885841443742e+03 2.057888384485314964e+04 1.440039295901170590e+04 4.174801771754554913e-01 1.882604230445188501e-02 1.960093984390255719e+04
8.856052729197996086e+03 1.880244563484040555e+04 9.946392905642409460e+03 8.854862091720953066e-01 -7.245776258525327140e-02 1.748788061136120450e+04
1.015562735651386356e+04 1.909390449368889313e+04 8.938277137175029566e+03 9.833154665802509298e-01 -6.120646059165412572e-02 1.712088375558502594e+04
1.306232742108900129e+04 1.936941372847724051e+04 6.307086307388239220e+03 1.370872904373157120e+00 -9.897498400916364403e-02 1.625127600821530905e+04
1.557193853410238262e+04 2.093941283538967400e+04 5.367474301287291382e+03 1.472086830402152158e+00 2.371865179070524812e-02 1.606790610314214791e+04
2.261413759727777506e+04 2.558766775945725385e+04 2.973530162179478793e+03 1.410667406803216339e+00 -1.488696313269759382e-02 1.541206802921408052e+04
3.156569280831712240e+04 3.447009947285212547e+04 2.904406664535003074e+03 1.765655025757001395e+00 1.648261378303125524e-01 1.516793780965444603e+04
7.154101976805177401e+04 7.169968205838606809e+04 1.586622903342940845e+02 2.148064755704702566e+00 2.643883415365516076e-01 1.485401049388229512e+04
