4.656613739688030051e+01 3.100229492936749375e+04 3.095572879197061411e+04 nan nan 3.074205768535317111e+04
1.817783083599902056e+03 2.179971488952890650e+04 1.998193180592900535e+04 4.814094902404028598e-01 1.541078255472028667e-02 2.169733601412653297e+04
1.894559206162484543e+03 2.456547320543837486e+04 2.267091399927589009e+04 6.449559151828526682e-01 -1.806656786338326770e-01 2.428368675226511186e+04
4.709447985521936062e+03 1.957347140005757683e+04 1.486402341453564077e+04 9.456205622900285546e-01 -2.788336438020872499e-01 1.906237889492718386e+04
6.143662324503225136e+03 2.059944850593696174e+04 1.445578618143373751e+04 6.010711337038415758e-01 -1.907072696462555270e-02 1.955793615258323553e+04
9.052877695769175261e+03 1.874046698102547816e+04 9.687589285256302901e+03 7.876674329527487695e-01 -1.127419230266803601e-01 1.763779739407975285e+04
1.006562126941960196e+04 1.907377965098451750e+04 9.008158381564915544e+03 8.419832239096232129e-01 -8.973291943282742100e-02 1.723821448656475695e+04
1.319621050395870770e+04 1.935416651382376949e+04 6.157956009865061787e+03 1.093296996403109178e+00 7.377489074580799444e-02 1.626001784959580073e+04
1.535774568411143264e+04 2.089071044611331308e+04 5.532964762001880445e+03 1.588267995474654581e+00 -3.891409356597772765e-03 1.605447294805500860e+04
2.312453605708250689e+04 2.607514733127046202e+04 2.950611274187955132e+03 1.677475530903786760e+00 1.161956122356117699e-01 1.550130172152659361e+04
3.232034025657103484e+04 3.526609889222089987e+04 2.945758635649865028e+03 1.890563017152849801e+00 8.291790492253835188e-02 1.526046075700532128e+04
7.356269815649182419e+04 7.335500699879380409e+04 -2.076911576980201062e+02 1.920386618163368864e+00 1.076264619989671933e-01 1.483370131009567740e+04
