5.166062646741263364e+01 3.101724299505089948e+04 3.096558236858348755e+04 nan nan 3.082469453208593404e+04
1.816748735781438654e+03 2.185484000437912982e+04 2.003809126859769094e+04 4.109558003657391989e-01 1.046865965039955187e-01 2.144809229175281143e+04
1.886533314724728370e+03 2.456828956600599849e+04 2.268175625128126921e+04 5.598598265727513512e-01 2.958720139129512525e-02 2.420964950652097832e+04
4.636543072359380858e+03 1.962506825253582065e+04 1.498852518017643888e+04 1.093521999766228658e+00 -1.614738658550675388e-01 1.913352526477488937e+04
6.120990244671645996e+03 2.060149064161876595e+04 1.448050039694711995e+04 7.897339358732988757e-01 -2.021744091970001656e-01 1.974483076599960987e+04
8.913955876848420303e+03 1.876411845555189575e+04 9.850162578703475447e+03 8.794542459785215094e-01 -3.696529303539987377e-02 1.729550913092900009e+04
1.006405022097013170e+04 1.905036653526715963e+04 8.986316314297027930e+03 9.423430231142514435e-01 -1.882150716413066027e-01 1.718963672474889609e+04
1.288770960363421545e+04 1.931307652400241204e+04 6.425366920368196588e+03 1.150783014125782211e+00 -1.636203724318601171e-01 1.643372877776004680e+04
1.548403529659829837e+04 2.094230780538755789e+04 5.458272508789259518e+03 1.498644063331266763e+00 -7.599722765322991513e-02 1.586496025867519347e+04
2.264467484707302719e+04 2.563662574493981811e+04 2.991950897866790910e+03 1.585980316426276682e+00 9.899424423070951606e-02 1.541856220667116031e+04
3.153534304224128937e+04 3.483402967611140048e+04 3.298686633870111109e+03 1.977110743169360418e+00 1.009106155110423148e-01 1.524984522977470988e+04
7.032381737101626641e+04 7.071171635920855624e+04 3.878989881922898348e+02 1.756819622840922301e+00 1.879733184630930365e-01 1.473301123756107336e+04
