4.968742605635181064e+01 3.100959645403305694e+04 3.095990902797670424e+04 nan nan 3.069698204535538025e+04
1.819087395015908214e+03 2.179646795329580345e+04 1.997738055827989592e+04 4.012265685734144327e-01 -5.546028880696670521e-02 2.149427864157583099e+04
1.878504283241519488e+03 2.459627174857243881e+04 2.271776746533091864e+04 6.921818229581457871e-01 -1.221173987506634639e-01 2.431869941937412659e+04
4.664362667814536508e+03 1.959459412300085387e+04 1.493023145518631645e+04 1.008818606889000380e+00 -2.368805184089726665e-02 1.920986190779693425e+04
6.079151956989844621e+03 2.063526486989911427e+04 1.455611291290926965e+04 6.326387700827981186e-01 -2.207162183916879794e-01 1.972448869220639608e+04
8.832562673372442077e+03 1.876205885643941292e+04 9.929496183066970843e+03 8.831699407728907936e-01 -1.762900057183377778e-01 1.769800366328471137e+04
1.014186582766673018e+04 1.910094125717955831e+04 8.959075429512828123e+03 9.720135161130457613e-01 -6.953935554735377056e-03 1.709590506566863041e+04
1.335311081303449464e+04 1.942838009028130546e+04 6.075269277246810816e+03 1.618853220999181275e+00 1.796139090146596159e-02 1.628156202148788907e+04
1.549766542207785278e+04 2.093519051396538998e+04 5.437525091887537201e+03 1.207977210509900035e+00 4.252930563426107757e-02 1.596970759106197875e+04
2.280050549277291066e+04 2.551402703828155427e+04 2.713521545508643612e+03 1.737631200443064072e+00 -1.574695639553124749e-01 1.532804775578751651e+04
3.199907145447550283e+04 3.514326973268619622e+04 3.144198278210693388e+03 1.412695068267013410e+00 7.527379327778847828e-02 1.527056800731797557e+04
7.470782174726972880e+04 7.460981493351521203e+04 -9.800681375451677013e+01 2.036294799408887801e+00 2.153491764077423154e-01 1.482818162410383229e+04
