4.937684096054123728e+01 3.101729406247665611e+04 3.096791722151611611e+04 nan nan 3.090614150144714222e+04
1.824349929751023183e+03 2.180080356833412952e+04 1.997645363858310520e+04 4.966081081739333603e-01 -5.882796537104136719e-02 2.154795481303844281e+04
1.891313116911675479e+03 2.456760533456745179e+04 2.267629221765577677e+04 7.635203583136576100e-01 2.994163009375981968e-02 2.422390825105892873e+04
4.648798258416200042e+03 1.962317664420030269e+04 1.497437838578410265e+04 1.064343148220930901e+00 -6.297801576939576762e-02 1.908770471006977459e+04
6.171383568194381951e+03 2.055419911734613561e+04 1.438281554915175366e+04 4.958759899444469266e-01 -4.600406100258539605e-02 1.976518413402654187e+04
8.797687168247748559e+03 1.880086976826659520e+04 1.000318260001884664e+04 9.170306356564301709e-01 -2.139550258186836140e-01 1.746215328272468469e+04
1.017009632799662177e+04 1.904403796913944825e+04 8.873941641142826484e+03 1.067821436081205055e+00 -2.430949378559687235e-01 1.740139738675624176e+04
1.316553293071705593e+04 1.928342284916421704e+04 6.117889918447161108e+03 1.156488722153593329e+00 -1.181004202298535782e-01 1.639170219489199008e+04
1.558672201895880789e+04 2.106016385308964527e+04 5.473441834130837378e+03 1.443999624838804507e+00 4.385601898715193320e-02 1.581880961275753361e+04
2.185499730098558939e+04 2.498556831356150360e+04 3.130571012575914210e+03 1.486723229497237897e+00 -7.115583264556397947e-02 1.533669102838776598e+04
3.228037062765580049e+04 3.546753375177221460e+04 3.187163124116414110e+03 1.946583555719406222e+00 5.971162648817632951e-02 1.516067784848275915e+04
6.736517441634391434e+04 6.832208418014881318e+04 9.569097638048988301e+02 1.999251866036036107e+00 1.327271024700482915e-01 1.474547054100889727e+04
