4.636791455807765772e+01 3.099939532714044617e+04 3.095302741258236711e+04 nan nan 3.103790118236720446e+04
1.808699714072115512e+03 2.185714946131488250e+04 2.004844974724276835e+04 5.781858780247420837e-01 2.252292487310124033e-03 2.145942017096258860e+04
1.871512429309216031e+03 2.457342998078446544e+04 2.270191755147524964e+04 7.745247585819701186e-01 -8.408924713142020002e-02 2.434203775686087101e+04
4.708425218687314555e+03 1.953985730380989116e+04 1.483143208512257661e+04 1.179804795396313999e+00 -1.943022528310102415e-01 1.907570652037988475e+04
6.119290120543991179e+03 2.061654077883144419e+04 1.449725065828745210e+04 6.028182688349514873e-01 -1.316202576019539217e-01 1.974270256651453747e+04
8.885740558041448821e+03 1.876217055844319475e+04 9.876430000401745929e+03 8.905173942821625888e-01 -1.869607826031597642e-01 1.764393916741076828e+04
1.007724014041149712e+04 1.909505791431935722e+04 9.017817773907860101e+03 9.423194523712218329e-01 -4.381394828018179283e-02 1.722750828415190335e+04
1.315025117680073345e+04 1.937236145208574089e+04 6.222110275285007447e+03 1.194271256723899777e+00 -2.531325492105537464e-02 1.616117860738225681e+04
1.532012038780027615e+04 2.088706141347185985e+04 5.566941025671583702e+03 1.306062667251618681e+00 -8.624722109716476126e-02 1.598531636249745316e+04
2.220759267851556797e+04 2.509105438296304783e+04 2.883461704447479860e+03 1.549756632084046792e+00 -1.098238798966361118e-01 1.536961336251277862e+04
3.293640145721858426e+04 3.571746174612119648e+04 2.781060288902612228e+03 1.905308325369891476e+00 1.242353155582980873e-01 1.514330310674685643e+04
6.682995061632950092e+04 6.717479869307257468e+04 3.448480767430737615e+02 2.418942697958727184e+00 1.074939295352432822e-01 1.496880919480953344e+04
