4.794474662687398592e+01 3.099873777191902263e+04 3.095079302529214692e+04 nan nan 3.113845553389063571e+04
1.816946736488034048e+03 2.181780969065950194e+04 2.000086295417146903e+04 1.511874801894059095e+00 -8.763926651483104624e-02 2.163036414933955530e+04
1.880278270295082166e+03 2.457720963764906264e+04 2.269693136735398002e+04 7.414102703687581730e-01 4.335899436175264660e-02 2.400904800726979011e+04
4.681779464294646459e+03 1.957475356498884503e+04 1.489297410069419857e+04 1.030344569957407641e+00 -9.406031620824976958e-02 1.914059372102198540e+04
6.132781587481070346e+03 2.060731959110121534e+04 1.447453800362014590e+04 4.682945624036053966e-01 -1.913597642020761491e-01 1.952724237250956867e+04
8.816874242851819872e+03 1.876667004954714503e+04 9.949795806695325155e+03 1.018190913657638363e+00 -1.308271673656655476e-01 1.749077078999582955e+04
1.009812076059873289e+04 1.906780228214362069e+04 8.969681521544887801e+03 1.166351426472442387e+00 -1.675790364742089922e-01 1.729916752753521723e+04
1.318252040467597726e+04 1.933792132382394266e+04 6.155400919147965396e+03 1.326502429779072623e+00 -5.288391787277292762e-03 1.634970191683638768e+04
1.533117046224695696e+04 2.087764617365188315e+04 5.546475711404926187e+03 1.259655434021977216e+00 1.474819844537947171e-02 1.597756579722500646e+04
2.278532507092537708e+04 2.556055708292898635e+04 2.775232012003609270e+03 1.469188282398244283e+00 2.431326559692417993e-03 1.541616934838035195e+04
3.199488429549705324e+04 3.506453917922184337e+04 3.069654883724790125e+03 1.773495516591089283e+00 5.348388160954772874e-02 1.508825057449163796e+04
7.463544656246747763e+04 7.457437337093795941e+04 -6.107319152951822616e+01 2.008541609233061465e+00 2.448114152714790104e-01 1.492790205879007772e+04
