4.556453849954985458e+01 3.100973465569767723e+04 3.096417011719812581e+04 nan nan 3.096219801126396487e+04
1.809982080625856725e+03 2.184904792686477958e+04 2.003906584623892195e+04 5.109315466341444179e-01 -1.204758981345931124e-02 2.144249462913613024e+04
1.890376945154029954e+03 2.456200615843202831e+04 2.267162921327799995e+04 8.177349425356155166e-01 -9.315763432318553694e-02 2.433311701174061454e+04
4.644944319643025665e+03 1.964912842080056726e+04 1.500418410115754159e+04 1.063664790168689533e+00 -1.541643352977515591e-01 1.887711043765951035e+04
6.046889202645694240e+03 2.063809968390459835e+04 1.459121048125890411e+04 4.470423462724559815e-01 -1.839353234607475907e-01 1.967217962311232259e+04
8.956113089550039149e+03 1.871666332007245728e+04 9.760550230522418133e+03 8.468693715328668992e-01 -2.438768422838565597e-01 1.749316752257799453e+04
1.014226684376684898e+04 1.904505865554527190e+04 8.902791811778422925e+03 8.111502392536152906e-01 -1.755880434089642506e-01 1.725619779322152681e+04
1.322630985358680846e+04 1.944226500251252946e+04 6.215955148925721005e+03 1.380932468108807099e+00 -1.106411176288975007e-01 1.639280838856517221e+04
1.515017880419499670e+04 2.077223047337398020e+04 5.622051669178983502e+03 1.397877211331113090e+00 -7.321369375499840737e-03 1.605718717523322630e+04
2.206915004104876789e+04 2.508035703630671560e+04 3.011206995257947710e+03 1.862365914251262966e+00 2.324425058711442407e-02 1.535079982542969628e+04
3.161355735723063481e+04 3.474102254272249411e+04 3.127465185491859302e+03 1.800320180796418867e+00 3.248619459017432209e-02 1.528401235261937290e+04
6.947505852646866697e+04 7.005009330440903432e+04 5.750347779403673485e+02 1.568095064896575908e+00 8.225080783834036458e-02 1.478469906390358847e+04
