4.838041276544359448e+01 3.101983245107443508e+04 3.097145203830899118e+04 nan nan 3.082268609982703856e+04
1.793342203649324802e+03 2.187917431391057835e+04 2.008583211026125355e+04 4.377287014916531049e-01 -1.558023484150494464e-01 2.154892581916441122e+04
1.886542688237439734e+03 2.456278014052410799e+04 2.267623745228666667e+04 1.205711081111222827e+00 -7.397090540914391665e-02 2.419043634854547417e+04
4.618349841327176364e+03 1.964092624042791795e+04 1.502257639910074067e+04 1.061587336879532772e+00 -1.147241443899560953e-01 1.914415782401245451e+04
6.186313404435751181e+03 2.053652675489298053e+04 1.435021335045723026e+04 4.153761187480446426e-01 -1.845530154006365942e-01 1.965673864011632031e+04
8.816912153689951083e+03 1.873502736280623139e+04 9.918115209116280312e+03 8.705818226420950490e-01 -2.165791295256872806e-01 1.726921434367858456e+04
1.010387501066932418e+04 1.907404776148835299e+04 8.970172750819028806e+03 9.287099036734559609e-01 -2.227613324906137782e-01 1.732642344912979388e+04
1.316835312552858159e+04 1.938081474658559091e+04 6.212461621057009324e+03 1.154287988283642541e+00 -1.041451157481186468e-01 1.631903746854001292e+04
1.537263929371531776e+04 2.094377991487201143e+04 5.571140621156693669e+03 1.421203069621411075e+00 -6.134933115899774553e-02 1.595392498074182731e+04
2.165949086760824503e+04 2.491218113652929605e+04 3.252690268921051029e+03 1.375431551834527477e+00 3.972470590774762091e-03 1.546957563640705666e+04
3.152755545413684376e+04 3.463899636693079083e+04 3.111440912793947064e+03 1.962292613360053783e+00 7.499185639631593576e-03 1.524766909444567136e+04
7.237711632543282758e+04 7.279103834202232247e+04 4.139220165894948877e+02 2.148864613661311207e+00 1.981238277060008990e-01 1.472224965421495835e+04
