4.552921927910504252e+01 3.101266143541966812e+04 3.096713221614056238e+04 nan nan 3.086843012275964065e+04
1.827788208799281392e+03 2.183002915848236808e+04 2.000224094968308782e+04 6.347961494299837470e-01 -1.656643113148738855e-01 2.150166571894586741e+04
1.886931571032005650e+03 2.457700359437767838e+04 2.269007202334567410e+04 7.418225675564059651e-01 -1.362254937475327055e-01 2.417645699866683208e+04
4.670173199833540821e+03 1.958221090833199924e+04 1.491203770849845750e+04 9.542408110438501678e-01 -1.123929363830227929e-01 1.915095890725659046e+04
6.194339550779218371e+03 2.055252204116346547e+04 1.435818249038424619e+04 8.850477835266300497e-01 -1.947458751551594813e-01 1.963841248931433438e+04
8.919750719286728781e+03 1.873643279762457314e+04 9.816682078337844359e+03 9.074466327197684423e-01 -2.037578467657718273e-01 1.740941531909863625e+04
1.013254755412899613e+04 1.910700686843309813e+04 8.974459314304102008e+03 9.938676072434566855e-01 -2.044555037794330010e-01 1.708385146240528047e+04
1.308322566704479323e+04 1.927033983009224903e+04 6.187114163047455804e+03 1.440835474097479363e+00 -7.661646464643834253e-02 1.642297682764975616e+04
1.521809752672747527e+04 2.093826890605088920e+04 5.720171379323413930e+03 1.372826221842464278e+00 1.314180159826079386e-01 1.587951679804661035e+04
2.307163217423686365e+04 2.593465900318810600e+04 2.863026828951242351e+03 1.388256365203649922e+00 1.946036992425306464e-02 1.537354070768626480e+04
3.286268079173003935e+04 3.569801300392700796e+04 2.835332212196968612e+03 2.001526924154147125e+00 1.405184066919191455e-01 1.523751440933689810e+04
7.125916285812364367e+04 7.122868687114506611e+04 -3.047598697857756633e+01 1.744748533442496141e+00 9.858880518600872389e-02 1.489954049316369674e+04
