5.069411342761291195e+01 3.102217517763946671e+04 3.097148106421185366e+04 nan nan 3.082390173957725710e+04
1.828243625821438854e+03 2.178390998020118423e+04 1.995566635437974401e+04 4.972038747690962768e-01 -3.252415242730349182e-02 2.162208597202105011e+04
1.912745000240953686e+03 2.455593710613542862e+04 2.264319210589447539e+04 7.239218250515163655e-01 -6.564938634362812997e-02 2.408244632578913297e+04
4.631427523174980706e+03 1.965434341569023672e+04 1.502291589251525511e+04 9.816587424370987192e-01 -1.606107828136560667e-01 1.921730123839245789e+04
6.148775285869883191e+03 2.060159192435754085e+04 1.445281663848765675e+04 6.314145839497024015e-01 -3.536449488993703011e-02 1.970830990580152866e+04
8.819268822884505425e+03 1.874665859905474645e+04 9.927389776170241021e+03 9.315735766247327243e-01 -3.084619614239862417e-01 1.749531553198429174e+04
1.022512814753268685e+04 1.905645938626633142e+04 8.831331238733644568e+03 1.165440589779611402e+00 -3.969933223597967853e-01 1.713039316842027984e+04
1.314554642387421336e+04 1.936550477826548376e+04 6.219958354391270404e+03 1.231256877658218452e+00 -2.930147943966901133e-02 1.633069845632429497e+04
1.552029119094528141e+04 2.099091904380279448e+04 5.470627852857513062e+03 1.384844219463192694e+00 -2.268481763607286747e-02 1.596413143975661296e+04
2.244104754292877260e+04 2.539485689425139572e+04 2.953809351322623115e+03 1.729625640358761984e+00 1.157570979946652839e-01 1.547768427719624924e+04
3.198602360869311815e+04 3.489007822640500672e+04 2.904054617711888568e+03 1.723313420955619568e+00 1.112195114949423996e-01 1.524113550168109941e+04
7.037619256116948964e+04 7.026565881015977357e+04 -1.105337510097160703e+02 1.874117418197360108e+00 1.860586217005587573e-01 1.482273668744081988e+04
