4.766937497529945489e+01 3.102105038314747799e+04 3.097338100817217855e+04 nan nan 3.082861226744719534e+04
1.812836650977115141e+03 2.178054388628250672e+04 1.996770723530539181e+04 4.118616864914982911e-01 -6.342925432317898793e-02 2.182260169007820514e+04
1.901806079302405806e+03 2.455867226590735299e+04 2.265686618660494787e+04 8.312819279980487863e-01 -8.907323228133191828e-02 2.409626080490452296e+04
4.661534882643071796e+03 1.960372667152011854e+04 1.494219178887704766e+04 9.865126427238148921e-01 -1.806323882562069494e-01 1.908351357621599891e+04
6.145627725078868934e+03 2.058640353100594075e+04 1.444077580592707091e+04 5.101267734660359654e-01 -1.325407649072581906e-01 1.975480866679014434e+04
8.879978200880772420e+03 1.874377606824513350e+04 9.863797867364361082e+03 7.924532937000380306e-01 -1.156423108527851323e-01 1.757707129568833261e+04
1.014343789188696792e+04 1.905535139508848806e+04 8.911913503201520143e+03 1.200180284195207392e+00 -6.030953119157868997e-02 1.721744990331867302e+04
1.305031984832279704e+04 1.933936372096973355e+04 6.289043872646936506e+03 1.372897235056485199e+00 -3.979903252657529533e-02 1.643617065804892263e+04
1.527370238339335265e+04 2.093608675061986651e+04 5.662384367226513859e+03 1.493129978613779940e+00 6.883518822699562223e-02 1.591825335704375357e+04
2.245398524349146101e+04 2.539698633623782371e+04 2.943001092746362701e+03 1.651416617124869868e+00 -2.454738674190248479e-02 1.543249083913420145e+04
3.229757459784245293e+04 3.548382770686187723e+04 3.186253109019424301e+03 2.199474601467411805e+00 1.920942865995522997e-01 1.509055412023501049e+04
6.771611117368176929e+04 6.824326342987525277e+04 5.271522561934834812e+02 1.661994121931333668e+00 2.183770151452901487e-01 1.487482230718795472e+04
