4.655741101177130759e+01 3.100833468019787688e+04 3.096177726918610642e+04 nan nan 3.089031469935569476e+04
1.834633867980246805e+03 2.178898805424643433e+04 1.995435418626618775e+04 5.126557486506732042e-01 -8.420055870895477856e-02 2.158374075598080526e+04
1.877609244299889724e+03 2.457331761348552027e+04 2.269570836918563145e+04 7.206568810984892437e-01 -1.588761228979579110e-01 2.432794633738250923e+04
4.651844186381164945e+03 1.959206406813056674e+04 1.494021988174940270e+04 9.517539830826521330e-01 -6.791890367115728522e-02 1.935923897401866634e+04
6.174072031104648886e+03 2.057697358678716773e+04 1.440290155568251794e+04 4.376626928268581018e-01 -6.828676834296526499e-02 1.952929688860337046e+04
8.946907192989770920e+03 1.872640305910505413e+04 9.779495866115283206e+03 9.038465109143366538e-01 -8.848326360566936832e-02 1.749963010573104839e+04
1.009147871900808423e+04 1.905602684761930868e+04 8.964548128611224456e+03 9.001404603647383817e-01 -7.936222201643233776e-02 1.718797807722664948e+04
1.309138905113771762e+04 1.937960041302098398e+04 6.288211361883266363e+03 1.391986841966596833e+00 1.248337533296107159e-02 1.636135423848783103e+04
1.518323497608403159e+04 2.092275024010030029e+04 5.739515264016268702e+03 1.611287884034596773e+00 -6.769960958791623740e-02 1.591762639542655052e+04
2.210783842415021354e+04 2.517366205684917441e+04 3.065823632698960864e+03 1.621680186939605806e+00 -3.743642898572615424e-02 1.528129516563904872e+04
3.307971718461046839e+04 3.592641182823737472e+04 2.846694643626906327e+03 2.029228125064479915e+00 4.499627146123984928e-02 1.522899225385885802e+04
7.301700650032832345e+04 7.345605477449951286e+04 4.390482741711894050e+02 2.078757320329332359e+00 1.826803278190169133e-01 1.478251027370778502e+04
