4.634702382064203618e+01 3.100944347955873673e+04 3.096309645573809394e+04 nan nan 3.054884410321559699e+04
1.804556521878273088e+03 2.183652019133300928e+04 2.003196366945473710e+04 6.870169075853659324e-01 -1.689770831307527976e-01 2.166672069495038522e+04
1.887673940684693662e+03 2.458614958425977602e+04 2.269847564357508236e+04 8.233241239168682668e-01 -1.965100590611005282e-01 2.416191244524632566e+04
4.679912667037359824e+03 1.959400707468204928e+04 1.491409440764469036e+04 9.542395646235964923e-01 -1.042080542357598089e-01 1.907292687226536509e+04
6.122094933480888358e+03 2.057578844994015526e+04 1.445369351645926690e+04 5.086416566375645543e-01 -1.233711683001983556e-01 1.980858367150387130e+04
8.903323682547068529e+03 1.877863371519291832e+04 9.875310032645849788e+03 9.014674925307181175e-01 -3.074198717587653396e-01 1.756354212399079188e+04
1.006307333091099281e+04 1.908469621598775120e+04 9.021622885076758394e+03 1.355585288549465028e+00 -3.148414799799337943e-02 1.733138071644864976e+04
1.309830178653633993e+04 1.939237361508966569e+04 6.294071828553325759e+03 1.135195527808482208e+00 -1.036866900329068836e-01 1.639325598831736352e+04
1.523889303045773886e+04 2.084666251224376902e+04 5.607769481786030155e+03 1.057711674279767200e+00 -2.254312838457465940e-02 1.594346075971514983e+04
2.191063866741992751e+04 2.513419642887663576e+04 3.223557761456708249e+03 1.633405496443142368e+00 6.085679800565960140e-02 1.544462051297671314e+04
3.153109082786927320e+04 3.487524449250983162e+04 3.344153664640558418e+03 1.862370089366175208e+00 1.818943183296801991e-01 1.510586349495679860e+04
7.816616472692553361e+04 7.867789205737342127e+04 5.117273304478876526e+02 2.064575934740821239e+00 3.103701913273358426e-01 1.484191771206653902e+04
