4.893127692209927915e+01 3.099676604399694406e+04 3.094783476707484442e+04 nan nan 3.118146425652982725e+04
1.823706348176393249e+03 2.179702935483011606e+04 1.997332300665372168e+04 4.050560625782850255e-01 -1.896313831642539027e-02 2.165704334063982606e+04
1.894469239930815320e+03 2.456408907170634484e+04 2.266961983177552975e+04 6.485693619845028790e-01 -1.146235974679863517e-01 2.410017638239094231e+04
4.685346678859634267e+03 1.957637519429103486e+04 1.489102851543140059e+04 1.097478320178147504e+00 -6.658495979255112107e-02 1.906073546351060213e+04
6.070912568342851955e+03 2.065020845423643550e+04 1.457929588589358355e+04 4.167021745636638186e-01 -1.013633356014476822e-01 1.978968597542659336e+04
8.885673712307811002e+03 1.877544290604120397e+04 9.889769193733392967e+03 8.873296546829475551e-01 -1.515157704007192574e-01 1.759980910321947158e+04
1.025199760859322851e+04 1.901017421538043345e+04 8.758176606787204946e+03 9.917977853660184806e-01 -2.055860042599038096e-01 1.728973886713607135e+04
1.303116049304506305e+04 1.934427713549208784e+04 6.313116642447024788e+03 1.507877305394537570e+00 -1.215057968526208204e-01 1.633864412035793612e+04
1.533503994338505981e+04 2.080686270888005311e+04 5.471822765494993291e+03 1.268242856998664125e+00 8.569508894224892037e-02 1.590673016058619760e+04
2.211943945238315064e+04 2.507837572842615918e+04 2.958936276043008547e+03 1.518027811980699582e+00 3.539821848155301487e-02 1.547169892582821012e+04
3.152683013214340463e+04 3.496327915064452827e+04 3.436449018501123646e+03 1.667604164126581523e+00 1.219904001111663527e-01 1.508188338952590129e+04
7.228212687095844012e+04 7.308142802788494737e+04 7.993011569265072467e+02 1.696071461901693667e+00 1.492043252011629184e-01 1.497277876578004543e+04
