5.299817845483900669e+01 3.101807930686531108e+04 3.096508112841047114e+04 nan nan 3.076903031686244503e+04
1.819485458617910581e+03 2.175663517153189605e+04 1.993714971291398615e+04 4.604211116751701915e-01 -7.734077570984218553e-02 2.167308362939011204e+04
1.892397634026179276e+03 2.455713788035095058e+04 2.266474024632477085e+04 6.835495414881891385e-01 -4.730141899051067828e-02 2.413551164955177956e+04
4.645950706879516474e+03 1.961642685701392111e+04 1.497047615013440372e+04 1.056675779504215207e+00 -1.740956679874226254e-01 1.916621059693487041e+04
6.126680475896934695e+03 2.060407386431994382e+04 1.447739338842301004e+04 5.842625728766209781e-01 -1.663731960574671709e-01 1.965826234954229221e+04
8.959321737322759873e+03 1.872364242655719863e+04 9.764320689234438760e+03 8.703625973221126300e-01 -1.888172642431927561e-01 1.750598644343584601e+04
1.009846695659478610e+04 1.906717147718085471e+04 8.968704520586068611e+03 1.016393269999666282e+00 -1.468254456652609563e-01 1.733355974654328747e+04
1.316552475449598205e+04 1.932319757852335169e+04 6.157672824027369643e+03 1.066377413997206203e+00 -1.308809217206580444e-01 1.640050664928054539e+04
1.546816533872959917e+04 2.091055690452071940e+04 5.442391565791120229e+03 1.167690330277223021e+00 1.528551503499291607e-02 1.590924518902859018e+04
2.240155308316880109e+04 2.526400307847962904e+04 2.862449995310827944e+03 1.691099774969700986e+00 -2.570596015521985078e-02 1.543580095967713532e+04
3.159139490793576624e+04 3.478256813604928902e+04 3.191173228113522782e+03 1.591995017791528966e+00 1.240876618661623937e-01 1.514895486748053554e+04
7.328152212890416558e+04 7.375754174024910026e+04 4.760196113449346740e+02 1.748767569541009648e+00 1.128579864584452891e-01 1.490095304909337028e+04
