5.085526718957029857e+01 3.101658614586048498e+04 3.096573087867091454e+04 nan nan 3.079955955567148703e+04
1.807330828771850065e+03 2.181734223131655745e+04 2.001001140254470738e+04 8.322388786362410196e-01 -1.425197063649132900e-01 2.150946384980851872e+04
1.891743137598520661e+03 2.456975294225746620e+04 2.267800980465894463e+04 7.108309355997288748e-01 -8.041350616716970434e-02 2.418285906382401299e+04
4.697229319613802545e+03 1.955918274935360387e+04 1.486195342973980223e+04 1.019935529292630205e+00 -1.835945924641541327e-01 1.908040858808953271e+04
6.146091078635275153e+03 2.056362610528957521e+04 1.441753502665429914e+04 6.319039771262461302e-01 -3.366698882258243458e-02 1.980262118789677697e+04
8.862765731024006527e+03 1.874569732126747840e+04 9.882931590243471874e+03 1.030410484503414326e+00 -7.213531573970820288e-02 1.752503278044663239e+04
1.010159769694273928e+04 1.910374982105947493e+04 9.002152124116735649e+03 9.931477403707758000e-01 -5.295178866543784335e-02 1.697058908044379132e+04
1.312122803049182221e+04 1.930988866617242093e+04 6.188660635680598716e+03 1.504476440388186065e+00 -6.282725334175306986e-02 1.627476564775057159e+04
1.523265554420609078e+04 2.085827723446081654e+04 5.625621690254725763e+03 1.229582271541225902e+00 4.312857653264471486e-02 1.589580716601174754e+04
2.233032100921207166e+04 2.532823204920797798e+04 2.997911039995906322e+03 1.658090470364588453e+00 3.332941956535042521e-02 1.551182235076087090e+04
3.366419816785466537e+04 3.659259244636407675e+04 2.928394278509411379e+03 1.680212892446255601e+00 2.015028424490185877e-01 1.506135826921580701e+04
6.985700298981198284e+04 7.002923340297755203e+04 1.722304131655691890e+02 1.622730928692162733e+00 1.395732794548739386e-01 1.481768422645938517e+04
