5.091133586409215184e+01 3.102312407372958842e+04 3.097221273786549500e+04 nan nan 3.087731906291577252e+04
1.823986458760645064e+03 2.180229892869714604e+04 1.997831246993649984e+04 5.286772931078976834e-01 7.163533374395056330e-02 2.162681297168051606e+04
1.890710910683634665e+03 2.456746277979363731e+04 2.267675186911000128e+04 6.819541540027144189e-01 -1.320608113208107115e-01 2.415305117345791223e+04
4.681169694272419292e+03 1.956546994342381367e+04 1.488430024915139438e+04 9.921617946003747912e-01 -1.337545574222883393e-01 1.909299070324623608e+04
6.122206372507766901e+03 2.059725787026802209e+04 1.447505149776025428e+04 6.428422257985436650e-01 -7.900948686536396481e-02 1.969967626475660290e+04
8.912711791672869367e+03 1.873278513769301935e+04 9.820073346020149984e+03 8.315077330785310972e-01 -1.460722061014502193e-01 1.753288167849947422e+04
1.016773504051274358e+04 1.910362292288406024e+04 8.935887882371316664e+03 1.106095235707527102e+00 -2.633918104740091692e-01 1.706786761645182196e+04
1.299570695791678190e+04 1.933853580195727045e+04 6.342828844040488548e+03 1.541200682032971336e+00 -9.392141088491436085e-02 1.629641180940876075e+04
1.544351482653832136e+04 2.094465991441793085e+04 5.501145087879609491e+03 1.498531180383905648e+00 1.861136301512625671e-02 1.581106439119013521e+04
2.277327272028502921e+04 2.579216909947283420e+04 3.018896379187804996e+03 1.499936129529665818e+00 1.237134633463686517e-02 1.537327134813520934e+04
3.213420182855694657e+04 3.501545937880095153e+04 2.881257550244004960e+03 1.904702873926064521e+00 1.066480909503316338e-01 1.517175375898402672e+04
8.110713569569260289e+04 8.150124086080548295e+04 3.941051651128800586e+02 2.075055126222045132e+00 2.478697728420842239e-01 1.497387540487263686e+04
