4.891378708844384704e+01 3.099636902803163684e+04 3.094745524094319262e+04 nan nan 3.112658743535794929e+04
1.825623839106506466e+03 2.178295878639039074e+04 1.995733494728388541e+04 4.955206653975228193e-01 -4.542209516236847544e-02 2.173262021331690266e+04
1.901836063986449290e+03 2.457157263974930174e+04 2.266973657576285405e+04 6.556693807553642950e-01 -1.294775060191764304e-01 2.410540563217665840e+04
4.714045139788026972e+03 1.955007699185734236e+04 1.483603185206931448e+04 9.763378684707809674e-01 -1.599251601701904002e-01 1.906327903856912599e+04
6.162534087192650077e+03 2.057392433071091727e+04 1.441139024351826811e+04 4.968394811113034382e-01 -1.025083725203844165e-01 1.974183503499971266e+04
8.860645818192084334e+03 1.876213096471877361e+04 9.901485146526689277e+03 9.195405669983417463e-01 -1.529524734063396896e-01 1.734956051440642841e+04
1.018130673472835406e+04 1.906600062242194326e+04 8.884693887693589204e+03 1.348931117579816208e+00 -2.544692011405230367e-02 1.708937725871625662e+04
1.315621987328116847e+04 1.936820223232810895e+04 6.211982359046940473e+03 1.087054353849387534e+00 -1.174045058814602999e-01 1.628809827089876671e+04
1.523747502060731313e+04 2.095216932362626903e+04 5.714694303018955907e+03 1.310481897786262229e+00 2.079739658630921917e-02 1.606294467664993681e+04
2.268510672770814926e+04 2.559829179184609529e+04 2.913185064137946028e+03 1.424240202631725793e+00 1.019478356470208437e-02 1.556682950557011827e+04
3.173019221964083044e+04 3.483379649268733192e+04 3.103604273046501476e+03 1.809849935974200852e+00 5.613863516150064542e-02 1.517112239827848862e+04
7.039999546169530367e+04 7.089786629099881975e+04 4.978708293035160750e+02 1.989979787114432241e+00 1.350063507600945956e-01 1.484767448773391516e+04
