5.076524839768403297e+01 3.100857891710689728e+04 3.095781366870921192e+04 nan nan 3.090249303942625920e+04
1.813754059922792749e+03 2.182026550666591356e+04 2.000651144674311945e+04 4.730535679824638962e-01 -2.376200868613461206e-02 2.157864709003965618e+04
1.919203286202158779e+03 2.450768041241234459e+04 2.258847712621018582e+04 8.330197430546140147e-01 -5.787090288317910808e-02 2.427710867557015445e+04
4.632814852132646593e+03 1.961586786292325633e+04 1.498305301079060882e+04 1.106620640925127352e+00 -1.400289449651053453e-01 1.908446302696103885e+04
6.149582162305449856e+03 2.057103178842091802e+04 1.442144962611546725e+04 5.812029663869350271e-01 -7.386638143072551954e-02 1.980584819115779101e+04
8.893597746429366453e+03 1.871498053393440932e+04 9.821382787505042870e+03 9.931128527902668424e-01 -2.213326114624182550e-01 1.742801007979741553e+04
1.011914173119013140e+04 1.905850612348407230e+04 8.939364392293940909e+03 9.321792522741998432e-01 -1.944371345207225044e-01 1.726298194714568672e+04
1.331398428259909633e+04 1.937056144136794683e+04 6.056577158768850495e+03 1.283394361056116706e+00 6.778906502869987312e-04 1.649163356461445437e+04
1.549907935355191694e+04 2.094008851296296416e+04 5.441009159411047222e+03 1.255699176796181149e+00 4.256776178379501063e-02 1.589243760530019972e+04
2.198238588203874679e+04 2.509433343306863389e+04 3.111947551029887109e+03 1.522973141539229358e+00 -9.072524515390328892e-02 1.552181500905981011e+04
3.231732765115677103e+04 3.546038329341153440e+04 3.143055642254763370e+03 2.038426845859493408e+00 9.476845934860100851e-02 1.516721825687433738e+04
6.859398644624934241e+04 6.874739266714503174e+04 1.534062208956893301e+02 2.306191486486182551e+00 1.262969512059235466e-01 1.503773576977353878e+04
