4.637709952455273310e+01 3.101233887288791084e+04 3.096596177336335677e+04 nan nan 3.079035228720328814e+04
1.801989259179834789e+03 2.185934326800340568e+04 2.005735400882357135e+04 8.291011472656927284e-01 1.125869693135493795e-02 2.151869757788415154e+04
1.892789328215318619e+03 2.456705286218698893e+04 2.267426353397166895e+04 6.741322419240266539e-01 -3.253678761365380590e-02 2.422557210611400296e+04
4.689849841602419474e+03 1.959852816142152369e+04 1.490867831981910422e+04 9.899558015165311753e-01 -1.056820931993146112e-01 1.893561424674797672e+04
6.090189685056483540e+03 2.061792896694727460e+04 1.452773928189079015e+04 6.181712270286029431e-01 6.581168178024830728e-02 1.981969110259432273e+04
8.920479799460428694e+03 1.876741133052262740e+04 9.846931531062198701e+03 1.033984148282459437e+00 -2.102162712986445706e-02 1.739144516236131312e+04
1.021830896009295066e+04 1.912270288523662748e+04 8.904393925143676825e+03 1.009298077448061770e+00 -1.926023066618719193e-01 1.719044576938173850e+04
1.309984374002846380e+04 1.933314481083696228e+04 6.233301070808498480e+03 1.090916793420892095e+00 -3.880785724167278711e-02 1.625103605385434639e+04
1.548046870561657852e+04 2.091111032957248972e+04 5.430641623955911200e+03 1.937783103369230320e+00 1.026556543807631422e-01 1.587804686248859980e+04
2.264500718101363236e+04 2.553558661395916351e+04 2.890579432945531153e+03 1.478361404533706791e+00 1.192946039286533200e-01 1.546417814025786538e+04
3.262825259083630226e+04 3.573775221381330630e+04 3.109499622977004037e+03 2.087845442269191221e+00 1.479174223458213089e-01 1.510753273029110642e+04
7.615910080504618236e+04 7.656306625172006898e+04 4.039654466738866176e+02 2.024618442549472874e+00 1.748949218047025633e-01 1.489151477809759308e+04
