4.381590252802736529e+01 3.101445224590161888e+04 3.097063634337359326e+04 nan nan 3.080280477020678882e+04
1.794956704778157928e+03 2.185094472709429829e+04 2.005598802231614172e+04 7.533734871777300057e-01 4.049643048506038068e-02 2.157314078853285173e+04
1.898633279551267151e+03 2.452989655911589580e+04 2.263126327956462774e+04 7.582636161722718926e-01 -2.961114961315317647e-03 2.427349105712957680e+04
4.679214327850115296e+03 1.960910754606543560e+04 1.492989321821532030e+04 1.181439452412370583e+00 -1.396492577816202674e-01 1.898506088618416470e+04
6.114240665497873124e+03 2.061772826253572566e+04 1.450348759703785254e+04 5.247594491135938455e-01 -1.618166021489016171e-01 1.956231515648036293e+04
8.860854579452408871e+03 1.872626441853633514e+04 9.865409839083926272e+03 9.532837864856739118e-01 -1.521968260327615508e-01 1.768301701260702248e+04
1.010813238820849983e+04 1.910962947689244902e+04 9.001497088683949187e+03 1.075707104304248540e+00 -5.809422075152132631e-02 1.728591615426303542e+04
1.315594940916485939e+04 1.936506027945983442e+04 6.209110870294975030e+03 1.190559922475457499e+00 -3.058424528870956616e-02 1.627130958088356238e+04
1.548194542067299335e+04 2.096455325159840140e+04 5.482607830925408052e+03 1.354021599137090748e+00 2.358355935771248597e-03 1.591620357309364226e+04
2.190271769583002242e+04 2.509405095512174375e+04 3.191333259291721333e+03 1.499345611155501246e+00 7.486688222347497208e-03 1.530973891732067932e+04
3.209757776632935565e+04 3.490253723194003396e+04 2.804959465610678308e+03 1.832587152922037887e+00 7.453784899337158321e-02 1.522576764884902877e+04
7.720639273798362410e+04 7.740052406561737007e+04 1.941313276337459683e+02 2.091720746908539486e+00 1.428053425692749068e-01 1.490646499838016825e+04
