5.181441151586814442e+01 3.102929043400105002e+04 3.097747602248518160e+04 nan nan 3.068859857253059090e+04
1.830092600742183777e+03 2.177507665236464527e+04 1.994498405162246127e+04 3.924812216822144428e-01 9.169070923080779867e-02 2.162628251436104983e+04
1.896488175002021762e+03 2.455856087251449208e+04 2.266207269751247077e+04 7.605295116537821309e-01 -1.583505601397214579e-01 2.417708088336783476e+04
4.679469694673262893e+03 1.956728021877198626e+04 1.488781052409872427e+04 9.918599382077989413e-01 -1.439021725990467793e-01 1.915637429709673597e+04
6.163815223263562075e+03 2.058148119915529605e+04 1.441766597589173398e+04 5.737922156509164262e-01 -2.050737615292321792e-01 1.979751242230055868e+04
8.901657928355598415e+03 1.872247889007666163e+04 9.820820961721063213e+03 9.122253003637164070e-01 -1.995587560025567642e-01 1.749914339802484392e+04
1.022047317429506620e+04 1.901559673717547412e+04 8.795123562880407917e+03 9.986808343252802089e-01 -3.966280262305501431e-02 1.729903898166215367e+04
1.331450083478851047e+04 1.933963963827592670e+04 6.025138803487416226e+03 1.124862002466520572e+00 1.884239263107046619e-02 1.633154118700625804e+04
1.531963463766310997e+04 2.089455972136560376e+04 5.574925083702493794e+03 1.427398773985522951e+00 -7.288716943811271443e-02 1.597754633102434127e+04
2.209629959034534477e+04 2.527303219102165167e+04 3.176732600676306902e+03 1.304456476454276315e+00 7.745743455298392810e-02 1.550499134311825401e+04
3.129952234901587508e+04 3.421884437821667234e+04 2.919322029200797260e+03 1.776601521514258097e+00 7.203976443728991874e-02 1.524708671713990952e+04
7.466236367238675302e+04 7.431375174289205461e+04 -3.486119294946984155e+02 2.102713784527048713e+00 1.775785285479905828e-01 1.489226870294746914e+04
