4.790419548553105500e+01 3.099666168869952526e+04 3.094875749321399417e+04 nan nan 3.121352464474258159e+04
1.829236453639164438e+03 2.178800638484791489e+04 1.995876993120874977e+04 7.123551989156687858e-01 -4.231845494447280392e-02 2.151848965692951970e+04
1.911636788241771455e+03 2.452652219715290630e+04 2.261488540891113371e+04 6.565089859594095412e-01 -1.796179242745514493e-02 2.406751577848523812e+04
4.696750334584738994e+03 1.957671163267375232e+04 1.487996129808901242e+04 1.080396342472939031e+00 -1.462669810904802803e-01 1.898066728149355913e+04
6.079289702427588963e+03 2.062831280907393375e+04 1.454902310664634570e+04 7.004184512419048270e-01 -1.092247657145576784e-01 1.976323384799830819e+04
8.923298773889140648e+03 1.870493194828752894e+04 9.781633174398388292e+03 9.485390220146571183e-01 -1.880140781181288412e-01 1.761345280996019574e+04
1.012387041333110756e+04 1.907507979198729663e+04 8.951209378656189074e+03 1.054393746312576319e+00 -2.447051803293279482e-01 1.742570420336122697e+04
1.327981908079027198e+04 1.934682056978430774e+04 6.067001488994035753e+03 1.145269356823521267e+00 3.090429019778963629e-02 1.636150022104167329e+04
1.541399470111830487e+04 2.088776766643208248e+04 5.473772965313777604e+03 1.429539961453882180e+00 -1.296836156105066751e-01 1.599432603692267730e+04
2.234780744013810545e+04 2.528346946268446845e+04 2.935662022546363005e+03 1.778422116281015875e+00 8.359056623939607744e-02 1.531172811365196503e+04
3.380808623817797343e+04 3.659296923619717563e+04 2.784882998019202205e+03 1.750307116542596075e+00 2.500231184078550717e-01 1.529562933086525300e+04
7.094888832617187290e+04 7.168200456867618777e+04 7.331162425043148687e+02 1.818591107985290334e+00 2.042519365560067357e-01 1.492521833427699494e+04
