5.168690334038949885e+01 3.100907542448006279e+04 3.095738852113967368e+04 nan nan 3.093786328002951632e+04
1.821835546130883813e+03 2.182331587322303676e+04 2.000148032709215477e+04 3.296779818756415126e-01 -1.533896263497734891e-01 2.160982635471161848e+04
1.897542339543578237e+03 2.452637034012962977e+04 2.262882800058605062e+04 8.172762365154947473e-01 -2.147935355054625406e-02 2.428129974383462104e+04
4.637635695443558689e+03 1.960673414067924750e+04 1.496909844523568972e+04 1.045356588763511008e+00 -9.915576850943091936e-02 1.929318773628482813e+04
6.132741263074492963e+03 2.061040205231168147e+04 1.447766078923718851e+04 5.734342368945162249e-01 -1.836679563715183650e-01 1.976579343916440848e+04
8.831319767751085237e+03 1.876769872525213577e+04 9.936378957501050536e+03 8.582122744514885104e-01 -2.316150738242951646e-01 1.756431378995568230e+04
1.018693660713041390e+04 1.904457949468343213e+04 8.857642887553018227e+03 8.856824767001131304e-01 -7.618238298720259039e-02 1.734136406816421368e+04
1.300965128280677163e+04 1.928450239103819331e+04 6.274851108231421676e+03 1.061616058342318425e+00 -1.287906985257479715e-02 1.631913946389285411e+04
1.505427591555308936e+04 2.081256359539659388e+04 5.758287679843504520e+03 1.178625138905605274e+00 8.415493631233238181e-02 1.589084410117993684e+04
2.226025641459061808e+04 2.523800748367499182e+04 2.977751069084373739e+03 1.790822111631657165e+00 -1.380200500808693997e-02 1.552181888511813122e+04
3.175277204506464477e+04 3.483671455294963380e+04 3.083942507884989027e+03 1.666447253847497478e+00 8.223046409415639413e-02 1.520633148060767053e+04
7.488642011817599996e+04 7.470700184158093180e+04 -1.794182765950681642e+02 2.112748653807134502e+00 2.313487377701764769e-01 1.480819431655136941e+04
