4.920023924867783904e+01 3.101493705990502349e+04 3.096573682065634421e+04 nan nan 3.092808311747630069e+04
1.821783133596311018e+03 2.181806470679736958e+04 1.999628157320105674e+04 5.428274588253187982e-01 -1.381231755613154810e-01 2.164313787780207713e+04
1.894536011588106931e+03 2.453509606596141384e+04 2.264056005437330532e+04 8.714243901985204710e-01 2.786536609773131515e-02 2.419639141557021503e+04
4.632892024633409164e+03 1.962618556845826606e+04 1.499329354382485690e+04 1.037239395397672626e+00 -2.350459490166225199e-02 1.913021714414318558e+04
6.160929409642874816e+03 2.060782174383708116e+04 1.444689233419420634e+04 6.019544733965956906e-01 -8.036809514472055549e-02 1.956313195772119434e+04
8.921223532446085301e+03 1.876939198869638858e+04 9.848168456250303279e+03 8.297414482608518327e-01 -2.703797103733343588e-01 1.755757517272956829e+04
1.025727411430646680e+04 1.903446109330697072e+04 8.777186979000503925e+03 1.049355856569518020e+00 -2.072135379799718014e-01 1.719387814071671528e+04
1.315230454572409144e+04 1.933894659129529464e+04 6.186642045571203198e+03 1.402939021354068005e+00 -1.563798217564910387e-01 1.648140030069155182e+04
1.584993549954306036e+04 2.110265651632411391e+04 5.252721016781053549e+03 1.514489313893206512e+00 2.267317212605809151e-01 1.588330561453024347e+04
2.189730277888622004e+04 2.506103479428434730e+04 3.163732015398127260e+03 1.461497493439626760e+00 8.361354597266799915e-03 1.547254819279371623e+04
3.217832768328996463e+04 3.512801173855290108e+04 2.949684055262936454e+03 2.232880783028700744e+00 1.042682214713508242e-02 1.507616440436564881e+04
7.263444301086572523e+04 7.319104533786013781e+04 5.566023269944125786e+02 1.833389717664207552e+00 1.473374714144281283e-01 1.478257460301681022e+04
