4.983190773935548634e+01 3.102805585113590860e+04 3.097822394339655148e+04 nan nan 3.088914662305426464e+04
1.824649937603850958e+03 2.180878315933220074e+04 1.998413322172834887e+04 6.270772797581515290e-01 -3.048011948892560830e-02 2.157600227935176372e+04
1.884314808542655101e+03 2.457818415554763487e+04 2.269386934700498023e+04 8.067426884016324351e-01 -1.950549388825907060e-01 2.416452579613276612e+04
4.680973829855761323e+03 1.959151435827900787e+04 1.491054052842324745e+04 1.036348207712645797e+00 -1.004975693126234498e-01 1.901935017765298471e+04
6.135115871601242361e+03 2.060053891502869010e+04 1.446542304342744683e+04 5.452915930823563073e-01 -1.164593167374004534e-01 1.954847302040440263e+04
8.828945096881441714e+03 1.881456429778825623e+04 9.985619200906814513e+03 9.823346806255736086e-01 -9.699144306280278738e-02 1.744518316907612461e+04
1.011260620973197547e+04 1.908969447996415329e+04 8.977088270232177820e+03 9.026472792846136350e-01 -2.268314346014732863e-01 1.737720747241541903e+04
1.339107764287315513e+04 1.938761659078591401e+04 5.996538947912758886e+03 1.355894806876387859e+00 -2.140002269154763770e-01 1.631790229735572029e+04
1.519943517032531417e+04 2.087233896670127069e+04 5.672903796375956517e+03 1.355210110992558725e+00 2.803651073432465377e-02 1.601183277976841782e+04
2.218281976934889099e+04 2.530832423155141441e+04 3.125504462202523428e+03 2.135685439896306104e+00 1.123158919807402678e-01 1.554074412203186512e+04
3.174879025973793250e+04 3.492112624417016195e+04 3.172335984432229452e+03 1.837243363365939075e+00 1.250706810655776158e-01 1.521394067895393164e+04
7.370949191782344133e+04 7.307316888552352611e+04 -6.363230322999152122e+02 1.924535612041019972e+00 7.283327412105682075e-02 1.480084812676856382e+04
