4.537083626124998403e+01 3.101228237273439299e+04 3.096691153647314422e+04 nan nan 3.087797731683375605e+04
1.818093231686113995e+03 2.180647684690127426e+04 1.998838361521515981e+04 3.905205834286827327e-01 -1.073598153281513229e-01 2.164574234521757171e+04
1.897995937783945237e+03 2.454379718296539431e+04 2.264580124518145021e+04 6.473356925183400001e-01 -5.676308116468955361e-02 2.414198982974667888e+04
4.714743037887687024e+03 1.953329574488553772e+04 1.481855270699785069e+04 1.044626169411378536e+00 -1.613623508812634666e-01 1.899935608655149190e+04
6.083049751817441575e+03 2.064340810623789002e+04 1.456035835442044845e+04 4.928038859281025919e-01 -1.342159095079906439e-01 1.961334964960348952e+04
8.927379776001956998e+03 1.873701836881553754e+04 9.809638592813580544e+03 1.133467110662881749e+00 -1.447989486497344158e-01 1.741316633249049846e+04
1.021181414384491291e+04 1.904249016936945191e+04 8.830676025524539000e+03 1.162050624427413581e+00 -7.268658225927022987e-02 1.718498562370920627e+04
1.334439254290295321e+04 1.937780493467603446e+04 6.033412391773081254e+03 1.268449407222727476e+00 -1.234689577609751621e-02 1.634358613429396792e+04
1.532753012726387169e+04 2.091674355390926576e+04 5.589213426645394065e+03 1.513728097972328657e+00 1.295084876284450515e-01 1.601658262994295364e+04
2.292319556554357769e+04 2.576563599890998012e+04 2.842440433366402431e+03 1.741898959138876934e+00 1.081821198378502130e-01 1.544295327395716231e+04
3.344296952889976819e+04 3.628029167664959095e+04 2.837322147749822761e+03 1.725510813338148930e+00 1.687194392395362230e-01 1.490630360366440436e+04
7.906913749487574387e+04 7.953769349878463254e+04 4.685560039088886697e+02 2.176348773746163534e+00 3.019935529906049299e-01 1.467318709601849514e+04
