4.588638870254509072e+01 3.100083597953838762e+04 3.095494959083584399e+04 nan nan 3.097387862042289271e+04
1.806204919261129589e+03 2.183632154483542399e+04 2.003011662557429372e+04 3.482832532032647532e-01 7.327053390507669295e-02 2.139818173042008129e+04
1.888325305516440949e+03 2.457768890196117718e+04 2.268936359644473487e+04 6.928424837132798331e-01 -8.011665138098890415e-02 2.411386720792988854e+04
4.686365933590046552e+03 1.956378349696163423e+04 1.487741756337158768e+04 1.065776101641099594e+00 -6.665894203014312291e-02 1.906280413759942894e+04
6.152470165760844793e+03 2.056854405596973083e+04 1.441607389020888513e+04 4.477276949599600653e-01 -3.369466904629233456e-02 1.975708042729764929e+04
8.820864077507227194e+03 1.875791720002307193e+04 9.937053122515844734e+03 8.870119685100416040e-01 -1.975232727415806855e-01 1.737736873390463734e+04
1.004048703458159252e+04 1.906762201919868676e+04 9.027134984617094233e+03 9.307504807342298347e-01 -1.224399940471923576e-01 1.734432975776090461e+04
1.306124625904692584e+04 1.933798437280645157e+04 6.276738113759525731e+03 1.405474476931856787e+00 -9.177417638743705711e-03 1.627362045740415488e+04
1.528674189298293823e+04 2.090348284536171195e+04 5.616740952378773727e+03 1.789368576104094499e+00 -2.948105099011050223e-02 1.595480796429533802e+04
2.234958837459853021e+04 2.535579744697955175e+04 3.006209072381021542e+03 1.478833772561000570e+00 1.155361834220853569e-02 1.539807871864871231e+04
3.207881149822709995e+04 3.488506186378696293e+04 2.806250365559862985e+03 1.687515232738839188e+00 1.366034366947162793e-01 1.515519283733289376e+04
7.066617364641369204e+04 7.088778552297841816e+04 2.216118765647261171e+02 2.295229346896833444e+00 1.593820349138527215e-01 1.479260881554612570e+04
