4.222829482075442087e+01 3.100971912079025060e+04 3.096749082596949665e+04 nan nan 3.078502360220869377e+04
1.815754614502566710e+03 2.185258354915513701e+04 2.003682893465257075e+04 8.151587215835197631e-01 -2.596764963702779053e-02 2.142635682497562084e+04
1.884208427719403744e+03 2.453433445456133995e+04 2.265012602684193553e+04 5.246163970666227749e-01 -1.025717935835129407e-01 2.439434228780437115e+04
4.716379826593520193e+03 1.953947101779916193e+04 1.482309119120564173e+04 1.073578344479162450e+00 -9.702312287902581378e-02 1.908245673678567255e+04
6.094901424563699038e+03 2.061552670744939314e+04 1.452062528288569411e+04 5.699632485227122958e-01 -1.130967396528341773e-01 1.975884548788910251e+04
8.908443978077924839e+03 1.870593390373601142e+04 9.797489925658086577e+03 1.088118640609482490e+00 -9.251308355899655333e-02 1.752707243016675784e+04
1.018070760224887272e+04 1.907222774346947335e+04 8.891520141220600635e+03 8.723599229913902020e-01 -3.000238560609387317e-01 1.712983141311219879e+04
1.329863822045338929e+04 1.932791487355658683e+04 6.029276653103197532e+03 1.213668894865618242e+00 3.710598837873906822e-03 1.641968932784886420e+04
1.548973496445145975e+04 2.088069339413186754e+04 5.390958429680407789e+03 1.878823181312054613e+00 -2.417759215636934231e-02 1.590687348414205371e+04
2.220174921707661269e+04 2.518281972151835726e+04 2.981070504441744561e+03 1.708602867110527557e+00 4.236264574100864072e-02 1.552215757401617702e+04
3.098445586473195726e+04 3.402159922771303536e+04 3.037143362981078099e+03 2.243933649249700846e+00 4.691694849944453433e-02 1.517803658683765389e+04
6.815299352413213637e+04 6.848696869725447323e+04 3.339751731223368552e+02 1.962270140564446708e+00 5.482376137894693496e-02 1.497461786211883918e+04
