4.820931648339333009e+01 3.099171714407826948e+04 3.094350782759487629e+04 nan nan 3.102578443347968278e+04
1.811329671277164152e+03 2.183180678946744592e+04 2.002047711819028336e+04 5.404976982358226101e-01 -1.325093441605538214e-01 2.133404698640126662e+04
1.903177985438312362e+03 2.455755695271304285e+04 2.265437896727472980e+04 1.024729061767089666e+00 -2.098952684476405525e-02 2.410393782694033143e+04
4.706216239975089593e+03 1.954423373847910261e+04 1.483801749850401393e+04 9.749432503700791175e-01 -1.581994619699043092e-01 1.916921790681220227e+04
6.104282660003236742e+03 2.061141842026423546e+04 1.450713576026099872e+04 5.405344165390180144e-01 -7.413592925328858774e-02 1.979282269978863042e+04
8.845071892514662977e+03 1.876981289978420682e+04 9.924741007269543843e+03 9.199024307209012763e-01 -5.210665141427386210e-02 1.754235072950704489e+04
1.007484474838068490e+04 1.906838370002957890e+04 8.993538951648893999e+03 8.860150072837345014e-01 -1.947622919366601979e-01 1.725291890063267783e+04
1.315958689285177570e+04 1.933721041040058481e+04 6.177623517548809104e+03 1.408158867138231685e+00 6.164531069314126838e-02 1.627100233768140242e+04
1.523647364714577452e+04 2.081870829709111058e+04 5.582234649945336059e+03 1.594215770848084412e+00 9.134291863701209102e-02 1.576201062464665119e+04
2.243731435583717030e+04 2.548770340350177867e+04 3.050389047664608370e+03 1.527761697552659337e+00 -1.550419642542465171e-01 1.541852063629974873e+04
3.248598184856787339e+04 3.570062101771277230e+04 3.214639169144898915e+03 2.052217668473425682e+00 1.974440162354452674e-02 1.516386427732139782e+04
7.382809678777291265e+04 7.362073163757527072e+04 -2.073651501976419240e+02 2.191460814150234970e+00 1.958383688022672653e-01 1.495761474068908501e+04
