4.372554664750691700e+01 3.100808869287794369e+04 3.096436314623043654e+04 nan nan 3.081013631239212918e+04
1.800691866204620283e+03 2.185668030076646028e+04 2.005598843456184113e+04 6.214676489391589564e-01 1.307467127128741358e-01 2.150724901993100866e+04
1.874516216720676312e+03 2.459070536848334086e+04 2.271618915176266455e+04 5.401479248800827859e-01 -1.335525156121609991e-01 2.423286406976859871e+04
4.706160260889932943e+03 1.953844287491087016e+04 1.483228261402093631e+04 1.018202179534292817e+00 -1.961860596109517019e-01 1.902399959359560307e+04
6.143829518424792695e+03 2.056012891343286537e+04 1.441629939500807268e+04 4.421019707837308688e-01 -7.237471035540095354e-02 1.958995066684411722e+04
8.930954043485009606e+03 1.872484396909266070e+04 9.793889925607651094e+03 9.966865537205119585e-01 -2.283173525090723410e-01 1.756300132964064323e+04
1.015011025943693858e+04 1.906805304274307127e+04 8.917942783306132696e+03 1.105841070025215922e+00 -5.612373028688687898e-02 1.720788364655227997e+04
1.309457406041267132e+04 1.940316238184511894e+04 6.308588321432447628e+03 1.180002044633790659e+00 -6.022769069798374758e-02 1.638786613637729897e+04
1.532553464690660803e+04 2.081188799065491548e+04 5.486353343748307452e+03 1.418900458243583129e+00 -1.139260120640246936e-03 1.594468991552017178e+04
2.208333785505789274e+04 2.506082233453896697e+04 2.977484479481074231e+03 1.562664563256616068e+00 1.071938042666680663e-01 1.531583705859106885e+04
3.115940482538865763e+04 3.432159412128033000e+04 3.162189295891672373e+03 1.674558705801050706e+00 3.260606894949637929e-02 1.519413592593609792e+04
7.267337518512542010e+04 7.268359749475095305e+04 1.022230962553294376e+01 1.680449124649586734e+00 2.120587430253760564e-01 1.483406358397044460e+04
