4.638484774462354920e+01 3.100811728493135524e+04 3.096173243718673257e+04 nan nan 3.082158800299667564e+04
1.821284479336338563e+03 2.182443585837318096e+04 2.000315137903684081e+04 3.830759502589304866e-01 1.887367134717116493e-02 2.143856675087274198e+04
1.896630584426720361e+03 2.455214975620012046e+04 2.265551917177340147e+04 5.142602561859094257e-01 -1.832401309501067999e-01 2.402326829178588378e+04
4.701252377323546170e+03 1.954403905774479426e+04 1.484278668042124809e+04 9.229304777073931154e-01 -1.099816016514108680e-01 1.904866361223269269e+04
6.192217550210210902e+03 2.057720070353746996e+04 1.438498315332725906e+04 5.584794097354638387e-01 -1.181718074075035069e-01 1.946125626548365472e+04
8.846391196968568693e+03 1.876107761294579177e+04 9.914686415977223078e+03 8.062329230567155669e-01 -2.138029089941842764e-01 1.757829426548255651e+04
9.939554850913054906e+03 1.909901357574147551e+04 9.159458724828420600e+03 1.083143483870217416e+00 -1.089484635566846799e-01 1.743747574242835981e+04
1.315034354095038179e+04 1.933706906801208970e+04 6.186725527061707908e+03 1.192764844113029632e+00 -1.965064584026477157e-01 1.633830796481026664e+04
1.531505289935826295e+04 2.087463373988441526e+04 5.559580840526152315e+03 1.223220278026605046e+00 1.881426356819429838e-02 1.600766669538261522e+04
2.346431645577028394e+04 2.616136693062087943e+04 2.697050474850595492e+03 1.508937615497063733e+00 -2.036620410823906935e-02 1.535943090811409456e+04
3.132319579151414291e+04 3.423086785085844895e+04 2.907672059344306035e+03 1.912130378800684261e+00 7.883830792542634303e-02 1.510674067391201424e+04
7.582719559099982143e+04 7.629342715935230081e+04 4.662315683524793712e+02 1.791794139401551966e+00 2.831310141805847280e-01 1.477218978207929467e+04
