4.807159172918476031e+01 3.101658818819902808e+04 3.096851659646984263e+04 nan nan 3.089818277895725623e+04
1.809662787492716234e+03 2.181732163983636929e+04 2.000765885234365123e+04 4.402270192566404283e-01 -8.835770060846875884e-02 2.148921430249662080e+04
1.888172058514909622e+03 2.455429111072715386e+04 2.266611905221224515e+04 6.264742392853481778e-01 -8.283965249209218618e-02 2.422852783254642418e+04
4.687380098525880385e+03 1.958499683629981155e+04 1.489761673777393116e+04 9.953335909659187797e-01 2.816838114047773289e-02 1.915650513103481353e+04
6.170670025125791653e+03 2.056948582900229667e+04 1.439881580387650502e+04 5.964911080305034252e-01 -1.011311806220355908e-01 1.966777147369875820e+04
8.934528947770697414e+03 1.872693155734743777e+04 9.792402609576740360e+03 8.626997768579748316e-01 -1.992177285445582424e-01 1.744867237503959404e+04
1.014809627224879296e+04 1.910297786792636543e+04 8.954881595677572477e+03 1.012588484622180207e+00 -2.274528063849900195e-01 1.708867589125062659e+04
1.315572829446048854e+04 1.935840873610265407e+04 6.202680441642165533e+03 1.200724020792808266e+00 -1.717341256327397092e-01 1.640915897735774342e+04
1.535866428516329870e+04 2.082728517046643174e+04 5.468620885303133036e+03 1.742433334934523792e+00 -3.452885746387616972e-02 1.603624066408277758e+04
2.295990978581099262e+04 2.586571067358116852e+04 2.905800887770175905e+03 1.825480821342113869e+00 -1.131273316500472914e-01 1.576650036338973769e+04
3.265046841841399873e+04 3.547826008098178863e+04 2.827791662567789899e+03 1.634177471479901556e+00 1.234657235705062250e-01 1.522750489645217385e+04
8.197770905732500250e+04 8.177817843839155103e+04 -1.995306189334514784e+02 1.739716700356823464e+00 2.783428734403355365e-01 1.480436690667952280e+04
