4.987016628111125272e+01 3.102717560250371025e+04 3.097730543622259938e+04 nan nan 3.079516688152499773e+04
1.817688196619133578e+03 2.182817753653777254e+04 2.001048933991864033e+04 1.369870962305463680e+00 -2.620437846982062377e-02 2.167050452509040406e+04
1.902238450094786458e+03 2.452669572814013009e+04 2.262445727804534545e+04 6.240397178838851255e-01 -1.330844321779967310e-01 2.425712852698440111e+04
4.641586054025035992e+03 1.962504612029655254e+04 1.498346006627151655e+04 9.913349020033871417e-01 -1.047179895888721290e-01 1.893036426858527921e+04
6.167854345098658996e+03 2.056152104619129022e+04 1.439366670109263214e+04 6.292393112565471958e-01 -8.023560098566155652e-02 1.975377248726881953e+04
8.900695409885816844e+03 1.875946886081277626e+04 9.858773450926959413e+03 8.913930522856055028e-01 -2.088427004805552267e-01 1.724396243488414621e+04
1.001352568487669305e+04 1.907885057640176092e+04 9.065324891525067869e+03 1.131263050624842448e+00 -2.450985046658014921e-01 1.728000161790892525e+04
1.318981309276750835e+04 1.938269580523043260e+04 6.192882712462924246e+03 1.554133416418883362e+00 2.401708328072661713e-02 1.638149919725831205e+04
1.509327160583775913e+04 2.083535115454484912e+04 5.742079548707089998e+03 1.559045902758429358e+00 -1.684751944898609313e-02 1.587197459012522995e+04
2.302993753438782369e+04 2.610668620887136422e+04 3.076748674483540526e+03 1.642251983809298821e+00 3.393142430549187655e-02 1.558107946172590164e+04
3.144768324079145896e+04 3.466122098960869334e+04 3.213537748817234387e+03 1.583941006710823940e+00 7.125649777602742485e-02 1.517433144027041453e+04
7.985952757458310225e+04 8.020338043597240176e+04 3.438528613892995054e+02 1.719220943974932192e+00 3.216248939834665532e-01 1.476310445045573579e+04
