4.731691526778985235e+01 3.102948850247774317e+04 3.098217158720995212e+04 nan nan 3.077907751350167382e+04
1.811510676114153057e+03 2.181288404753852592e+04 2.000137337142437173e+04 6.050868933242560255e-01 2.459381641634130269e-02 2.155617176411321998e+04
1.894739812065801971e+03 2.453398169507635976e+04 2.263924188301055619e+04 7.626715862836417337e-01 -5.925278415479958566e-02 2.426949426985100945e+04
4.674028702516839076e+03 1.958744615974431508e+04 1.491341745722747510e+04 9.863412048028968870e-01 -1.547032501151513195e-01 1.897179165898170322e+04
6.156730259582413964e+03 2.056001112954051860e+04 1.440328086995810372e+04 5.698242288159783842e-01 -3.168040630702945171e-02 1.980012984575154042e+04
8.891781474930405238e+03 1.873279821239302328e+04 9.841016737462618039e+03 7.713406233502767551e-01 -2.766780126543118556e-01 1.753927276920433724e+04
1.009079172628698689e+04 1.907532361765663154e+04 8.984531891369644654e+03 1.019587069315859296e+00 -1.764133421669476787e-01 1.718045829333471920e+04
1.301352239720022772e+04 1.925072768929303857e+04 6.237205292092810851e+03 1.299852362248401061e+00 -1.400349736863847061e-02 1.632152124105701296e+04
1.540637871737739079e+04 2.094043955973724587e+04 5.534060842359855087e+03 1.490635919648426011e+00 -8.126865604833041767e-02 1.595748962331978873e+04
2.209714336429956165e+04 2.539416288411969072e+04 3.297019519820129062e+03 1.594446359929966972e+00 -5.543429300840704670e-03 1.562734927297966897e+04
3.108177274234444849e+04 3.448723820758518559e+04 3.405465465240737103e+03 1.688518182516191679e+00 1.288303619673183097e-02 1.518377861227804715e+04
6.977874148892606900e+04 7.020759324093577743e+04 4.288517520097084343e+02 2.183365520130123638e+00 -5.570558717827369527e-02 1.491480593659193073e+04
