4.741894501592586408e+01 3.099927084295787063e+04 3.095185189794194594e+04 nan nan 3.088321162572584581e+04
1.831322129964913984e+03 2.179529257366991806e+04 1.996397044370500225e+04 4.934312145307055419e-01 -1.820267460311510155e-01 2.147722169685018525e+04
1.898636264904671862e+03 2.453138263240083688e+04 2.263274636749616548e+04 8.983640213873700375e-01 -1.252640527549173655e-01 2.418143965760391438e+04
4.714448615811261334e+03 1.952595792312245248e+04 1.481150930731119115e+04 1.012876065311345775e+00 -1.317997327748815506e-01 1.899717640748371923e+04
6.125645403285268003e+03 2.061154576242732583e+04 1.448590035914205873e+04 8.005756382116041570e-01 -9.450056812742589629e-02 1.957650989951592055e+04
8.799564299754789317e+03 1.874532841377669320e+04 9.945764114021903879e+03 9.035671629707797692e-01 -1.387588117554907630e-01 1.756155956788253025e+04
1.009863691500147615e+04 1.909901347195042035e+04 9.000376556948944199e+03 1.085347053122444727e+00 -1.415638622777395661e-01 1.722298709254333517e+04
1.286828070888666298e+04 1.924385610130666828e+04 6.375575392420005301e+03 1.228702958612341023e+00 -2.541759913782704050e-02 1.647988950655122244e+04
1.548574596338998526e+04 2.092716463314056455e+04 5.441418669750579284e+03 1.389601477464606605e+00 7.700317721226198481e-03 1.584638609880865988e+04
2.216070143598652066e+04 2.517900417908096642e+04 3.018302743094445759e+03 1.627503089763508326e+00 4.737909136653844361e-02 1.540758625711397508e+04
3.187594861500777188e+04 3.479303644834127772e+04 2.917087833333505841e+03 1.875305981229120400e+00 2.779691044719980950e-02 1.520520247326581921e+04
6.903455911257496336e+04 6.984042068940457830e+04 8.058615768296149326e+02 1.905499644763964495e+00 1.883234229364303680e-01 1.489976811833592183e+04
