4.598354645649673955e+01 3.101009975671815482e+04 3.096411621026165813e+04 nan nan 3.086806100460115704e+04
1.821328887050009598e+03 2.179836469113191561e+04 1.997703580408190464e+04 6.608403626122801855e-01 -2.476080139490466347e-01 2.161024628754075093e+04
1.901142868434115144e+03 2.454535331212096571e+04 2.264421044368685034e+04 7.060659515652586427e-01 -6.117302696768139869e-02 2.423131016358781562e+04
4.680382367583019004e+03 1.956926660242144862e+04 1.488888423483842962e+04 9.565666944842771136e-01 -1.041877026245576765e-01 1.908673073427354757e+04
6.039105503912094719e+03 2.063480003126540396e+04 1.459569452735330924e+04 7.692187781550443582e-01 -1.675208929668662305e-01 1.971876799622827093e+04
8.819222697461322241e+03 1.876580002039479950e+04 9.946577322933477262e+03 8.589235911921937472e-01 -1.606235777648669094e-01 1.758565797258630482e+04
9.946206833677319082e+03 1.909145082106726477e+04 9.145243987389945687e+03 9.530454783671803431e-01 -1.205328583438031870e-01 1.735777224869602287e+04
1.316304060342042249e+04 1.943797448108242315e+04 6.274933877662000668e+03 1.284033026272385136e+00 -3.213059196345042362e-02 1.624490295140771377e+04
1.538676991694895696e+04 2.096477344447842916e+04 5.578003527529472194e+03 2.018778736070107271e+00 2.643511847658337743e-02 1.584995332183055325e+04
2.216174685260236220e+04 2.521064823366422206e+04 3.048901381061859865e+03 1.523654355211398803e+00 9.625707752844414600e-02 1.550746479575590456e+04
3.299692467492061405e+04 3.578244000084988511e+04 2.785515325929271057e+03 1.533179713337736061e+00 1.697744543164195485e-01 1.502373328211855915e+04
7.366882170789074735e+04 7.379875859556492651e+04 1.299368876741791610e+02 1.767946991269999435e+00 2.410575867394233185e-01 1.491871151140795700e+04
