4.827768332718586208e+01 3.101612843837288892e+04 3.096785075504570341e+04 nan nan 3.078541614788335573e+04
1.827607473897046248e+03 2.181484899514481367e+04 1.998724152124776811e+04 5.491561602469537950e-01 -2.377976385726618958e-01 2.134596473701604555e+04
1.877246602491927888e+03 2.458758407876248748e+04 2.271033747627056073e+04 8.687823808351025079e-01 -1.546785313641580173e-01 2.425848711936869586e+04
4.644029026442088252e+03 1.961603604017187172e+04 1.497200701372978438e+04 9.385753234470447515e-01 -7.883774155703475450e-02 1.913782324873992184e+04
6.131463456752107959e+03 2.059259864213630499e+04 1.446113518538419703e+04 5.899263546959024884e-01 -1.300239266154076534e-01 1.972662801391465473e+04
8.819479162648638521e+03 1.875555674445801196e+04 9.936077581809373442e+03 7.928274465186095910e-01 -1.689571134425521537e-01 1.763848472359143852e+04
1.009006129208414677e+04 1.908489571906370475e+04 8.994834426979557975e+03 9.824968743557661588e-01 -1.068411512399318752e-01 1.711947265689415872e+04
1.310082513368071886e+04 1.933716350667962251e+04 6.236338372998903651e+03 1.172786494182264549e+00 -1.165699467627106523e-01 1.630274516617700647e+04
1.535156526292912895e+04 2.091217401215307473e+04 5.560608749223945779e+03 1.389354137266030742e+00 2.641495223054811034e-02 1.585230148900921267e+04
2.268168295624017264e+04 2.578631467150353637e+04 3.104631715263363731e+03 1.420775870435717181e+00 5.967850189405293770e-02 1.547392912616160538e+04
3.307861864989840979e+04 3.579446552272092958e+04 2.715846872822519799e+03 1.907282203253136688e+00 1.923786742673135389e-02 1.514575411538194203e+04
7.409077642386825755e+04 7.421935017421195516e+04 1.285737503436976112e+02 1.778789417914094839e+00 1.559181140247415005e-02 1.488558730955640931e+04
