4.752182233183710025e+01 3.100291289597325522e+04 3.095539107364141819e+04 nan nan 3.098450325571609937e+04
1.836070546664328276e+03 2.178410306659440903e+04 1.994803251993008234e+04 5.967382560500356092e-01 -8.115595499140801361e-02 2.154841286066678003e+04
1.891991587480692715e+03 2.457121969344396712e+04 2.267922810596327326e+04 5.992080627112266189e-01 -1.812086318197915213e-01 2.418997645582993209e+04
4.626818397334483052e+03 1.961322761120411815e+04 1.498640921386963601e+04 1.018098391430139804e+00 -1.162081852156407052e-01 1.922303051571486139e+04
6.236162308284977371e+03 2.052370695189650723e+04 1.428754464361153077e+04 6.935386062347353997e-01 -2.204754182762309611e-01 1.962881233009378411e+04
8.940075021459741038e+03 1.871712282515234983e+04 9.777047803692608795e+03 8.509468231588447340e-01 -6.698895375967695021e-02 1.754756265130079191e+04
1.011514961859881623e+04 1.908661880416584609e+04 8.971469185567029854e+03 9.387182482759742763e-01 -1.003170925993543267e-01 1.720968661347515445e+04
1.294159724367363015e+04 1.925545895973620281e+04 6.313861716062572668e+03 1.460860926067825138e+00 -1.070921376968651945e-01 1.620621117891474751e+04
1.548485233199093273e+04 2.101119257326552543e+04 5.526340241274592699e+03 1.256652958193142267e+00 7.758693892113917301e-02 1.606551987752976675e+04
2.159761387050231133e+04 2.491696890677910778e+04 3.319355036276796454e+03 1.747683301120506627e+00 7.937306166540632202e-02 1.554843781722323183e+04
3.143248604547288414e+04 3.458203555681747093e+04 3.149549511344586790e+03 1.627270948950782392e+00 1.422866187681577632e-01 1.513844032487216282e+04
8.244872010689035233e+04 8.209010251882062585e+04 -3.586175880697264802e+02 1.749555886669876159e+00 2.941388016324997801e-01 1.476800672858353937e+04
