4.522394734013666096e+01 3.100197664818418343e+04 3.095675270084404838e+04 nan nan 3.084879883164591956e+04
1.803849697545466142e+03 2.181873005042029035e+04 2.001488035287482489e+04 6.297240465496983797e-01 -1.921067787478486777e-01 2.162415188650874188e+04
1.874965780821989711e+03 2.457336989449393877e+04 2.269840411367194974e+04 7.155505358268327010e-01 -8.088127334773052846e-02 2.429002648976509226e+04
4.668104830240936280e+03 1.959413271372308009e+04 1.492602788348214381e+04 9.813230814598593588e-01 -7.481389329307543135e-02 1.902144560991252729e+04
6.154616271073496137e+03 2.056944069930909245e+04 1.441482442823559541e+04 4.886736750007297236e-01 -1.327037712542601944e-01 1.959408338508995803e+04
8.820842275615821563e+03 1.879533648876952793e+04 9.974494213153706369e+03 9.375856460847261653e-01 -2.114192913621749381e-01 1.760232963428880248e+04
1.029226256803263095e+04 1.901377624786633169e+04 8.721513679833700735e+03 8.387319384277267531e-01 3.400213723814200090e-02 1.721458213198556768e+04
1.285141939333730261e+04 1.924739086998611674e+04 6.395971476648814132e+03 1.240737493880425424e+00 -6.964181971822346051e-02 1.643454129548783021e+04
1.518206069211230169e+04 2.080480794118715858e+04 5.622747249074856882e+03 1.634471317640872279e+00 -2.881769494520823247e-02 1.600142106965860694e+04
2.277449040487151069e+04 2.550749744474222825e+04 2.733007039870717563e+03 1.586669340400554518e+00 9.796920687225375846e-02 1.543217707777833857e+04
3.243753648420305035e+04 3.567497114779421827e+04 3.237434663591167919e+03 1.629381146785734424e+00 1.559142389200637580e-01 1.510797507254847187e+04
7.657529509591418901e+04 7.686979527887946460e+04 2.945001829652755987e+02 2.063862337727808693e+00 3.257762592486679321e-01 1.483108120537008290e+04
