4.618631748169921281e+01 3.101491062096348833e+04 3.096872430348178750e+04 nan nan 3.087633753494559642e+04
1.800455852564684392e+03 2.184808343611900636e+04 2.004762758355432015e+04 6.262440471558893273e-01 6.157200350957273832e-02 2.152755812176823019e+04
1.898385114011170572e+03 2.454661262848205297e+04 2.264822751447088376e+04 6.973403093213197401e-01 -1.840173412647437556e-01 2.410316411264968701e+04
4.692752455940003529e+03 1.956709650839105234e+04 1.487434405245104790e+04 1.030407023732169858e+00 -2.436128318587478248e-01 1.908832433109175690e+04
6.078489204193434489e+03 2.062459145331070249e+04 1.454610224911726800e+04 5.596739617100396913e-01 -1.256466282321934413e-01 1.974722310078615556e+04
8.955559645798304700e+03 1.869850028207668583e+04 9.742940636278381135e+03 8.557326032907003333e-01 -2.007892667644457230e-01 1.750407895675807595e+04
1.009938606029355651e+04 1.906339199748715691e+04 8.964005937193600403e+03 1.139062213527658463e+00 -1.630145175016179671e-01 1.719958120083620452e+04
1.323740265118236857e+04 1.932292384323142687e+04 6.085521192049058300e+03 1.287408796373875175e+00 -9.119610672702090082e-02 1.641252441257362443e+04
1.552282291414972497e+04 2.091116489700562670e+04 5.388341982855901733e+03 1.575507028511976104e+00 1.681673560825361347e-02 1.600715559614472841e+04
2.256098286873726101e+04 2.558147814465323245e+04 3.020495275915971433e+03 1.388972801885489217e+00 6.929395336209613621e-02 1.546656451702190861e+04
3.188567750196677298e+04 3.491438433754156722e+04 3.028706835574794241e+03 1.707593214803077464e+00 6.459462952222146115e-02 1.522880929098094202e+04
7.531833764845012047e+04 7.533601411391174770e+04 1.767646546162723098e+01 2.088119069920186366e+00 1.662180331968519387e-01 1.482318305630291434e+04
