4.606721599016248803e+01 3.101359848857528777e+04 3.096753127258512541e+04 nan nan 3.095602642709894644e+04
1.821922847294162239e+03 2.179112294144381303e+04 1.996920009414965170e+04 1.600554389838582781e+00 -4.146540212671934872e-02 2.165999191785601943e+04
1.902857277279940035e+03 2.455093791000200872e+04 2.264808063272206709e+04 6.033674398123803906e-01 -9.480696245438853531e-02 2.420754562771565179e+04
4.633428847184660299e+03 1.963900703245287514e+04 1.500557818526821575e+04 1.029929442695019404e+00 -1.931672381450532383e-01 1.901555339278120300e+04
6.197497525680812032e+03 2.052966530761785907e+04 1.433216778193704704e+04 5.139634551874527890e-01 -1.200248917483949657e-01 1.960759710529390577e+04
8.849199224622230759e+03 1.878879671891625185e+04 9.939597494294021089e+03 9.097560694783465296e-01 -1.858945586233600178e-01 1.742581539451157732e+04
1.008361382247839538e+04 1.907528596194848433e+04 8.991672139470088950e+03 1.156779630751827881e+00 -5.840322253244587675e-02 1.720431758464233644e+04
1.313665184043062072e+04 1.933346179773566837e+04 6.196809957305047647e+03 1.278795354104101278e+00 -7.367742196106286112e-02 1.628745374510556394e+04
1.531338034105365114e+04 2.085337153909111657e+04 5.539991198037465438e+03 1.863089743780330210e+00 7.401597068926417389e-02 1.580200088266486273e+04
2.272879248308943716e+04 2.541943704404910750e+04 2.690644560959670343e+03 1.583134577432807832e+00 -6.561412272420191760e-02 1.536930134052565154e+04
3.448932288865016744e+04 3.748075791906162340e+04 2.991435030411455955e+03 1.538304455574979857e+00 1.421143340141360623e-01 1.521179543575793832e+04
7.299727079932295601e+04 7.315569691559534112e+04 1.584261162723851157e+02 1.882327699739098081e+00 1.718330309471232872e-02 1.482552899935769528e+04
