4.673782656657517975e+01 3.101012459008724545e+04 3.096338676352066977e+04 nan nan 3.096945306859370248e+04
1.817531603858276412e+03 2.179885748092311405e+04 1.998132587706483901e+04 7.865480462081376745e-01 -1.255119041566551963e-02 2.159037524129487792e+04
1.898588750842487798e+03 2.457455706376612216e+04 2.267596831292363277e+04 7.369435464155161819e-01 -1.697440712893661940e-01 2.403937009360667798e+04
4.628676022862018726e+03 1.963448727960775432e+04 1.500581125674573559e+04 9.473868822732395278e-01 -5.091802143669459796e-02 1.902734087835916580e+04
6.125256948193439712e+03 2.059679462859449632e+04 1.447153768040105570e+04 4.806067929120866888e-01 -2.116246514183790506e-01 1.957956500447351573e+04
8.893070569381970927e+03 1.874618591546462994e+04 9.853115346082659016e+03 1.090696641449139470e+00 -1.711735497585912535e-01 1.758881157844215704e+04
9.960334456111810141e+03 1.903013481007500013e+04 9.069800353963189991e+03 1.029266742661094192e+00 -2.057719734345099527e-01 1.734968569855104215e+04
1.323962954050801636e+04 1.939277703461924102e+04 6.153147494111224660e+03 1.071304470794113284e+00 -1.132873023968400950e-01 1.621619388712282853e+04
1.547478558079090908e+04 2.095576285547632142e+04 5.480977274685412340e+03 1.670735178781779462e+00 1.382105985022377415e-01 1.599783754134758601e+04
2.276501419766621621e+04 2.589070104678399002e+04 3.125686849117773818e+03 1.475774647962260433e+00 1.256452750629027670e-01 1.532562144450499909e+04
3.174379954345894294e+04 3.479886938193419337e+04 3.055069838475250435e+03 1.739350846523011640e+00 1.653654967454206981e-01 1.524591145895902810e+04
7.269986788959497062e+04 7.306126659746906080e+04 3.613987078740901779e+02 3.074562699304907110e+00 2.326396820698180823e-01 1.478844167994360214e+04
