4.621549764942300698e+01 3.101671070618166050e+04 3.097049520853223657e+04 nan nan 3.085220186231840125e+04
1.823338235057274005e+03 2.178010964929088368e+04 1.995677141423360808e+04 6.560723111122440665e-01 9.782078382209401235e-02 2.161959777850387036e+04
1.878845283654794912e+03 2.454899021408395492e+04 2.267014493042916001e+04 6.063143728583199055e-01 -4.502750905811604004e-02 2.431212686859518362e+04
4.647099109584656617e+03 1.960291713835746123e+04 1.495581802877280461e+04 9.879101971428356777e-01 4.127689675666750685e-02 1.910736775715063777e+04
6.102083293523017346e+03 2.062358952289467925e+04 1.452150622937166190e+04 5.726626064234218161e-01 -2.083579620370870356e-01 1.977365224769873021e+04
8.972737001770368806e+03 1.870708295986876692e+04 9.734345958098398114e+03 8.196790481977899168e-01 -2.024163899165893066e-01 1.758794628176940387e+04
9.989880735099915910e+03 1.910028550100941357e+04 9.110404765909497655e+03 1.061310808126957328e+00 -7.961259434055424633e-02 1.726930956626859916e+04
1.292967562732368788e+04 1.931314113075369096e+04 6.383465503430003082e+03 1.565576313648081141e+00 -9.006172354903944910e-02 1.633424191483695358e+04
1.534273519828380995e+04 2.091056023260729125e+04 5.567825034323481304e+03 1.527032071814688363e+00 9.086654113408158817e-02 1.584695429069525562e+04
2.279361652278297697e+04 2.564478989779398762e+04 2.851173375011010648e+03 2.188486682865667721e+00 3.059161767618924846e-02 1.549204546478620614e+04
3.260682425166593748e+04 3.583619809712786810e+04 3.229373845461930614e+03 1.988984411420717580e+00 9.031697865735181796e-02 1.510162221323126505e+04
7.696433714351928211e+04 7.697398956837029255e+04 9.652424851010437123e+00 2.295128056507734549e+00 2.402424730486915905e-01 1.497807948314505302e+04
