4.820446850715619291e+01 3.100451314782981717e+04 3.095630867932266119e+04 nan nan 3.121098574963724241e+04
1.818848506053629080e+03 2.184473577948189995e+04 2.002588727342827042e+04 6.698560799914518027e-01 3.083087021697021937e-02 2.159817587004635061e+04
1.906869593346657439e+03 2.452828664160981134e+04 2.262141704826315254e+04 8.580159418785782144e-01 -1.317925085262990903e-01 2.416837751467034832e+04
4.684561862433104579e+03 1.955430436606817602e+04 1.486974250363507235e+04 9.603123138431984840e-01 -2.693206813755696927e-02 1.913688744255269921e+04
6.106425405481818416e+03 2.060828073540429614e+04 1.450185532992247681e+04 5.603175276136652672e-01 -1.123837112326381282e-01 1.970699092835641568e+04
9.001086866833258682e+03 1.869959849098200357e+04 9.698511624148744886e+03 1.135442241477036207e+00 -1.931693586354225056e-01 1.761941447527767014e+04
1.006202363732735648e+04 1.910460025358982239e+04 9.042576616262465905e+03 9.111774941420094365e-01 -9.581779063605265490e-02 1.723743456535723817e+04
1.338468085759998030e+04 1.943504710434789376e+04 6.050366246747913465e+03 1.443408751646310550e+00 3.029917428763456710e-02 1.626202905494221341e+04
1.508866571562941135e+04 2.090290163456945811e+04 5.814235918940046759e+03 1.309642452146926761e+00 1.255852184269197203e-01 1.598577239320312583e+04
2.208799956323034348e+04 2.539739225502587942e+04 3.309392691795535939e+03 1.298862991865535221e+00 1.544889856868073563e-01 1.541701442013508859e+04
3.274930840163213361e+04 3.608944466225178621e+04 3.340136260619652603e+03 1.657650562194331156e+00 7.097241514853090683e-02 1.520662301158220725e+04
7.035774792109495320e+04 6.994301600819132000e+04 -4.147319129036332015e+02 2.175377278938332992e+00 3.248685047747296717e-01 1.482788711019195034e+04
