4.633491071151137675e+01 3.101615832198425414e+04 3.096982341127274412e+04 nan nan 3.091187664446055715e+04
1.809859826495602874e+03 2.183883318651678564e+04 2.002897336002118391e+04 4.727121498833070645e-01 -1.617100589452058479e-01 2.160780195868323062e+04
1.885777667954354456e+03 2.456057350051169124e+04 2.267479583255733814e+04 8.549924262432999633e-01 -5.882622320158874957e-02 2.412080558002839098e+04
4.646637229695429596e+03 1.960984691994242894e+04 1.496320969024700025e+04 1.088080345363086510e+00 -2.217382530800089679e-01 1.916354225917032090e+04
6.132337037643478652e+03 2.056266497528183027e+04 1.443032793763835070e+04 6.668566630078802682e-01 3.063909121808392963e-02 1.977239053528289151e+04
9.046095448676864180e+03 1.871616156479109122e+04 9.670066116114227043e+03 9.066089317060092023e-01 -8.783854049710136669e-02 1.745583082681530141e+04
1.011020949442743040e+04 1.905141511423152770e+04 8.941205619804097296e+03 1.148689461182601734e+00 -2.434594628425886323e-02 1.716256956845017703e+04
1.305239788838176901e+04 1.939330351545865778e+04 6.340905627076888777e+03 1.362186974051237565e+00 -2.531018267793475052e-02 1.633257689235807447e+04
1.563247833795460792e+04 2.102112781094123056e+04 5.388649472986622641e+03 1.421768749659900744e+00 -1.174719291866322367e-02 1.589769670698641676e+04
2.235725760352997895e+04 2.532840637561905532e+04 2.971148772089076374e+03 1.372515806368818536e+00 -7.631145070265973884e-02 1.547043227707390179e+04
3.286109136992893036e+04 3.582719740925831138e+04 2.966106039329381019e+03 1.997625387903973815e+00 7.617082528139910991e-02 1.511393999839895514e+04
8.259475643419480184e+04 8.275969657494986313e+04 1.649401407550612930e+02 1.917031102996150871e+00 2.229050090611588431e-01 1.490596480034548404e+04
