4.685472671922274657e+01 3.102795414435275597e+04 3.098109941763353345e+04 nan nan 3.085306799487176613e+04
1.803205059547906103e+03 2.185778397467678951e+04 2.005457891512888455e+04 4.186145185930001400e-01 -7.273640818455572032e-02 2.158586305832213839e+04
1.853452421830391131e+03 2.461515522556878568e+04 2.276170280373839341e+04 6.323490027104671229e-01 -4.099579155186974105e-02 2.408017201852113794e+04
4.677062323022325472e+03 1.959624662240107864e+04 1.491918429937875408e+04 9.177831052293740077e-01 -1.238447323751636353e-01 1.897685602090106840e+04
6.150667262562047654e+03 2.060333038633718388e+04 1.445266312377513532e+04 4.622461341507724808e-01 -1.198403523942809107e-01 1.970100632416484950e+04
8.856174700623014360e+03 1.878448616018578468e+04 9.928311459562770324e+03 8.641829625982485608e-01 -2.113921388283152847e-01 1.749956911441679404e+04
1.009729260805349440e+04 1.908193586558280003e+04 8.984643257529305629e+03 1.068114662997161846e+00 -2.448947665837924170e-01 1.721402357600883261e+04
1.301914684542086434e+04 1.932215366043231552e+04 6.303006815011451181e+03 1.607945777406811549e+00 -1.096245063973784045e-01 1.626834986517312427e+04
1.554464625085252192e+04 2.096968608913935896e+04 5.425039838286837039e+03 1.257456283065651492e+00 4.351420977018641278e-02 1.587379694816495612e+04
2.296145252790223094e+04 2.597957560548251058e+04 3.018123077580279642e+03 1.501242910734612357e+00 9.584631750339578371e-02 1.533512224979848907e+04
3.196789440004361313e+04 3.483197741561930161e+04 2.864083015575688478e+03 1.937055462464611688e+00 9.242119959438806209e-02 1.514760332041636502e+04
7.203350754684444109e+04 7.206328486588524538e+04 2.977731904080428649e+01 1.881671617087986803e+00 1.385585850895071358e-01 1.482109550575669891e+04
