4.289018288255470424e+01 3.098276310048086088e+04 3.093987291759830623e+04 nan nan 3.114462813785267645e+04
1.823785854783284321e+03 2.178483374705624010e+04 1.996104789227295623e+04 5.478153715836575621e-01 -1.261496829841544376e-01 2.151294490980529008e+04
1.885699399253997399e+03 2.457507394379224570e+04 2.268937454453824830e+04 8.938770836020172306e-01 -1.565675987111166678e-01 2.423565121833838930e+04
4.694356164573762726e+03 1.956108353642852308e+04 1.486672737185476035e+04 1.071108454459717141e+00 -3.223585291505445816e-01 1.925289611287780281e+04
6.127066312264214503e+03 2.059741504378139143e+04 1.447034873151717693e+04 4.352352597891124275e-01 -5.016587179415634562e-02 1.959385716889479590e+04
8.846949825613792200e+03 1.875280646981396421e+04 9.905856644200172013e+03 8.617269373075173711e-01 -2.100192911806195717e-01 1.762054176411059962e+04
1.012790126636450259e+04 1.908086703704520187e+04 8.952965770680699279e+03 8.594800599655273432e-01 5.218946501756626527e-02 1.717223108702554600e+04
1.316154076549843558e+04 1.937204066827134739e+04 6.210499902772911810e+03 1.227378316273137537e+00 -1.426427996266654008e-01 1.629436229844091031e+04
1.539086088362052215e+04 2.093789696213667048e+04 5.547036078516148336e+03 1.520540336499418332e+00 -3.454111096487536697e-02 1.584142405150817103e+04
2.230847008911665398e+04 2.521456912099141482e+04 2.906099031874760840e+03 1.398987663116076474e+00 2.144512804522814495e-02 1.540524291287348933e+04
3.262859459801077901e+04 3.561533698574911250e+04 2.986742387738333491e+03 1.957443502798785318e+00 3.106386065209548741e-02 1.516219568674861694e+04
7.404641241702217667e+04 7.383845143488848407e+04 -2.079609821336925961e+02 2.063192382317902585e+00 9.586640653210309893e-02 1.475819901014869174e+04
