4.932377063417257546e+01 3.101576470734048053e+04 3.096644093670630900e+04 nan nan 3.085940568545075803e+04
1.819151551193895557e+03 2.182239280718544978e+04 2.000324125599155377e+04 9.218573365943080189e-01 -1.453953869622079953e-01 2.142554551023706881e+04
1.880812209813102982e+03 2.457755891097662970e+04 2.269674670116352718e+04 7.219819864894923001e-01 -2.399067595042475853e-01 2.399254166076605907e+04
4.692487195911797244e+03 1.955033019242504452e+04 1.485784299651324727e+04 1.012965709514574764e+00 -3.411753167200042847e-01 1.913327833233481942e+04
6.163796890252759113e+03 2.055152898234013992e+04 1.438773209208738081e+04 5.504445435404177189e-01 2.613586891533194179e-02 1.981535380943816926e+04
8.815198418085190497e+03 1.876021902352289908e+04 9.945020605437708582e+03 9.053355245948591090e-01 -1.658993293851748208e-01 1.744078014024475851e+04
1.011919413192396860e+04 1.906194072099721598e+04 8.942746589073247378e+03 1.090094318397136108e+00 -7.783912736631110052e-02 1.723901236824665102e+04
1.337502492577191697e+04 1.938454486341861775e+04 6.009519937646700782e+03 1.187645194531996573e+00 -9.490470169741272236e-03 1.639064736707376505e+04
1.506117820997153649e+04 2.090337038784416291e+04 5.842192177872626417e+03 1.383095622739523245e+00 -2.119194870339025094e-02 1.605405765154469373e+04
2.164087652515032096e+04 2.495491048286784280e+04 3.314033957717521844e+03 1.384442637634186068e+00 -2.599436311095644839e-02 1.543300819468110058e+04
3.163868782682144592e+04 3.459458399132706836e+04 2.955896164505622437e+03 1.693397998563255458e+00 4.131326172208881625e-02 1.524287148231418541e+04
6.584885439626475272e+04 6.670378220754749782e+04 8.549278112827450968e+02 2.025987707542727723e+00 1.787677653644927922e-01 1.473156557790531588e+04
