4.791217913137096929e+01 3.100174490529736067e+04 3.095383272616599061e+04 nan nan 3.111509057781556476e+04
1.816057241958348413e+03 2.181995119730462102e+04 2.000389395534627329e+04 1.249468448656951836e+00 -4.946923710529883139e-02 2.150138107515397496e+04
1.902261762288387899e+03 2.454430852480078829e+04 2.264204676251240016e+04 9.197189948711953500e-01 -2.318432538423435274e-01 2.414988218891719953e+04
4.709397023799828276e+03 1.954565077667622245e+04 1.483625375287639326e+04 1.045237733798392021e+00 -2.203427427740115851e-01 1.908473378729647084e+04
6.175955322118458753e+03 2.058473516629462756e+04 1.440877984417616972e+04 5.244871415787668578e-01 -3.466771793962416387e-02 1.954407659770070677e+04
8.859981721936459508e+03 1.875695768377087370e+04 9.896975961834414193e+03 1.000516072428566217e+00 -1.805562882216074916e-01 1.767971737550598482e+04
1.021047661046259782e+04 1.903234108259429922e+04 8.821864472131701405e+03 1.041512044020741490e+00 -2.463180540627417925e-01 1.722118222280725604e+04
1.319807048374322767e+04 1.936341416583801765e+04 6.165343682094789983e+03 1.217234066170930662e+00 -1.267251053202928801e-01 1.624356584395880782e+04
1.547196209613716928e+04 2.087026140759677583e+04 5.398299311459606542e+03 1.591923871359495424e+00 -1.795283363683980102e-02 1.584687363720356188e+04
2.212075579424328316e+04 2.533554799525887574e+04 3.214792201015592582e+03 1.910025389492265857e+00 -4.690315139445692255e-02 1.543984670595589523e+04
3.308510330823166441e+04 3.627692004535588057e+04 3.191816737124216161e+03 1.980496352665541027e+00 1.269580852501434320e-01 1.530250458187091681e+04
7.013706599877655390e+04 7.039921386598779645e+04 2.621478672112425556e+02 1.835367741713280099e+00 3.538698688427738964e-02 1.499426264676840947e+04
