4.408930018456641875e+01 3.101075989886706520e+04 3.096667059868249999e+04 nan nan 3.108406269880955369e+04
1.807421298081325176e+03 2.183929719885436862e+04 2.003187590077304412e+04 6.055519074201891616e-01 -9.007671168164264885e-02 2.168431853090188088e+04
1.888884446459837818e+03 2.456705113953427281e+04 2.267816669307443590e+04 6.275577576274274927e-01 -8.185605011930002783e-02 2.412671763469035068e+04
4.628117142207905090e+03 1.964340489182478996e+04 1.501528774961688396e+04 1.007208972936693980e+00 -2.078195738960756656e-01 1.904689504325185408e+04
6.134119547862902436e+03 2.060859358441920631e+04 1.447447403655630478e+04 5.853658458295145639e-01 -2.405371901259811540e-01 1.970956672318455094e+04
8.888610820590696676e+03 1.875010663652521544e+04 9.861495815934518760e+03 9.883525444715471897e-01 -5.389247533979541621e-02 1.749069604117800191e+04
1.011673106924656349e+04 1.911977567448416448e+04 9.003044605237600990e+03 1.349840494697851057e+00 -1.524498025010035951e-01 1.715062799014416305e+04
1.319078582397982973e+04 1.935090775835905151e+04 6.160121934379221784e+03 1.254537606367417402e+00 -6.034994281504929559e-02 1.644722195077379365e+04
1.556158694339469366e+04 2.093394827357962276e+04 5.372361330184929102e+03 1.316076612754998543e+00 -3.652852718847566377e-02 1.592077792035617313e+04
2.278520247084486982e+04 2.565496178897936625e+04 2.869759318134496425e+03 1.483600860335487326e+00 1.884011742685691437e-01 1.534321009240500644e+04
3.206591418849766706e+04 3.549765677115218568e+04 3.431742582654518628e+03 1.956818002480404273e+00 8.502613320105568973e-02 1.521600937671857173e+04
7.570231099477627140e+04 7.610103064352182264e+04 3.987196487455512397e+02 1.787764420782094854e+00 1.969582558295599195e-01 1.471701346869310328e+04
