4.730675576304953722e+01 3.102727114202468874e+04 3.097996438626163945e+04 nan nan 3.078425317713537879e+04
1.814671693368060005e+03 2.180657009557531637e+04 1.999189840220725455e+04 5.185732331534471662e-01 -1.869429327891374004e-02 2.157645905363843485e+04
1.886522479157823454e+03 2.458282267326940564e+04 2.269630019411158355e+04 8.253402812331508409e-01 -1.120032395097892847e-01 2.408479680165630998e+04
4.677073625707014799e+03 1.957864367567855879e+04 1.490157004997154399e+04 9.678329923811715974e-01 -5.058335137961195160e-02 1.915001185199144311e+04
6.158790792078521918e+03 2.057120758547633159e+04 1.441241679339780967e+04 6.659328096262607799e-01 -1.726558227704889370e-01 1.968370687809354422e+04
8.820146618691318508e+03 1.880223343264805953e+04 9.982086813956741025e+03 1.014660827456500991e+00 -1.471406110131474321e-01 1.748538666606303377e+04
1.009855503860004137e+04 1.905037759340619232e+04 8.951822554806150947e+03 1.200917633620561142e+00 -1.011303241173797107e-01 1.722938322952638191e+04
1.305274231176169997e+04 1.934020500200441165e+04 6.287462690242711687e+03 1.179096105067707345e+00 -1.149493472145569212e-01 1.640044735624120949e+04
1.536360868878229121e+04 2.093421211947500342e+04 5.570603430692712209e+03 1.360413104804626849e+00 6.478501612079289040e-02 1.601646621627590685e+04
2.249454901701699418e+04 2.563249364251653969e+04 3.137944625499545509e+03 1.671645160848614253e+00 9.536810651896678037e-02 1.540362692893834355e+04
3.214389594137329186e+04 3.503020965604839876e+04 2.886313714675106894e+03 1.907163978521066783e+00 9.893463090843628016e-02 1.525096843916919534e+04
7.653552796535578091e+04 7.713796241334119986e+04 6.024344479854189558e+02 1.874753485387979923e+00 3.577048471424602027e-01 1.486056845277278262e+04
