4.520661818600727599e+01 3.099605594441314315e+04 3.095084932622713677e+04 nan nan 3.101091914004226055e+04
1.826135065771713471e+03 2.181218985347546914e+04 1.998605478770375703e+04 7.708140482704471941e-01 -5.355119934268662979e-02 2.152629012251313179e+04
1.890695347626892726e+03 2.457313135985264307e+04 2.268243601222574944e+04 8.822576951778279275e-01 -7.579987881029601193e-02 2.398517798892360224e+04
4.682861124345394273e+03 1.957504005278280601e+04 1.489217892843741174e+04 9.359453022669880218e-01 -1.654502054138591027e-01 1.917987893258463009e+04
6.093729440657413761e+03 2.066451361875487419e+04 1.457078417809745952e+04 5.329464345989740615e-01 -1.712997029202191490e-01 1.946557293533172560e+04
8.932296784780663074e+03 1.875592594165113405e+04 9.823629156870470979e+03 8.709002906799190313e-01 -1.367635237840928164e-01 1.737206906535042799e+04
1.014244006279288624e+04 1.907756644832371603e+04 8.935126385530829793e+03 9.808215876595868243e-01 -1.783293035694258621e-01 1.710166239671868971e+04
1.295884238344657933e+04 1.927384192708239425e+04 6.314999543635814916e+03 1.067196084991304472e+00 -5.064911898046723510e-02 1.632663572689674766e+04
1.523922184110563467e+04 2.081466554750906653e+04 5.575443706403431861e+03 1.271854991108095634e+00 6.769058365422453427e-02 1.601959847274127787e+04
2.224922562461987764e+04 2.527689975436254826e+04 3.027674129742670630e+03 1.434578140953853831e+00 4.914326163486450877e-02 1.538840926784097974e+04
3.404477235300991742e+04 3.670952041200331587e+04 2.664748058993398445e+03 1.581166807781528405e+00 2.156564143613793616e-01 1.519623364485003731e+04
7.102786458922886231e+04 7.143217754886014154e+04 4.043129596312792273e+02 1.957051952447774523e+00 1.161071828218317031e-01 1.487856830960067418e+04
