4.963779093077478421e+01 3.100561371643507300e+04 3.095597592550429908e+04 nan nan 3.102221463721133114e+04
1.822595875542562680e+03 2.183078516717490857e+04 2.000818929163234498e+04 4.037289918710634251e-01 -3.545860605182505482e-02 2.149402865635959097e+04
1.877451974428890935e+03 2.461231935765160597e+04 2.273486738322271412e+04 6.218303797198788674e-01 -1.674768952883899653e-01 2.401385043541720370e+04
4.703889817835207396e+03 1.955019186220415577e+04 1.484630204436894928e+04 9.571995740782565099e-01 -1.866704794097929776e-01 1.909076805042569322e+04
6.156446475813791039e+03 2.054877693288591763e+04 1.439233045707212659e+04 6.191670690443434877e-01 -9.908743097933508936e-02 1.970044955396461955e+04
8.900673204389688181e+03 1.873694401059670781e+04 9.836270806207019632e+03 1.037794409446064048e+00 -1.929197795590265885e-01 1.760002574736066163e+04
1.013151496813812992e+04 1.908493816443877949e+04 8.953423196300649579e+03 7.892042194409324418e-01 -2.376009884991719945e-01 1.731544013959243239e+04
1.298621531497854085e+04 1.939036607037314752e+04 6.404150755394606676e+03 1.323121812583753831e+00 -9.207606762647807530e-02 1.624382660782272433e+04
1.540032302181359591e+04 2.093580816498481727e+04 5.535485143171221353e+03 1.247780880966454342e+00 5.725833257837100593e-02 1.586593798513553338e+04
2.225252403414540458e+04 2.505340468141056044e+04 2.800880647265155858e+03 1.586735279192265979e+00 -1.195861514570442791e-01 1.532618046109173883e+04
3.166835099903480659e+04 3.463949355559895776e+04 2.971142556564151164e+03 1.668882386498935277e+00 6.068186454131329483e-02 1.525716320288926363e+04
7.178785134038192336e+04 7.130647095243021613e+04 -4.813803879517072346e+02 2.040224959747027889e+00 1.099119749541423580e-01 1.475325627451672335e+04
