4.881923433594243278e+01 3.102219768311993175e+04 3.097337844878398755e+04 nan nan 3.082446027467798194e+04
1.812995539156672066e+03 2.177643256874839062e+04 1.996343702959171787e+04 4.488970213495877548e-01 -4.806393225588297818e-02 2.165677004579953064e+04
1.882862614469088157e+03 2.457806973360348275e+04 2.269520711913439300e+04 8.580275056478191553e-01 -1.212018819275571119e-01 2.415276042616177074e+04
4.717466618709872819e+03 1.953075953947538437e+04 1.481329292076551064e+04 9.639711357121208968e-01 -1.088011196148485765e-01 1.910915557390255344e+04
6.140581070455272311e+03 2.056940387481702055e+04 1.442882280436174915e+04 5.027684072638692880e-01 -5.067003862527409003e-02 1.963911138319906604e+04
8.896880991718842779e+03 1.874118352107080136e+04 9.844302529351958583e+03 8.591374041779188397e-01 -1.341375597283192278e-01 1.765034402694690652e+04
1.011348798887679732e+04 1.910795938703095089e+04 8.994471398154153576e+03 9.268174087123184357e-01 -4.329194959130197584e-02 1.704554165077050129e+04
1.311672974634851926e+04 1.928522894612041273e+04 6.168499199771893473e+03 1.276988630088299326e+00 -7.328049115641509237e-02 1.625397712948493245e+04
1.527136786120563011e+04 2.081432930573508202e+04 5.542961444529451910e+03 1.256506114493204151e+00 4.797500324837263713e-02 1.609429090021469347e+04
2.281153061618057473e+04 2.550823601471894290e+04 2.696705398538368172e+03 1.344190246057063609e+00 -1.619807419052041453e-01 1.560925136140899667e+04
3.199930420382561351e+04 3.489392510497221519e+04 2.894620901146601682e+03 1.711540956007117309e+00 4.847460054458905404e-02 1.517884990081879550e+04
7.348934602590714348e+04 7.404940531366347568e+04 5.600592877563321963e+02 1.857925458158012022e+00 3.024720854398104120e-01 1.494424150084841676e+04
