4.709811356584344111e+01 3.101410365331040157e+04 3.096700553974455761e+04 nan nan 3.085162605989487565e+04
1.803610462333166879e+03 2.184417252743009885e+04 2.004056206509693220e+04 6.272790022491113726e-01 -6.862365367265187144e-02 2.160246114714855503e+04
1.878411455505391359e+03 2.455405803472653861e+04 2.267564657922114566e+04 8.746606986983612719e-01 -2.303346232954664174e-01 2.449256507814449651e+04
4.727090993692626398e+03 1.952645881866439595e+04 1.479936782497177046e+04 1.087675316912423584e+00 -1.811248628670199812e-01 1.897852572361757484e+04
6.117709816045654406e+03 2.063437544912115482e+04 1.451666563307549950e+04 5.371317944718484449e-01 -1.452036961840711682e-01 1.961560303963767728e+04
8.911154374695281149e+03 1.874230640480797229e+04 9.831152030112691136e+03 8.748984747506166615e-01 -1.034592043110502818e-01 1.756250540982602615e+04
1.004484214058356702e+04 1.905889510358154803e+04 9.014052962997981012e+03 9.167258925863461805e-01 -9.821763638545689956e-02 1.721511484855138042e+04
1.305637688313561375e+04 1.936240161683382757e+04 6.306024733698213822e+03 1.471097721234004174e+00 -1.223125159418451541e-01 1.640404278805394642e+04
1.520895531927337652e+04 2.091038764062512564e+04 5.701432321351749124e+03 1.197839001780714563e+00 1.040750660481994799e-02 1.591756525484488338e+04
2.276254567608025536e+04 2.556205820653636692e+04 2.799512530456111563e+03 1.715013904702510361e+00 -8.934598368633506205e-02 1.551632451118909921e+04
3.106317921699018916e+04 3.423496982813440991e+04 3.171790611144220748e+03 1.699650285688225182e+00 4.349402719468192791e-02 1.520069900647376562e+04
7.042270887004291581e+04 7.054601283416152000e+04 1.233039641186041990e+02 2.226136645446759488e+00 2.096218784435788518e-01 1.482912303037606944e+04
