4.453820034705062625e+01 3.101003239558102359e+04 3.096549419523397228e+04 nan nan 3.083941427175070930e+04
1.829255825159774304e+03 2.178533031207289605e+04 1.995607448691312311e+04 1.176658968580882370e+00 -1.445431341453286000e-01 2.171863365353653717e+04
1.888487171414682052e+03 2.456119411385035346e+04 2.267270694243567050e+04 7.515552171502277723e-01 -1.856163580283669567e-01 2.431917631892925419e+04
4.702507229243657093e+03 1.956834794226974918e+04 1.486584071302609300e+04 1.013934486097457066e+00 -1.875688740857277617e-02 1.898488597313568607e+04
6.124600015699284995e+03 2.057819207213868867e+04 1.445359205643940368e+04 5.328525442663094580e-01 -1.767738777200552336e-01 1.964096995290851919e+04
9.050352420451605212e+03 1.868303184540617076e+04 9.632679424954565548e+03 9.797470416379555624e-01 -1.165762254405451753e-01 1.754205123748942424e+04
1.005193178879529114e+04 1.907818151863188177e+04 9.026249729836590632e+03 1.057415204568985523e+00 -2.191993424512809485e-01 1.727670784783484487e+04
1.308478610002982896e+04 1.933643330316758147e+04 6.251647203137752513e+03 1.165295225323199846e+00 -1.337287490906143017e-01 1.634034416274479736e+04
1.536461327559971141e+04 2.089328012009588929e+04 5.528666844496177873e+03 1.154328172981418987e+00 -8.973527820436340285e-02 1.598076966099713718e+04
2.246765754201908567e+04 2.540470136640749115e+04 2.937043824388405483e+03 1.463197193680325414e+00 -4.773996523517759494e-02 1.539511599009751990e+04
3.219910812991311104e+04 3.488035008192464738e+04 2.681241952011536341e+03 1.766707285603346556e+00 1.332015143135656110e-01 1.520451962470704711e+04
6.843366437981135095e+04 6.854066036654198251e+04 1.069959867306315573e+02 1.907236215966626958e+00 9.582490895082873550e-02 1.491610820387016975e+04
