4.726982748212182628e+01 3.101276807447964529e+04 3.096549824699752207e+04 nan nan 3.068605676254107675e+04
1.813114150161812177e+03 2.180682802468238151e+04 1.999371387452057024e+04 4.476191670844483217e-01 -1.015147568189519144e-02 2.150915195564920214e+04
1.883716553487383408e+03 2.455787018222501138e+04 2.267415362873762933e+04 6.421852499073458231e-01 -7.643676317883377203e-02 2.433697808782941866e+04
4.669376856709835010e+03 1.960099512677070015e+04 1.493161827006086605e+04 1.047123755490772412e+00 -1.587505791975911684e-01 1.905352225057952091e+04
6.207743789212434422e+03 2.054587880625700200e+04 1.433813501704456758e+04 4.885473450283213115e-01 -1.274954450628541791e-01 1.979219035196723053e+04
8.844117871966987877e+03 1.872019773009292840e+04 9.876079858125940518e+03 8.779455412295784633e-01 -1.872470015863335335e-02 1.755464345460365803e+04
1.019221228854165565e+04 1.907105859769180097e+04 8.878846309150145316e+03 1.154960594160601817e+00 -1.270862362435838389e-01 1.738365032612352297e+04
1.315523333498373358e+04 1.934087014498995632e+04 6.185636810006222731e+03 1.343717463515935018e+00 -1.893183357686566452e-03 1.624042841131878049e+04
1.533062953481579098e+04 2.087820080196816343e+04 5.547571267152372457e+03 1.572161942797355438e+00 9.795364509081218307e-02 1.601211919064411813e+04
2.271448790621257285e+04 2.556576879933832970e+04 2.851280893125756847e+03 1.399280405370996627e+00 2.768259017217364337e-02 1.544937860687902139e+04
3.494015751654691121e+04 3.800427744500524568e+04 3.064119928458334471e+03 1.763068537996287821e+00 2.168705958957299895e-01 1.532603916956204193e+04
6.732819695728692750e+04 6.762363116076609003e+04 2.954342034791625338e+02 2.189485189993879199e+00 1.078705513297590346e-01 1.495610512132501754e+04
