4.810885258747960336e+01 3.102058145815950047e+04 3.097247260557202026e+04 nan nan 3.083150327753134479e+04
1.821791590670661208e+03 2.181601554170747113e+04 1.999422395103680901e+04 9.264969040324583238e-01 -1.716291202784738304e-02 2.144891887534608395e+04
1.873389908715136698e+03 2.460524235841179689e+04 2.273185244969666019e+04 6.175029144815690207e-01 1.041810310023354863e-03 2.402987240651284083e+04
4.663236971734326289e+03 1.961321915435615301e+04 1.494998218262182672e+04 1.039127086730029292e+00 -1.496711489600700828e-01 1.902622218731258545e+04
6.107327022442946145e+03 2.059785009173624712e+04 1.449052306929330007e+04 4.761726362690502090e-01 -9.297409839366992113e-02 1.945171627339717816e+04
8.849354002230642436e+03 1.873111859338916111e+04 9.881764591158518670e+03 9.486468609365198423e-01 -2.121190042413585164e-01 1.754859890144450037e+04
1.009510251033138593e+04 1.911798884260375416e+04 9.022886332272368236e+03 1.100545078889200612e+00 -1.196848484531042728e-01 1.725891698827978325e+04
1.301013756172763715e+04 1.930404650994870462e+04 6.293908948221067476e+03 1.038256605186494541e+00 -3.498153825045627677e-03 1.638762406048225603e+04
1.518250134211174009e+04 2.082495161425887272e+04 5.642450272147132637e+03 1.369465011476149074e+00 -4.377431677625668455e-02 1.591399537224163942e+04
2.197300429054838969e+04 2.511819747462644591e+04 3.145193184078056220e+03 1.379012905815518053e+00 1.052876218998697322e-01 1.542789022546593515e+04
3.219570383945568028e+04 3.525987399364346493e+04 3.064170154187784647e+03 1.669677041820446739e+00 2.424354269264143713e-02 1.517542886110769541e+04
6.602878186278321664e+04 6.610872245598857990e+04 7.994059320536325686e+01 1.716302138376019082e+00 2.405839501130352664e-01 1.472728981274529178e+04
