4.313791016638943177e+01 3.101376228877211906e+04 3.097062437860573118e+04 nan nan 3.081365662181646621e+04
1.823857040907288138e+03 2.181555874973305254e+04 1.999170170882576349e+04 5.432528102082559984e-01 -1.684159199268486506e-01 2.155779382165393326e+04
1.887028669107844280e+03 2.455070678889071860e+04 2.266367811978287500e+04 7.086725632099621919e-01 -5.623099902831411173e-02 2.424626637687242692e+04
4.632011980542491074e+03 1.964921665424351886e+04 1.501720467370102779e+04 1.008518145429246227e+00 -1.840444704059281678e-01 1.914697350603870655e+04
6.156084652316663778e+03 2.061004503026937527e+04 1.445396037795271150e+04 4.239089611643751532e-01 -4.491660221193585767e-02 1.963183888043172556e+04
8.931592363813097109e+03 1.873384686794579102e+04 9.802254504132693910e+03 9.141923334465994477e-01 -6.588175591068494430e-02 1.748205144147838291e+04
1.003383180742915647e+04 1.906684067609103295e+04 9.033008868661876477e+03 1.164892822900905456e+00 -1.106940016216570039e-01 1.714754113360663541e+04
1.301116658443817505e+04 1.927430243913028971e+04 6.263135854692114663e+03 1.378732328419328690e+00 -7.598308479258110426e-02 1.643548824541600334e+04
1.541414695593491342e+04 2.087839583498609500e+04 5.464248879051181575e+03 2.093542254358540688e+00 -2.412333088467517525e-02 1.609038070727910417e+04
2.208880017235927517e+04 2.525609102139867537e+04 3.167290849039400200e+03 1.839108464945646837e+00 1.442030400501722320e-01 1.545470839263502057e+04
3.176681056431995603e+04 3.488517037475061807e+04 3.118359810430662037e+03 1.842237361946402530e+00 -4.310032067441451481e-02 1.525451766677603155e+04
7.022695401873004448e+04 7.038072315136306861e+04 1.537691326330241282e+02 1.733758446912847972e+00 -9.107623094013302112e-02 1.485002203183432721e+04
