4.406634804202303002e+01 3.100147661618173515e+04 3.095741026813971257e+04 nan nan 3.104547924855411111e+04
1.808522237060655470e+03 2.183198875355814380e+04 2.002346651649748674e+04 4.597321921956606938e-01 -2.912832672332220027e-02 2.150736763488929500e+04
1.863094421301324473e+03 2.463254567053177379e+04 2.276945124923044932e+04 9.028720679294585105e-01 3.107347534179926915e-02 2.414401283437337042e+04
4.688244702141000744e+03 1.956705654363826761e+04 1.487881184149726687e+04 1.015032280482073279e+00 -1.465674957660889899e-01 1.907947133233985369e+04
6.058130958070034467e+03 2.066300787409168333e+04 1.460487691602164887e+04 4.985977097116201517e-01 -1.369243131081438192e-01 1.960076138512362741e+04
8.880603557688664296e+03 1.874838803838965759e+04 9.867784480700993299e+03 9.059352014417827448e-01 -1.350484698730205768e-01 1.742529026915800569e+04
1.006437232346587552e+04 1.907419437336261399e+04 9.009822049896738463e+03 1.063956218170027057e+00 -2.609715029477224779e-01 1.728958151178014305e+04
1.309119559177158226e+04 1.938422954600828598e+04 6.293033954236703721e+03 1.409599586425299256e+00 -1.269201650141267013e-01 1.621728869550542549e+04
1.531154088784153646e+04 2.103101601955796650e+04 5.719475131716430042e+03 1.269755877528095489e+00 5.098474838211475464e-03 1.592256446889002291e+04
2.299758230252635985e+04 2.569303934301590198e+04 2.695457040489542123e+03 1.461659640951993522e+00 1.518874641663305602e-01 1.546193336467526569e+04
3.121537112575223000e+04 3.417089425627837045e+04 2.955523130526140449e+03 1.730810370956270328e+00 -1.700419645171272545e-02 1.513377366642261222e+04
7.232044816293359327e+04 7.234762893933609303e+04 2.718077640249975957e+01 1.995340110090986885e+00 9.704183847151164055e-02 1.490124260715629680e+04
