4.779768235955176436e+01 3.101730814843775443e+04 3.096951046607820172e+04 nan nan 3.105858322595338905e+04
1.812687462381109299e+03 2.185143859238354344e+04 2.003875113000243437e+04 1.164035226923403110e+00 3.555597094841343037e-02 2.170019404190620480e+04
1.904240717334310602e+03 2.453642791440317887e+04 2.263218719706886986e+04 5.290917327929426373e-01 -6.432637791494513757e-03 2.428594310108129139e+04
4.641099448652831597e+03 1.962106727349141147e+04 1.497996782483857896e+04 1.063091566874465599e+00 -1.067166341813496205e-01 1.908061059767709230e+04
6.122557772906526225e+03 2.059241990695984350e+04 1.446986213405331728e+04 6.774202214594250426e-01 -2.888962470553561590e-01 1.964021871186033604e+04
8.890276963202471961e+03 1.871464126156696511e+04 9.824364298364493152e+03 9.262974363404413713e-01 -2.937391010636886124e-01 1.755163456156236134e+04
1.002825394210393279e+04 1.909622168987683835e+04 9.067967747772905568e+03 8.948483902376366261e-01 -1.642621356239548913e-01 1.740836220713882358e+04
1.338806296240658412e+04 1.937108483197379974e+04 5.983021869567215617e+03 1.191676752015299323e+00 -1.251010261192624373e-01 1.629332076279295325e+04
1.522556111639729170e+04 2.086182829937566203e+04 5.636267182978370329e+03 1.377210996671909937e+00 1.940383728595830928e-02 1.595242936430515329e+04
2.275596449605999805e+04 2.569132658856446142e+04 2.935362092504463362e+03 1.328312601355226219e+00 6.924429375105443929e-02 1.534658095444613355e+04
3.234517057678802666e+04 3.527644581107415434e+04 2.931275234286127670e+03 1.596217481431192686e+00 1.325655507133672584e-01 1.524411539733321115e+04
6.921048008539536386e+04 6.911778884436731460e+04 -9.269124102804926224e+01 1.864524648768933091e+00 5.961332937087836931e-02 1.486091523462722762e+04
