4.817615584434611264e+01 3.100821899463928639e+04 3.096004283879493960e+04 nan nan 3.087689327424424482e+04
1.821714398830460141e+03 2.179030969995239502e+04 1.996859530112193534e+04 3.879040463147977458e-01 -4.462668455368873181e-03 2.164528050392553268e+04
1.894837689473040427e+03 2.452153822797696921e+04 2.262670053850393015e+04 6.610832982131411573e-01 -9.749919939275854264e-02 2.431097105872155589e+04
4.692653420275320059e+03 1.957345367340617304e+04 1.488080025313085207e+04 1.047566869323308447e+00 -2.047609026338591265e-01 1.906319131970645685e+04
6.081380162352885236e+03 2.062658593965444743e+04 1.454520577730156219e+04 5.995532674130689132e-01 -1.417750332822254045e-01 1.964076871954017770e+04
8.882078415540338028e+03 1.873436826836031832e+04 9.852289852819980297e+03 8.340259334914614797e-01 -2.148217160727356190e-01 1.747499742151335886e+04
1.011639972482647681e+04 1.907196132170456985e+04 8.955561596878093042e+03 1.042554485272680465e+00 -3.677214946800849704e-02 1.716899365562336970e+04
1.293389498578673738e+04 1.936507094269545269e+04 6.431175956908715307e+03 1.242052254833776237e+00 -1.238355245431035784e-01 1.649907895828402980e+04
1.500021033256952796e+04 2.075053382631797285e+04 5.750323493748444889e+03 1.444812254402239260e+00 -1.511355222956386156e-02 1.619347931710679040e+04
2.308740335252393197e+04 2.599843805492903266e+04 2.911034702405100688e+03 1.472327736450607993e+00 2.496961889407501092e-02 1.532995202141826121e+04
3.292688261540015083e+04 3.576402353001256415e+04 2.837140914612413326e+03 1.606747262190545200e+00 1.621045777698574553e-01 1.495647505767047733e+04
7.088289583080490411e+04 7.094556269509333652e+04 6.266686428843240719e+01 1.932483659600663151e+00 1.369579087195365863e-01 1.484892442813845264e+04
