4.152992462904986581e+01 3.101642031089760349e+04 3.097489038626855472e+04 nan nan 3.075006622688696370e+04
1.824232890331329372e+03 2.179352681402408780e+04 1.996929392369275956e+04 4.725511670255686525e-01 9.644804729702345647e-02 2.165047813043906717e+04
1.868905476138895210e+03 2.461168706606024352e+04 2.274278158992134922e+04 6.443836196310633868e-01 -3.555874632409165848e-02 2.405076973095910216e+04
4.674814821779797967e+03 1.957619891748478040e+04 1.490138409570498334e+04 1.033145647225149455e+00 -2.542247282157996668e-01 1.920112080418746336e+04
6.159373662784813860e+03 2.059761376657390065e+04 1.443824010378908679e+04 4.206517524747455106e-01 -1.149018538380251475e-01 1.951493549362405611e+04
8.879646889376401305e+03 1.875915390144856428e+04 9.879507012072162979e+03 8.370807085201951159e-01 -2.759326769840674820e-01 1.749432444447548551e+04
1.009351628526693821e+04 1.903475772321437398e+04 8.941241437947435770e+03 1.251184523677341565e+00 -2.034482869229838620e-01 1.710574677795866228e+04
1.314619033699432475e+04 1.940504427871362350e+04 6.258853941719298746e+03 1.364174367810485622e+00 -5.650245159005608947e-02 1.630455695838909196e+04
1.500592311460399469e+04 2.077401171902201531e+04 5.768088604418020623e+03 1.757216640503979965e+00 1.425657454145116791e-02 1.604925609697548680e+04
2.230194468786000652e+04 2.545511001865545404e+04 3.153165330795447517e+03 1.354083517753602139e+00 1.930738204694240623e-02 1.547461350992579719e+04
3.237883537195347162e+04 3.540585147838048579e+04 3.027016106427014165e+03 1.744086760474019782e+00 1.046825539818087014e-01 1.525456920831235402e+04
7.666015675589603779e+04 7.726187810844728665e+04 6.017213525512488559e+02 2.115804051732750768e+00 5.320579757408546578e-02 1.480020722805923288e+04
