4.879224742335178888e+01 3.100193501083560113e+04 3.095314276341224831e+04 nan nan 3.113993230578213843e+04
1.814927724515612226e+03 2.181037831909280430e+04 1.999545059457719253e+04 1.215276355808664555e+00 -1.027122906012623432e-01 2.163200295418773385e+04
1.882560761571970488e+03 2.460610044389328687e+04 2.272353968232131592e+04 7.775687801688401235e-01 -8.088211827765749706e-02 2.412327745655447143e+04
4.645783955360613618e+03 1.961583028973557884e+04 1.497004633437496523e+04 9.151212585730589266e-01 -4.297528273601121905e-03 1.919303841529859710e+04
6.195835232244179679e+03 2.054760012168057438e+04 1.435176488943639561e+04 5.789187427827104937e-01 -2.083752559854210387e-02 1.976528786472011052e+04
8.805074175123285386e+03 1.877962223729698599e+04 9.974548062173700600e+03 9.465720744213806936e-01 -1.393744967904255727e-01 1.756424807208307175e+04
1.013754544376455124e+04 1.906321900590482619e+04 8.925673562140274953e+03 1.445361646136443357e+00 -5.005903523518812070e-02 1.719579753080903902e+04
1.316060161513184903e+04 1.939354975420168194e+04 6.232948139069832905e+03 1.196649226799011867e+00 -1.442351272810684648e-01 1.631052469491853117e+04
1.554413898303988572e+04 2.095820600771431782e+04 5.414067024674432105e+03 1.572895978480778112e+00 -2.137682530436007308e-03 1.598265438584980075e+04
2.212949590263918435e+04 2.515963794913984384e+04 3.030142046500659490e+03 1.522521636470303363e+00 1.560845530283033571e-02 1.535941568360032215e+04
3.214317852428270271e+04 3.497912655979010742e+04 2.835948035507404711e+03 1.677200321681789896e+00 1.374994708797797616e-01 1.517542902895082443e+04
7.747329251886092243e+04 7.737218067101949418e+04 -1.011118478414282436e+02 1.843505426088892563e+00 3.522205894128764836e-01 1.478068042282885290e+04
