4.883930993417951072e+01 3.099735490838718397e+04 3.094851559845300289e+04 nan nan 3.107625112792545406e+04
1.802383263708664572e+03 2.187056358807002835e+04 2.006818032436136491e+04 8.480344052442099212e-01 -1.869363114188049915e-02 2.147191311007679178e+04
1.902682275901167941e+03 2.457628784768516562e+04 2.267360557178399904e+04 5.535558769818712532e-01 -3.765215182910694458e-02 2.410037209359258486e+04
4.688260697623833039e+03 1.957393674964523234e+04 1.488567605202139930e+04 1.035597125170418353e+00 -1.460135254352642742e-01 1.926724149274397496e+04
6.116978422822774519e+03 2.060424930436072464e+04 1.448727088153795012e+04 4.735143863508983197e-01 -1.837845828021008321e-01 1.967586044374754420e+04
8.789525017933436175e+03 1.880283134999052345e+04 1.001330633205708727e+04 8.813120215013383607e-01 -1.929795589524727906e-01 1.746425578405844499e+04
1.009653961885335775e+04 1.907841590791250928e+04 8.981876289059151532e+03 1.200293540407870729e+00 -1.641031604966467772e-01 1.737697469998033193e+04
1.309650457898406057e+04 1.941336275845072305e+04 6.316858179466662477e+03 1.142032723189693177e+00 5.897136396941032865e-03 1.626329519534787141e+04
1.553261420254881705e+04 2.092630729817313841e+04 5.393693095624321359e+03 1.350032520710171324e+00 -6.998354760912352257e-02 1.602754070700895500e+04
2.257132598916847564e+04 2.559255539605777813e+04 3.021229406889302481e+03 1.592138362392580886e+00 1.935924444229063790e-01 1.540370565432336116e+04
3.249561877277247913e+04 3.536453958397079987e+04 2.868920811198320735e+03 1.480589692294591364e+00 8.518175545114714531e-02 1.506365638938276425e+04
7.334969839553460770e+04 7.386556761699506023e+04 5.158692214604525361e+02 1.834445816332135770e+00 1.670497148282394928e-01 1.474909381294883860e+04
