4.627404003761359519e+01 3.102294273485995654e+04 3.097666869482234324e+04 nan nan 3.074413448819475525e+04
1.839813300718215260e+03 2.178077552402439687e+04 1.994096222330618184e+04 4.210890182189155895e-01 -9.635831890743729033e-02 2.167310833409769475e+04
1.881510874868207111e+03 2.457438478294352535e+04 2.269287390807531847e+04 6.933209369147258494e-01 -1.924686633317091167e-01 2.427731498583745270e+04
4.625350385575175096e+03 1.964972451432738308e+04 1.502437412875220798e+04 1.010831078196234856e+00 -1.453948920087552443e-01 1.898730902613765284e+04
6.126586056115949759e+03 2.063102381199609954e+04 1.450443775588014978e+04 4.764835523670934436e-01 -1.351636280594953055e-01 1.955252001085409574e+04
8.863422305406680607e+03 1.875035234325283454e+04 9.886930037846153937e+03 9.107419145312691811e-01 -2.288812537239449940e-01 1.746766074545544325e+04
1.014573348725666801e+04 1.906034497280827782e+04 8.914611485551609803e+03 1.058140773171120097e+00 -1.613360848611033738e-01 1.717361099388100047e+04
1.313363977066936604e+04 1.936869967235737931e+04 6.235059901688013269e+03 1.381889403132681382e+00 -1.666416421003079351e-01 1.629193764532903515e+04
1.547146670246103167e+04 2.089864142423005978e+04 5.427174721769028110e+03 1.329931904867079906e+00 6.201872357071494535e-03 1.590526590987377131e+04
2.250256533716531703e+04 2.553112035709669362e+04 3.028555019931376592e+03 1.937451305688672631e+00 -8.650130604621238117e-02 1.525091290793334338e+04
3.151647411452628148e+04 3.489445241970590723e+04 3.377978305179625750e+03 1.889695102780539315e+00 9.384101856588465684e-02 1.521894969561906873e+04
6.633152844964047836e+04 6.709788560231182782e+04 7.663571526713494677e+02 2.057745246783845960e+00 1.968269139129253109e-01 1.492150298923543960e+04
