4.327733398944145193e+01 3.102368497055451007e+04 3.098040763656506897e+04 nan nan 3.092614811051875222e+04
1.821302470476055532e+03 2.180572488951404375e+04 1.998442241903799004e+04 5.769054458407235630e-01 -5.143057960721314492e-02 2.144939973945898964e+04
1.892306217336846885e+03 2.452997910478406266e+04 2.263767288744721736e+04 5.592793741775253791e-01 -4.947769454925021043e-02 2.433250008739550321e+04
4.663551469559532961e+03 1.960066908436333324e+04 1.493711761480379937e+04 9.581918782583488392e-01 -8.554888965755180763e-02 1.904967184474756505e+04
6.103808093319446016e+03 2.060493756194323214e+04 1.450112946862378521e+04 4.377477761741521145e-01 -9.313370112820353042e-02 1.965180401558330777e+04
8.918308497185822489e+03 1.873087664698954904e+04 9.812568149803726556e+03 8.708239062950718923e-01 -1.218231277821889974e-01 1.752335223510740616e+04
1.007922505930017360e+04 1.907494060769767020e+04 8.995715548397496605e+03 1.014232905591427203e+00 -8.408605248029880908e-02 1.730854901730031634e+04
1.313589460787515418e+04 1.935007133260210321e+04 6.214176724726949033e+03 1.173971498302214922e+00 -2.603133694454802874e-02 1.640671366172437774e+04
1.509730410347578072e+04 2.084507580881468675e+04 5.747771705338906031e+03 1.348744469542624946e+00 -8.574188731939459684e-02 1.590868379650044153e+04
2.247612716298766463e+04 2.538786484337989896e+04 2.911737680392234324e+03 1.455128496701998175e+00 5.032132806197608943e-02 1.544702404050375480e+04
3.214352507011132184e+04 3.526190293466773437e+04 3.118377864556412533e+03 1.567951528741203804e+00 6.825401961395761996e-02 1.515949439972862274e+04
7.371337272462878900e+04 7.354423083430320548e+04 -1.691418903255835176e+02 1.809399404148805290e+00 1.713963444479678078e-01 1.476348050562252502e+04
