4.748815098201706064e+01 3.102096828815769186e+04 3.097348013717567301e+04 nan nan 3.098053677155423793e+04
1.810874055107987942e+03 2.181634233487712117e+04 2.000546827976913482e+04 4.175663434013334174e-01 -7.423095088882571135e-02 2.164678699209123806e+04
1.902729213425492844e+03 2.452594734154523030e+04 2.262321812811973723e+04 5.408207834043164963e-01 -1.188602654051202911e-01 2.427116267421443990e+04
4.699893425542472869e+03 1.955509756479577845e+04 1.485520413925330649e+04 1.041523845275272198e+00 -2.269542105732290649e-01 1.923236323524620093e+04
6.081474789732546014e+03 2.064351144825081792e+04 1.456203665851827100e+04 5.701904238476004361e-01 -2.510090546193769270e-02 1.975803720419908495e+04
9.024254773546308570e+03 1.867455963590807369e+04 9.650304862361765117e+03 9.848064968417474807e-01 -1.198002478056891945e-01 1.751829514311113962e+04
1.028112642926524495e+04 1.906176105994596583e+04 8.780634630680720875e+03 1.030760171796423430e+00 -2.270061696423003594e-01 1.713314323505257198e+04
1.315603413066862595e+04 1.936948680328686169e+04 6.213452672618235738e+03 1.156117394661176467e+00 -1.112324417337995502e-01 1.616582960686699153e+04
1.525541196269501597e+04 2.085025728789831919e+04 5.594845325203303219e+03 1.516859406195075977e+00 2.715205157550112589e-02 1.588151093194845998e+04
2.264829898916568345e+04 2.553970200115137413e+04 2.891403011985690682e+03 1.364346383839520671e+00 9.923958721763040045e-03 1.544785216656719058e+04
3.322069349946246075e+04 3.588490702649629384e+04 2.664213527033833088e+03 1.629566333913999854e+00 1.873383891568202939e-02 1.506848338545774277e+04
7.945440626159918611e+04 7.987213423513743328e+04 4.177279735382471699e+02 2.015662964577117133e+00 3.441306493293506130e-01 1.479701724657281557e+04
