4.907380125395741288e+01 3.100504175991722877e+04 3.095596795866327011e+04 nan nan 3.110106579614099246e+04
1.796694200564916855e+03 2.186085869737812027e+04 2.006416449681320228e+04 4.555491208275900816e-01 -4.695774288840837141e-02 2.134926879794964771e+04
1.913273950826972168e+03 2.450481748467554644e+04 2.259154353384857313e+04 5.729035340083611372e-01 -8.325558835216770315e-02 2.421282775324767499e+04
4.677100790154752758e+03 1.958732749439772306e+04 1.491022670424297030e+04 1.130614907300631300e+00 -1.943147327164914673e-01 1.908775644108258348e+04
6.077529728700307714e+03 2.064721450351888052e+04 1.456968477481857190e+04 4.919395957611556458e-01 -1.171249327035969734e-01 1.983671792151700720e+04
8.728346464719563301e+03 1.877271665298890002e+04 1.004437018826933672e+04 1.069881900803172581e+00 -1.579085915860303224e-01 1.760581615995677203e+04
1.000741891143489738e+04 1.911203861613320623e+04 9.104619704698308851e+03 1.021226769961901981e+00 -5.703831807136913734e-02 1.723575507181060675e+04
1.302310186874203646e+04 1.931884767167390964e+04 6.295745802931873186e+03 1.273743500067893164e+00 -3.036014444149563452e-01 1.623529559258770132e+04
1.545601585357902695e+04 2.101712797700903320e+04 5.561112123430006250e+03 1.550686457048878752e+00 8.523297320214739958e-02 1.595459759251413925e+04
2.213386131527771795e+04 2.513432899164593255e+04 3.000467676368214597e+03 1.425600579853832484e+00 7.339857785471404217e-02 1.542161174363134887e+04
3.321306918691423925e+04 3.608721011519900640e+04 2.874140928284767142e+03 2.021227510549838957e+00 1.359702922000354530e-01 1.521757480620836759e+04
6.912571026886397158e+04 6.977791669975061086e+04 6.522064308866392821e+02 2.093213771535869405e+00 8.044815899240430335e-02 1.479125341148227199e+04
