4.733684088426792158e+01 3.099639744913377581e+04 3.094906060824950691e+04 nan nan 3.100733984992121987e+04
1.820548507702403640e+03 2.181525231291326054e+04 1.999470380521085826e+04 7.172888425609221796e-01 -7.651033210107317795e-02 2.152594664128030854e+04
1.895729654910599038e+03 2.454943844841053942e+04 2.265370879349993993e+04 6.911427516478055866e-01 -9.384595109845379757e-02 2.422245476572311600e+04
4.697124113794154255e+03 1.955922404754368472e+04 1.486209993374953046e+04 1.007625833964314044e+00 -2.213585753258910938e-01 1.934645221665537974e+04
6.179104509236212834e+03 2.057949796682674423e+04 1.440039345759053140e+04 8.414111971715337868e-01 -7.475359105343033772e-02 1.963382165891646582e+04
8.891352835100216907e+03 1.878008475216527950e+04 9.888731917065062589e+03 1.041400597298707043e+00 -1.730477667963624400e-01 1.747493914085625147e+04
1.006793561382866210e+04 1.906566487136926662e+04 8.997729257540604522e+03 9.510777624488472304e-01 1.060014916860461433e-03 1.725062121659306285e+04
1.314741139108789503e+04 1.933977146885903858e+04 6.192360077771143551e+03 1.508100913210427718e+00 -1.402818329610506787e-01 1.627329269064110485e+04
1.537692697172372937e+04 2.089051917038506872e+04 5.513592198661339353e+03 1.416268337707574654e+00 1.116484188944655981e-01 1.584804429277703639e+04
2.147742271911042553e+04 2.486990014841609445e+04 3.392477429305668920e+03 1.456049185209137953e+00 1.070989504833077532e-01 1.541789726127075301e+04
3.224012871390597138e+04 3.533356157575332327e+04 3.093432861847351887e+03 2.197912637797547308e+00 -9.140802505201883754e-03 1.517945271313189369e+04
7.059564830179148703e+04 7.086846879397274461e+04 2.728204921812575776e+02 2.070761097094259373e+00 7.910000864387393971e-02 1.491558266358333094e+04
