5.004400654105823065e+01 3.101274800273189248e+04 3.096270399619083400e+04 nan nan 3.082790763233148027e+04
1.811627670972063243e+03 2.179007406041996001e+04 1.997844638944789767e+04 5.419115721594314206e-01 -7.445232246806453291e-02 2.163328326271583865e+04
1.890997399746720930e+03 2.456008929017678020e+04 2.266909189043005972e+04 6.603991648984411933e-01 -1.712819984966867937e-01 2.424385824690602749e+04
4.676272351077412168e+03 1.956549015926302309e+04 1.488921780818561092e+04 9.716265850369433243e-01 -1.405578806490559718e-01 1.920777618601483846e+04
6.139196536832978381e+03 2.063785460383916870e+04 1.449865806700619032e+04 5.866239262924740627e-01 1.948823864251600368e-02 1.963670831504663147e+04
8.957785379180084419e+03 1.877101608364172353e+04 9.813230704461639107e+03 9.520238665050282378e-01 -1.227832483364552085e-01 1.750782342807054374e+04
9.957438862285207506e+03 1.910215320304945271e+04 9.144714340764245208e+03 9.444810320410063076e-01 -1.423816452213464423e-01 1.727105165078392019e+04
1.309216917398724763e+04 1.935380571229765337e+04 6.261636538310405740e+03 1.613442931496232191e+00 -4.139337583120048653e-02 1.631873919824738732e+04
1.537628676157882364e+04 2.087869107064800119e+04 5.502404309069177543e+03 1.085548428213642280e+00 -5.125424981423804677e-02 1.602929036349849048e+04
2.215269280434064058e+04 2.528218764617932538e+04 3.129494841838684806e+03 1.813893687248461672e+00 5.009803102622430865e-02 1.557373607762575193e+04
3.264522967883865567e+04 3.567255327748361015e+04 3.027323598644954473e+03 1.667568013494409529e+00 1.626038485826249158e-02 1.504693680037584818e+04
7.032413467085514276e+04 7.040650425246347731e+04 8.236958160833455622e+01 2.068243150084120074e+00 -1.411656247635636149e-05 1.486041805713620124e+04
