4.850515117756301464e+01 3.100897945176985741e+04 3.096047430059229373e+04 nan nan 3.083019257841791114e+04
1.818430053170387964e+03 2.179518843583242415e+04 1.997675838266203573e+04 5.094750895536556135e-01 8.700693326787016513e-03 2.153893127314425874e+04
1.891006267860407434e+03 2.456423268272334099e+04 2.267322641486293287e+04 6.606053794277367830e-01 -1.691904820194096715e-01 2.419037914576227195e+04
4.672993747537244417e+03 1.960024925819883356e+04 1.492725551066158914e+04 9.650214750248112816e-01 -1.802725594207216508e-01 1.917590810801154294e+04
6.176405455678843282e+03 2.057929824771512358e+04 1.440289279203628030e+04 5.699543151365514815e-01 -1.433341471112299370e-01 1.961982762133853248e+04
8.963890873920490776e+03 1.873729934236207191e+04 9.773408468441581135e+03 1.005612070005278191e+00 -1.012095452018031833e-01 1.749023802435182006e+04
1.014312033952044476e+04 1.907091770420347893e+04 8.927797364683034175e+03 1.196845231888937322e+00 -1.297004702836804246e-01 1.736105833684599565e+04
1.305218369293404248e+04 1.931962725713486725e+04 6.267443564200824767e+03 1.127512453883461552e+00 -1.108779619763868851e-01 1.632916461175492805e+04
1.558799029448690271e+04 2.096378319474206728e+04 5.375792900255164568e+03 1.259069054382571107e+00 2.931634556033219097e-02 1.576925924725379082e+04
2.267421758622001653e+04 2.548211877907858070e+04 2.807901192858564173e+03 1.794739521668013316e+00 1.842989660967767618e-01 1.531183618240971191e+04
3.198260063921009350e+04 3.487326168963391683e+04 2.890661050423823326e+03 2.561374771550516183e+00 1.515760777646422974e-01 1.526674262392713717e+04
6.934689584263924917e+04 7.000752072987509018e+04 6.606248872358410154e+02 1.798788202966324690e+00 2.427387632853347521e-01 1.476534439388770807e+04
