4.335220331444225650e+01 3.101606946246985171e+04 3.097271725915540810e+04 nan nan 3.101728286168683917e+04
1.805379401607773616e+03 2.185976141419651321e+04 2.005438201258873960e+04 3.750050152918542601e-01 3.058222280667922607e-02 2.140102413804396201e+04
1.903331462747767546e+03 2.453832698744611480e+04 2.263499552469834816e+04 7.354071625393432399e-01 -9.736134630624286579e-02 2.426331109981752161e+04
4.670580288117703276e+03 1.959915285306888836e+04 1.492857256495118418e+04 1.028272592141500796e+00 -1.707376752085615623e-01 1.901185386547628150e+04
6.210877977998915412e+03 2.053622007137874243e+04 1.432534209337982611e+04 5.634028436613148783e-01 -1.377904759957188086e-01 1.976474697289986216e+04
8.902319602737123205e+03 1.875341582489401844e+04 9.851096222156895237e+03 8.872422704940153837e-01 -2.428287239360686078e-01 1.745034124950909609e+04
1.015834646665977380e+04 1.907268434527684076e+04 8.914337878617066963e+03 8.043073899538283333e-01 -7.158288115424260578e-02 1.723874516824238890e+04
1.345138213524266575e+04 1.936519452231116156e+04 5.913812387068495809e+03 1.463094751404431237e+00 -6.092881302727234244e-02 1.623646791524822038e+04
1.520288395463592315e+04 2.086212837059128287e+04 5.659244415955359727e+03 1.481318476914114113e+00 1.470976683128184248e-01 1.593089299427720107e+04
2.159585127759546594e+04 2.485342987244615506e+04 3.257578594850689115e+03 1.815964232394958744e+00 7.408910372740996897e-02 1.545625422907012762e+04
3.209265815782267600e+04 3.486335553831492871e+04 2.770697380492252705e+03 2.054575321176914660e+00 1.075478535398881746e-01 1.527111671491783636e+04
7.219019306302478071e+04 7.266518696218320110e+04 4.749938991584203904e+02 1.928519212503869484e+00 3.364220152277859754e-01 1.482490655861903178e+04
