4.911138809356436497e+01 3.099175956641176890e+04 3.094264817831820619e+04 nan nan 3.120377993788347885e+04
1.825705200678211668e+03 2.179965887162394210e+04 1.997395367094573157e+04 9.258175776601781370e-01 5.526320511868262203e-02 2.149242834699259765e+04
1.893732561506500360e+03 2.455714782838935571e+04 2.266341526688285376e+04 6.733364033595412579e-01 -1.882545618925346442e-01 2.421284893595027461e+04
4.694066421647791685e+03 1.955669903473596423e+04 1.486263261308817164e+04 1.048405016325418604e+00 -1.526297069516794058e-01 1.912745278059565317e+04
6.103852589263909977e+03 2.061407510189574168e+04 1.451022251263183171e+04 5.632098347403379224e-01 -1.184275711249351964e-01 1.971227798414977588e+04
8.897393324014199607e+03 1.874617692687606905e+04 9.848783602861869440e+03 7.558363704317896392e-01 -2.257707156334987433e-02 1.763484224456686570e+04
1.006241458736056666e+04 1.907816947417335905e+04 9.015754886812792392e+03 1.043359095408223913e+00 -1.053512886985487201e-01 1.723721739559641355e+04
1.323337700809210037e+04 1.938847267285005000e+04 6.155095664757949635e+03 1.266897358224097214e+00 -4.723338598119000177e-03 1.635779365946841426e+04
1.562271377813751860e+04 2.094451061817279697e+04 5.321796840035278365e+03 1.657650309664686183e+00 4.131745753389309134e-02 1.594837602407519807e+04
2.282616598528178656e+04 2.566362162130451907e+04 2.837455636022732506e+03 1.681199964661534763e+00 2.357163194935037957e-03 1.545709450328552521e+04
3.240607593768160223e+04 3.520242283807919739e+04 2.796346900397595164e+03 2.203888708424717624e+00 1.563503620849277242e-01 1.516710046296922883e+04
6.806933027138269972e+04 6.887704673075332539e+04 8.077164593706256710e+02 1.690327280132608356e+00 1.611871484423107737e-01 1.475673617031499089e+04
