5.094567064204286311e+01 3.101078562146607510e+04 3.095983995082403271e+04 nan nan 3.097660031317806715e+04
1.819268135935556529e+03 2.181107022513592892e+04 1.999180208920037330e+04 7.113427419818806330e-01 -4.430836818612651079e-02 2.174889888342006452e+04
1.890615837305654168e+03 2.455399772759948610e+04 2.266338189029383284e+04 9.235986811025939103e-01 2.464269785327163551e-02 2.414515680451020671e+04
4.725543033264663791e+03 1.952589494749980440e+04 1.480035191423513970e+04 9.631086415512551957e-01 -9.674086644824575476e-02 1.910350851797787982e+04
6.075070367472851103e+03 2.063397170430366532e+04 1.455890133683081513e+04 6.411613716603778990e-01 -7.772843827986558596e-02 1.970945601165559856e+04
8.898073371151867832e+03 1.871949959891162871e+04 9.821426227759760877e+03 9.824504600251798836e-01 -2.694182399814941120e-01 1.756697856487059471e+04
1.016413378584756356e+04 1.905595339815834086e+04 8.891819612310777302e+03 1.116015975606562849e+00 -1.746407806273397589e-01 1.728335473438751069e+04
1.317478030435507208e+04 1.928787473709471669e+04 6.113094432739644617e+03 1.181167470742930270e+00 -1.561908611285170168e-01 1.628794283305621502e+04
1.520071841819358269e+04 2.089596200265369407e+04 5.695243584460111379e+03 1.406735887298178334e+00 1.531807805266927058e-02 1.606091717892880661e+04
2.221681883818235656e+04 2.535888145154283848e+04 3.142062613360481919e+03 1.520793335075963482e+00 9.302104571953285356e-03 1.556406526037238109e+04
3.209629492797284183e+04 3.495863329825838446e+04 2.862338370285542624e+03 2.065435415863061230e+00 7.299218496112778141e-03 1.523872486833856601e+04
7.909739491523875040e+04 7.926568151719971502e+04 1.682866019609646173e+02 1.860024462037332960e+00 8.351514089038054867e-02 1.475234777217937699e+04
