4.975234857615932782e+01 3.102096468625220223e+04 3.097121233767604281e+04 nan nan 3.082184390410730339e+04
1.828523949290663722e+03 2.178323122445313493e+04 1.995470727516247280e+04 5.733432850355090205e-01 -2.139501374792507349e-02 2.156730134295784592e+04
1.890567864842591007e+03 2.456670188339976448e+04 2.267613401855717530e+04 9.441985214153471029e-01 3.948028439782630405e-02 2.412124362862103590e+04
4.674711365417985689e+03 1.959070343647101618e+04 1.491599207105303140e+04 1.041412952261393743e+00 -7.206784330200076416e-02 1.927110241927811148e+04
6.153436140785110183e+03 2.056663771259011264e+04 1.441320157180500246e+04 7.939602239245672211e-01 -1.071977867639918730e-01 1.984856818579115861e+04
8.868801128948111000e+03 1.876505787796309232e+04 9.896256749014981324e+03 8.090599353698605389e-01 -1.126876296177054121e-01 1.733946723764617127e+04
1.004457554526724743e+04 1.907628533037050511e+04 9.031709785103257673e+03 1.319596520768181458e+00 -1.562786085254997404e-01 1.729432735025008151e+04
1.299769857590091851e+04 1.928759374576532718e+04 6.289895169864408672e+03 1.308085792963715965e+00 -1.460406976989039596e-01 1.652150002088107431e+04
1.510860580773362017e+04 2.080171203892664926e+04 5.693106231193029089e+03 1.310956213865812847e+00 2.023585538982428100e-02 1.604390030040426973e+04
2.295703304375448351e+04 2.574286023599374312e+04 2.785827192239259603e+03 1.523679273527756228e+00 -1.282310679391008602e-02 1.541961127447813669e+04
3.230197474603940282e+04 3.519827252312500059e+04 2.896297777085597772e+03 1.629437386019011669e+00 5.304746813829893520e-02 1.519478349354037709e+04
7.231347161618914106e+04 7.261416320604673820e+04 3.006915898575971369e+02 2.392279470851234269e+00 1.949083059593360867e-01 1.472574110195536559e+04
