5.022725544279676058e+01 3.099684163496407200e+04 3.094661437952127380e+04 nan nan 3.120802000584647612e+04
1.834043912034099776e+03 2.180821231074327807e+04 1.997416839870917829e+04 4.803439100508795634e-01 1.461995797024012549e-02 2.161281004086439862e+04
1.872905281076174560e+03 2.458870398028989803e+04 2.271579869921372301e+04 6.985421752672867912e-01 -1.296268369667907538e-01 2.415904309344968351e+04
4.601313714365403939e+03 1.969666110940136423e+04 1.509534739503596029e+04 9.833770659353590071e-01 -8.498202562701946683e-02 1.918879958752386665e+04
6.190672741486729137e+03 2.054946379686813088e+04 1.435879105538140175e+04 5.176234015567198199e-01 -4.414373586480566797e-02 1.975508061731892667e+04
8.844880115272520925e+03 1.875386757647986815e+04 9.908987461207347224e+03 8.259286936345077157e-01 -1.433447737869339156e-01 1.756472734438397674e+04
1.000786117446878234e+04 1.905597008157756864e+04 9.048108907108786298e+03 1.023749522407458423e+00 -7.442124336321477573e-02 1.722923197022548266e+04
1.308568241784380734e+04 1.937782793999354180e+04 6.292145522149734461e+03 1.358703294004052431e+00 -6.995042454151133293e-02 1.638465280228017218e+04
1.540010147056983988e+04 2.090794345467792300e+04 5.507841984108083125e+03 1.790043716889029524e+00 7.666995946557901564e-02 1.595132061794864785e+04
2.241104863172174009e+04 2.538559550717438833e+04 2.974546875452648237e+03 1.485938738685032900e+00 9.857330712950938822e-02 1.531103758635960912e+04
3.343341218863734684e+04 3.642232504644042638e+04 2.988912857803079532e+03 2.159614644991793231e+00 2.215184328561000393e-01 1.519698526015161042e+04
7.320455575358372880e+04 7.291669512718378974e+04 -2.878606263999390649e+02 2.389777012414303847e+00 1.109254861827014826e-01 1.485485771038350140e+04
