4.956036823037322847e+01 3.098575214505100666e+04 3.093619177682063309e+04 nan nan 3.130331473148491204e+04
1.818459795659701967e+03 2.178253583887775312e+04 1.996407604321805047e+04 5.866870789022518018e-01 -9.070665380590701987e-02 2.158740901300792393e+04
1.904444791014732800e+03 2.455766885116816411e+04 2.265322406015343222e+04 7.750688624594396225e-01 -3.998245330585088048e-03 2.423943534198917041e+04
4.675494422132877844e+03 1.960957014459682978e+04 1.493407572246395284e+04 9.816266051715666352e-01 -2.349238470251050273e-02 1.901992999221502396e+04
6.155189849246270569e+03 2.058972345047918134e+04 1.443453360123290986e+04 5.467213342472040383e-01 -8.741912854234963615e-02 1.973233366260076582e+04
8.920423650294396793e+03 1.872914260931574972e+04 9.808718959021352930e+03 9.137209694735076715e-01 -1.091086616731017228e-01 1.756831715293058005e+04
1.019163202462431400e+04 1.902359389021474271e+04 8.831961865590428715e+03 1.178526354577965174e+00 -2.424673744347368709e-01 1.712556562197194580e+04
1.293895063058672895e+04 1.930629948932606567e+04 6.367348858739336720e+03 1.385892676474296925e+00 -5.790034787178641867e-02 1.624686465672708619e+04
1.524248768925582226e+04 2.082380758154727664e+04 5.581319892291454380e+03 1.397129619057341898e+00 9.001855442537463892e-02 1.585155691319284961e+04
2.233978769063755317e+04 2.546398692965046212e+04 3.124199239012908947e+03 1.680236265504753357e+00 2.529949007068726594e-02 1.559104684705666841e+04
3.228249788725942926e+04 3.508029415538119792e+04 2.797796268121768662e+03 1.605512978087091147e+00 1.733522676741781066e-01 1.510842423596417575e+04
6.915117500123572245e+04 6.977197223872855830e+04 6.207972374928358477e+02 1.912280048478525174e+00 2.248301113161685905e-01 1.488855604812611637e+04
