4.771502070193983513e+01 3.101691918741804693e+04 3.096920416671610656e+04 nan nan 3.091733415687536035e+04
1.831669887953223906e+03 2.177580619818934792e+04 1.994413631023612470e+04 5.121673707705652889e-01 -1.692878708711158808e-01 2.139427950725558185e+04
1.898210952158467080e+03 2.453223602552495504e+04 2.263402507336648705e+04 6.884016696650111511e-01 -3.062731773883020647e-02 2.419608937104424331e+04
4.698523989070393327e+03 1.955925017260239838e+04 1.486072618353200596e+04 9.766402328120419307e-01 -1.843170364279797246e-01 1.901451099787257772e+04
6.126706779948161056e+03 2.060697521126237552e+04 1.448026843131421447e+04 3.789014572341378728e-01 -1.451212906516591017e-01 1.962326520088025063e+04
8.916971730314915476e+03 1.873843077179867760e+04 9.821459041483762121e+03 8.429295307509852009e-01 -1.114407395801147588e-01 1.751672209508483866e+04
1.012878846285563486e+04 1.906650233090577967e+04 8.937713868050144811e+03 1.099602028264973663e+00 -6.366835610668840351e-02 1.715230295918965930e+04
1.335975461450782859e+04 1.936125020070356913e+04 6.001495586195740543e+03 1.360569825182815551e+00 -1.216136505195997836e-01 1.636946825397309840e+04
1.522730523810643172e+04 2.085677816992302178e+04 5.629472931816590062e+03 1.461793658052081168e+00 -4.797451973431497013e-02 1.599222422762094357e+04
2.197916764663424328e+04 2.532280604048380337e+04 3.343638393849560089e+03 1.671526962533484317e+00 -1.398438186802413276e-03 1.545505658228149514e+04
3.198611464997144503e+04 3.511931802769409114e+04 3.133203377722646110e+03 1.845824351566330179e+00 1.311236781411196095e-01 1.531430910942242735e+04
7.155385838520861580e+04 7.185325872961130517e+04 2.994003444026893703e+02 2.114200675628474357e+00 8.789914578162778824e-02 1.489269047506925563e+04
