5.103164404502020091e+01 3.100266742939905453e+04 3.095163578535403576e+04 nan nan 3.110047950786969159e+04
1.826364030227379089e+03 2.183300423353259612e+04 2.000664020330521817e+04 8.105455536931382987e-01 -6.760088601061475799e-02 2.165366894208200392e+04
1.895717169853266341e+03 2.455856888771741797e+04 2.266285171786415231e+04 6.410977078793075323e-01 -1.025869764133254258e-01 2.426712689526995746e+04
4.670487488272256996e+03 1.958000972999697115e+04 1.490952224172471324e+04 9.754203364017759448e-01 -9.909965999491367195e-02 1.919660136168683312e+04
6.196543801533587612e+03 2.057399570967887485e+04 1.437745190814528723e+04 4.068627151532859254e-01 -7.559768592098874140e-02 1.934663296256011017e+04
8.896080772282382895e+03 1.873156879914247838e+04 9.835488026860095488e+03 8.845413530537332703e-01 -1.165710494624918186e-01 1.735828191555530066e+04
1.012891962837996289e+04 1.906995819349572048e+04 8.941038565115757592e+03 1.131517310025028200e+00 -2.581042485915204798e-01 1.717286324970170972e+04
1.300819597608973891e+04 1.932432711658948756e+04 6.316131140499748653e+03 1.330539158850206016e+00 -1.447275315732210188e-01 1.643902346096824840e+04
1.523633351486822903e+04 2.085318781452884650e+04 5.616854299660617471e+03 1.537063621520063039e+00 -5.516803134786773394e-02 1.586897702443602248e+04
2.191810558018737720e+04 2.496289379705379179e+04 3.044788216866414587e+03 1.362622961124850818e+00 7.414507777099575703e-02 1.546322734403097274e+04
3.183194843262799986e+04 3.470592260444792919e+04 2.873974171819929325e+03 1.950323801964730874e+00 5.314478718613700053e-02 1.511259396177816416e+04
7.212047062898553850e+04 7.307498465468653012e+04 9.545140257009916240e+02 1.700811205223027756e+00 2.076743592795347870e-02 1.480401093927079091e+04
