4.663952081702494468e+01 3.100744607218062811e+04 3.096080655136360292e+04 nan nan 3.103816626070138591e+04
1.831944782497147116e+03 2.179530225966508442e+04 1.996335747716793776e+04 4.510581789111530182e-01 6.509781318358345836e-02 2.150783398892959303e+04
1.898208127414582805e+03 2.457652434075163910e+04 2.267831621333705698e+04 6.568412536928612822e-01 -1.655115689245214849e-01 2.404226811433427793e+04
4.675478178048051632e+03 1.958949992024700987e+04 1.491402174219895824e+04 9.741843743056852745e-01 -1.204467854850718583e-01 1.913752055119412398e+04
6.088356563879729947e+03 2.062545772148961260e+04 1.453710115760988265e+04 4.722549611819775173e-01 -9.222162541149152293e-02 1.965442221957062065e+04
8.960160940307654528e+03 1.877059577875450123e+04 9.810434838446846697e+03 9.045194408406657116e-01 -2.291471417664321386e-01 1.744683656472733128e+04
1.017847185038417774e+04 1.903612902191626927e+04 8.857657171532091525e+03 8.344248837183915191e-01 -2.318669787087824508e-01 1.720606153333469410e+04
1.315430670566837944e+04 1.936780720848102283e+04 6.213500502812643390e+03 1.292591854808583962e+00 2.549593769994961626e-03 1.634332032629036985e+04
1.547065717265963940e+04 2.091812192669729120e+04 5.447464754037651801e+03 1.491744627724566952e+00 6.621423868563358628e-02 1.592483533620966591e+04
2.253696682431442241e+04 2.566076333911744587e+04 3.123796514803023456e+03 1.737269871264274457e+00 -7.033800141052683197e-02 1.541578467682193877e+04
3.249614084964634822e+04 3.543677395520305436e+04 2.940633105556706141e+03 1.875437760695731759e+00 8.794645582801030592e-02 1.506522282889936469e+04
7.673675374019503943e+04 7.703333405324365594e+04 2.965803130486165173e+02 1.901767667022909114e+00 1.054199872703332486e-01 1.490095089280836692e+04
