4.935204801165017585e+01 3.102030894508699203e+04 3.097095689707534257e+04 nan nan 3.082989049778275148e+04
1.820734132581055064e+03 2.180779366252877662e+04 1.998705952994772088e+04 4.440815767119408175e-01 2.590650355196037757e-02 2.162324586558672672e+04
1.892383447101136881e+03 2.454074856405883475e+04 2.264836511695769877e+04 6.512322400747391216e-01 -7.207989968329615860e-02 2.412790187908737425e+04
4.661845575177976571e+03 1.960653921092965538e+04 1.494469363575167881e+04 1.046301949010439047e+00 -1.336569232194702028e-01 1.917082820769356113e+04
6.183699864381950647e+03 2.058983777049005585e+04 1.440613790610810611e+04 7.583195313934214532e-01 -2.213266437946276033e-01 1.964285720622957888e+04
8.873138462164133671e+03 1.875154333784877235e+04 9.878404875684638682e+03 8.611646286837748576e-01 -1.391983179842473661e-01 1.748142782443423494e+04
1.015155380940466057e+04 1.905774200490397925e+04 8.906188195499318681e+03 1.051150842477231118e+00 -7.904001510658269225e-02 1.701796834528616455e+04
1.312389145412159087e+04 1.935737154332237333e+04 6.233480089200782459e+03 1.019581716404465821e+00 -1.283033280397265219e-01 1.608274433891881745e+04
1.516628338584293124e+04 2.082929025302483933e+04 5.663006867181908092e+03 1.630037349909851718e+00 9.602979231187053211e-04 1.593798593003609858e+04
2.269864804447737333e+04 2.567058925724857909e+04 2.971941212771205755e+03 1.301269601644063911e+00 -7.660634987060872814e-02 1.531749890882701584e+04
3.149110634356679293e+04 3.463917485586963448e+04 3.148068512302841555e+03 2.018810447595912105e+00 1.523618626630997459e-02 1.527847765068395347e+04
7.969516380449109420e+04 7.937805068741556897e+04 -3.171131170755252242e+02 2.051221917428610819e+00 2.727326809476839364e-01 1.500126294265086290e+04
