4.451363530201091123e+01 3.101152308570846071e+04 3.096700945040645092e+04 nan nan 3.081673252878973653e+04
1.807138136115327143e+03 2.182689141133648445e+04 2.001975327522115549e+04 5.293389363204118458e-01 -4.754926305074391735e-02 2.162712260442077240e+04
1.897069950764917166e+03 2.456434686790657724e+04 2.266727691714165849e+04 7.698932907560411820e-01 -8.508939031977275080e-02 2.391210648149067856e+04
4.647534071178089107e+03 1.962143763942802616e+04 1.497390356824993796e+04 1.013044469604270192e+00 -1.791476372517168125e-01 1.923275872625531338e+04
6.186627950263706225e+03 2.056472867401636540e+04 1.437810072375265918e+04 5.110119246083276723e-01 -4.940333615134593487e-02 1.974438747062214316e+04
8.885533523074960613e+03 1.878396545465583404e+04 9.898431931580873425e+03 8.599566110165127730e-01 -2.166475209388683265e-01 1.742277051394080627e+04
1.012861259225372305e+04 1.907179950774221652e+04 8.943186915488493469e+03 9.696458292361432862e-01 -1.278887283170044263e-02 1.728410310587973800e+04
1.342583596933799163e+04 1.933021678390346642e+04 5.904380814565474793e+03 1.247831604730590849e+00 -1.416862826010639731e-01 1.619964009438795256e+04
1.555710124207188528e+04 2.094924351163332176e+04 5.392142269561436478e+03 1.328207153726280731e+00 6.478447299704714890e-02 1.590218013674821850e+04
2.265391089037337952e+04 2.567447790905272996e+04 3.020567018679350440e+03 1.503838290035575342e+00 -9.168202228639481255e-02 1.562437391501411912e+04
3.253892459062886337e+04 3.551646319167213369e+04 2.977538601043270319e+03 2.066366470821920931e+00 9.771938136886809678e-02 1.517609497878043840e+04
7.114455827780187246e+04 7.091744629182854260e+04 -2.271119859733298654e+02 1.956867913368192546e+00 1.487797280546731271e-01 1.478882820852338227e+04
