4.434545848136265533e+01 3.098885027160081518e+04 3.094450481311945259e+04 nan nan 3.121902476763496452e+04
1.814925714817380140e+03 2.182761934081096115e+04 2.001269362599358283e+04 4.526307485201251368e-01 -1.236013910554628059e-01 2.165506608803477138e+04
1.894919225933320831e+03 2.455152044135944016e+04 2.265660121542611887e+04 9.947768139229724582e-01 -7.905904978044030196e-02 2.431948165616363622e+04
4.721435059166530664e+03 1.955219287796263598e+04 1.483075781879610440e+04 1.057112841958131266e+00 -2.085934990985068016e-01 1.899752043284696992e+04
6.060323004039911211e+03 2.061950686704736290e+04 1.455918386300745260e+04 7.180797244135340707e-01 -1.134134979384697900e-01 1.976600115946044025e+04
8.884653101916523156e+03 1.873010998140131051e+04 9.845456879484787351e+03 1.165206554589729881e+00 -9.752626829732304048e-02 1.750676908869507679e+04
1.011425569027533857e+04 1.906522394237739718e+04 8.950968252102058614e+03 7.684996776339264590e-01 -1.833208712709182564e-01 1.727551813364149712e+04
1.315536212368584711e+04 1.934198064654534755e+04 6.186618522859500445e+03 1.154904473124769071e+00 -2.015605490016861567e-01 1.631479403970363819e+04
1.541046718248353318e+04 2.091168323144294482e+04 5.501216048959411637e+03 1.639593901580479907e+00 -2.571918540352905250e-02 1.613948566530189237e+04
2.275646417034077604e+04 2.564083564204037248e+04 2.884371471699596441e+03 1.600527341382713464e+00 2.400462656465760306e-02 1.543254007931423803e+04
3.237249156597076217e+04 3.528989385453943396e+04 2.917402288568671793e+03 2.464544657083629353e+00 1.247915196488688511e-01 1.513691536732670102e+04
7.949240304921228380e+04 7.991097930132222245e+04 4.185762521099386504e+02 1.878032894489058746e+00 2.809594956650993680e-01 1.476643041809393799e+04
