4.719344161359326506e+01 3.100773597732418420e+04 3.096054253571059235e+04 nan nan 3.076132142279854452e+04
1.829296777560094370e+03 2.177094898889414253e+04 1.994165221133404702e+04 6.794449379762578234e-01 1.872621766877602531e-03 2.154685432730679895e+04
1.889013691020281158e+03 2.455156338992532255e+04 2.266254969890504071e+04 8.091515043641286375e-01 -1.016673267381524304e-01 2.418151841293028701e+04
4.645133095628141746e+03 1.960458978190066773e+04 1.495945668627252599e+04 9.731081051586629727e-01 -8.002339083465355440e-02 1.916634245093749996e+04
6.092872985628036986e+03 2.064002167255977110e+04 1.454714868693173412e+04 5.809774189988626825e-01 -3.531242505846252794e-02 1.961336925516696283e+04
8.932321963742166190e+03 1.870539905733057822e+04 9.773077093588412026e+03 8.466726817477397971e-01 -2.076649996306888235e-01 1.753523284184683507e+04
1.007898036340242288e+04 1.906645355382339039e+04 8.987473190420967512e+03 1.068753045805175717e+00 -8.967342518382098726e-02 1.716389366323758804e+04
1.317231941099707728e+04 1.933144045895594536e+04 6.159121047958868076e+03 1.657619455597394875e+00 -1.354005646550325015e-01 1.636597690430745570e+04
1.545122580420524355e+04 2.087639843755328911e+04 5.425172633348045565e+03 1.344112349332099443e+00 -3.032548901378119641e-03 1.591509582166229302e+04
2.267033145908249207e+04 2.563896756551837098e+04 2.968636106435878901e+03 1.490289545186620268e+00 6.589847508220736394e-02 1.543603070184406715e+04
3.133905632131390303e+04 3.468205630733232829e+04 3.342999986018425261e+03 1.337463834364902793e+00 1.620182289895963079e-01 1.535875904847955280e+04
7.070141613552000490e+04 7.107787300060891721e+04 3.764568650889123091e+02 1.860976774122846900e+00 1.906754355834563430e-01 1.501651972420954917e+04
