5.133667196064731542e+01 3.103190162292312743e+04 3.098056495096248182e+04 nan nan 3.076053851802189820e+04
1.820316838134056979e+03 2.178164026038383963e+04 1.996132342224978129e+04 4.606493415173573136e-01 -4.104961412924648667e-02 2.176631544943381232e+04
1.884434457261195121e+03 2.456117139611448874e+04 2.267673693885329340e+04 6.064063518168357758e-01 -1.617269174746047977e-01 2.404231552260974058e+04
4.657842914842248319e+03 1.959484456515810234e+04 1.493700165031585493e+04 1.063391883388495884e+00 -6.215876234052686300e-02 1.918703553232779814e+04
6.098754900488296698e+03 2.061692972196765913e+04 1.451817482147936244e+04 4.854833490743086233e-01 2.928621319086517627e-02 1.964816801526941708e+04
8.899587252173139859e+03 1.872208619770977748e+04 9.822498945536637621e+03 9.880486659859327725e-01 -2.147911057176532523e-01 1.762793423427116795e+04
1.016665888543164328e+04 1.905041620734366734e+04 8.883757321912024054e+03 9.968043086187275970e-01 -3.584511937514171104e-02 1.724784388041647981e+04
1.304460749602856049e+04 1.932048219290987254e+04 6.275874696881312047e+03 1.304795864627706914e+00 -4.392457163835878503e-02 1.640072245650760306e+04
1.522208421121598985e+04 2.086738962543065281e+04 5.645305414214662960e+03 1.651370286952249300e+00 -1.431737161264413916e-01 1.594846446855336762e+04
2.254417980603957039e+04 2.557812398062886132e+04 3.033944174589290924e+03 1.358662649710093318e+00 1.362848518878550796e-01 1.540529316488127370e+04
3.247519421707888978e+04 3.570335264862404438e+04 3.228158431545154599e+03 1.821384362053178885e+00 1.932916602087316749e-01 1.523265309548491314e+04
7.449010947447009676e+04 7.558588083467994875e+04 1.095771360209851991e+03 2.068169969243621953e+00 3.004804107218385020e-02 1.483771319867918282e+04
