5.145878663632708339e+01 3.101329739479887576e+04 3.096183860816255037e+04 nan nan 3.093867630772549091e+04
1.824834041415733509e+03 2.179805916914767658e+04 1.997322512773194467e+04 3.642196928535101352e-01 -1.490244427233275715e-01 2.157990013224455106e+04
1.874163350309912630e+03 2.460448104908153255e+04 2.273031769877162151e+04 5.485256990293133628e-01 -1.115699086527881106e-01 2.416666273260221715e+04
4.669665642574104822e+03 1.961415197665675078e+04 1.494448633408264504e+04 1.043630684747674620e+00 -4.823020405292603317e-04 1.902991137261445692e+04
6.156529417676189041e+03 2.057038007282233229e+04 1.441385065514614325e+04 6.368525543972143321e-01 1.952070186534847832e-02 1.967762521035941609e+04
8.867922239211629858e+03 1.877426873498009081e+04 9.906346495768460954e+03 9.514313032165411244e-01 -3.064791704117255100e-01 1.746687816334945455e+04
1.007900546248486717e+04 1.911292087340763828e+04 9.033915410922771116e+03 1.108590000378070428e+00 -1.173298249479215322e-01 1.718608939401043972e+04
1.309152948543292223e+04 1.931609529819304589e+04 6.224565812760123663e+03 1.185098965254900660e+00 -1.762956114902081983e-01 1.641059752805621974e+04
1.541603033346450320e+04 2.089561211471590286e+04 5.479581781251399661e+03 1.260218396891535697e+00 1.595514631414350279e-02 1.598184371008916605e+04
2.250608229711165768e+04 2.552376444387473748e+04 3.017682146763079800e+03 1.463135354466935878e+00 2.132074775880142114e-03 1.541755713037720670e+04
3.149497221863652157e+04 3.485361828567387420e+04 3.358646067037352623e+03 1.926977571137360457e+00 4.808076171229721391e-02 1.522194105230572495e+04
7.252308218833839055e+04 7.258746151452150661e+04 6.437932618311606348e+01 2.047286658900832279e+00 3.060035727465363897e-01 1.484290359114522107e+04
