5.019364399100195584e+01 3.099068622696079910e+04 3.094049258296979679e+04 nan nan 3.095029408989533113e+04
1.813403713596804437e+03 2.183768024630699074e+04 2.002427653271018789e+04 6.304161788407716127e-01 2.147018862525496008e-02 2.148134226019405469e+04
1.895207678996603590e+03 2.457870994495104242e+04 2.268350226595443746e+04 6.951186854429565187e-01 -1.803758855216292256e-01 2.418723472452251008e+04
4.593713399311460307e+03 1.968608729514923834e+04 1.509237389583777804e+04 9.339151164982433251e-01 -1.248243594899347553e-01 1.900198429776803459e+04
6.156639176213699102e+03 2.057183289080403119e+04 1.441519371459033209e+04 4.865924129844960144e-01 -1.544962558973429767e-01 1.969962459008657970e+04
8.886835307813667896e+03 1.878280004075184479e+04 9.895964732938176894e+03 9.429569548251449662e-01 -2.428808355651355111e-01 1.756261266997987696e+04
1.019538195831210396e+04 1.908768266086616495e+04 8.892300702554060990e+03 9.319383744474212250e-01 -9.091611750717430718e-02 1.709644336429953910e+04
1.305076678963475206e+04 1.929953440210530607e+04 6.248767612470554013e+03 1.263487699571120837e+00 -5.127681477734929300e-02 1.617480350527814699e+04
1.519326669538105125e+04 2.080071961966371600e+04 5.607452924282664753e+03 1.326114976827210912e+00 6.184997718333845595e-02 1.586701452138053537e+04
2.252010937508540519e+04 2.561376129097188095e+04 3.093651915886475763e+03 1.734826326439720789e+00 -4.680869102779117163e-02 1.558707644064862143e+04
3.279147636473296734e+04 3.578515009784368885e+04 2.993673733110721514e+03 2.042588855849097218e+00 1.460815892700633167e-01 1.512073597249759405e+04
6.977381473172367259e+04 6.998020188622474961e+04 2.063871545010770205e+02 1.947293556015394556e+00 1.339576534869782176e-01 1.499451455613911821e+04
