4.924885455201726359e+01 3.102094940732783652e+04 3.097170055277581923e+04 nan nan 3.083807258778590403e+04
1.839229140338462685e+03 2.180897530500897847e+04 1.996974616467051601e+04 5.783101702465818228e-01 -1.082969641328070109e-02 2.158004440799144504e+04
1.894341020257035098e+03 2.453820212898180034e+04 2.264386110872476638e+04 6.245826684441369014e-01 -2.566117927005362800e-02 2.416944333303155145e+04
4.655567006128204412e+03 1.961118101656006183e+04 1.495561401043185833e+04 9.903886926826692694e-01 -1.702602716717426246e-01 1.902899042144454870e+04
6.169796609594304755e+03 2.057639532341650192e+04 1.440659871382219717e+04 6.014591589732621868e-01 -1.259046316914841195e-02 1.974134903048618071e+04
8.905332769349441151e+03 1.879425622583122095e+04 9.888923456481779795e+03 9.372382964246398496e-01 -2.343686350633382987e-01 1.742417148751529749e+04
1.006309203834401160e+04 1.907932135221298086e+04 9.016229313868969257e+03 9.561215934465874255e-01 -2.575495136415633657e-01 1.719827313369931289e+04
1.334077646217969050e+04 1.942774079655344030e+04 6.086964334373749807e+03 1.070555025536638283e+00 -9.407092943731172607e-02 1.623741600909068802e+04
1.546353771777583279e+04 2.097235113804610955e+04 5.508813420270276765e+03 1.545136855699947409e+00 -4.839837394967316277e-03 1.603183393038649774e+04
2.200038670509537405e+04 2.508594037022411794e+04 3.085553665128743887e+03 1.435273497516065033e+00 8.896735302267300138e-02 1.539061664343158191e+04
3.257637017083885075e+04 3.514847221684397664e+04 2.572102046005125885e+03 1.829075396878145909e+00 6.752986066963288792e-02 1.519067489321886569e+04
7.832741782981689903e+04 7.870583081025644788e+04 3.784129804395488463e+02 1.840970472476641140e+00 2.128407789705859532e-01 1.490637817615971471e+04
