4.397782243360131105e+01 3.101876544449906942e+04 3.097478762206546890e+04 nan nan 3.089976089908106587e+04
1.840819596382109694e+03 2.178406893977827713e+04 1.994324934339616811e+04 5.558548257258858483e-01 2.513118573435681267e-03 2.166122468215076879e+04
1.896190205170876879e+03 2.456791839099868957e+04 2.267172818582781110e+04 6.795433432256849926e-01 9.430430549635940990e-03 2.396052156513035879e+04
4.696988705713947638e+03 1.957212388860176361e+04 1.487513518288781597e+04 1.090294554480151890e+00 -2.075302238316487358e-01 1.910208815640185639e+04
6.113884784387036234e+03 2.061611039215266646e+04 1.450222560776563114e+04 6.004351544696435727e-01 -2.224696464899807158e-02 1.975951332664588699e+04
8.879669048432815543e+03 1.875137493365293631e+04 9.871705885220120763e+03 9.504254369159577109e-01 -2.710322045554218184e-01 1.746288557883269823e+04
1.003725795771911362e+04 1.905884895754087484e+04 9.021590999821761216e+03 9.897613527501910591e-01 -1.970758378067387351e-01 1.729851363214899538e+04
1.325669596827391433e+04 1.942726042995726311e+04 6.170564461683348782e+03 1.102432396671705339e+00 -3.931181415574402926e-02 1.622094254826745782e+04
1.533077320200406393e+04 2.102535654960335523e+04 5.694583347599291301e+03 1.626268499123834532e+00 3.979009090382595003e-03 1.606681967317264571e+04
2.263759299699797702e+04 2.540299343542802308e+04 2.765400438430046052e+03 1.634408761973765500e+00 4.814422295487186254e-02 1.545773887938149710e+04
3.332746292238270689e+04 3.580186650657075370e+04 2.474403584188046807e+03 1.712179708756669472e+00 1.692025169210774338e-01 1.523809233954882075e+04
7.074665485735661059e+04 7.071231867726249038e+04 -3.433618009412020911e+01 1.841672468997037404e+00 1.564006708125673384e-01 1.475025906726305948e+04
