4.946154994481443623e+01 3.101130744366196814e+04 3.096184589371715265e+04 nan nan 3.080116430042421780e+04
1.816608521698132108e+03 2.185598742269867580e+04 2.003937890100054210e+04 5.012760100523067086e-01 2.366720245389721325e-02 2.160118692975834711e+04
1.903734227798693155e+03 2.453214341764431083e+04 2.262840918984561722e+04 6.613986966773569565e-01 -8.130180304151754522e-02 2.416628124337982445e+04
4.711672753069386999e+03 1.955084894417251053e+04 1.483917619110312444e+04 1.116206879656963968e+00 -1.808475167984223975e-01 1.907049622970765995e+04
6.146679569286889091e+03 2.059914299289701739e+04 1.445246342361012830e+04 5.414747682522181860e-01 -8.614995045915192773e-02 1.973210873588578397e+04
8.813913423992607932e+03 1.879236103671421370e+04 9.978447612721605765e+03 1.141217655395876163e+00 -1.544620210552409834e-01 1.742812809444357117e+04
1.009691604141165408e+04 1.909427162101087015e+04 8.997355579599216071e+03 1.096983158922180346e+00 -1.643267392479385580e-01 1.734377853807283827e+04
1.318892845057233353e+04 1.934331894736774120e+04 6.154390496795407671e+03 1.172236901281392463e+00 -3.586695085995621896e-02 1.632857912668933386e+04
1.531531613547462621e+04 2.097978705426698070e+04 5.664470918792354496e+03 1.308040056629706793e+00 6.523399935232430946e-02 1.600948761820475738e+04
2.255696727269540133e+04 2.552803687036556585e+04 2.971069597670164512e+03 1.464731203919930280e+00 6.340364862981354155e-02 1.532249000612311102e+04
3.227659587738374103e+04 3.512059161846874485e+04 2.843995741085003829e+03 1.813182286066811644e+00 2.265984553936649729e-02 1.504922972278253656e+04
7.433325310604962579e+04 7.449095760624545801e+04 1.577045001958322246e+02 2.434675533887486143e+00 2.633090555312458392e-01 1.483765049519554850e+04
