4.990444720848512361e+01 3.100927791889181754e+04 3.095937347168333145e+04 nan nan 3.104971304720066473e+04
1.801892487140240746e+03 2.183849514910497237e+04 2.003660266196473094e+04 3.488565954218524889e-01 8.758026133388339962e-02 2.169647915642864973e+04
1.892973963387468302e+03 2.456299632954721892e+04 2.267002236615975198e+04 7.680255446778726514e-01 7.213168568068242803e-02 2.425400283440555722e+04
4.650352796549276718e+03 1.961777405908785295e+04 1.496742126253857714e+04 1.001520780830482016e+00 -1.173084042867381521e-01 1.906152670059232332e+04
6.145147885511756613e+03 2.060025070144782876e+04 1.445510281593607215e+04 6.452531528421450169e-01 -9.067121922923078448e-02 1.967944568684770275e+04
8.889420716028551396e+03 1.871541106424269674e+04 9.825990348214145342e+03 9.496547851695483766e-01 -1.842060353807306594e-01 1.754902539378251822e+04
1.003795461761613115e+04 1.905177082475982388e+04 9.013816207143692736e+03 1.205928484809446921e+00 -1.331194111739778252e-01 1.707946286719154523e+04
1.319684948231743329e+04 1.938828903713616819e+04 6.191439554818734905e+03 1.179909568277321297e+00 -6.591035424000611653e-02 1.629582404700212101e+04
1.545740828065870301e+04 2.091728948818879144e+04 5.459881207530088432e+03 1.191824283450059196e+00 8.811162764056272578e-02 1.587412430674817915e+04
2.166576774744186696e+04 2.477643255691530430e+04 3.110664809473437344e+03 1.951610465363419200e+00 1.958697460068491158e-02 1.539676576250303333e+04
3.128614310672848296e+04 3.443192011993724736e+04 3.145777013208764401e+03 1.789987530231212487e+00 2.788812010910727765e-02 1.506819268713275778e+04
7.637640011701926414e+04 7.650819148394411604e+04 1.317913669248519000e+02 1.907583745250446938e+00 2.094721311118613594e-01 1.486867861806450492e+04
