4.673739329561661293e+01 3.099900671290416358e+04 3.095226931960854563e+04 nan nan 3.110279599021574904e+04
1.815711014114669069e+03 2.177657190575416826e+04 1.996086089163949873e+04 4.052014529265176024e-01 -1.074436342119697851e-01 2.175298537216586919e+04
1.881116947842238005e+03 2.460332453155875555e+04 2.272220758371651755e+04 6.595268484221693539e-01 -2.298483214341491901e-02 2.420686958711812622e+04
4.644565389186878747e+03 1.962482364350591524e+04 1.498025825431903650e+04 9.451822928942977819e-01 -1.489830544987903460e-01 1.928650596683590265e+04
6.053689148866229516e+03 2.066542157559530096e+04 1.461173242672907145e+04 4.669158957491005846e-01 -5.621314615512332941e-02 1.974522940715555524e+04
8.934308261762267648e+03 1.874623069372450482e+04 9.811922431962237170e+03 9.559073030856938269e-01 -2.163145404518606874e-01 1.752389038645506662e+04
1.011361661131388428e+04 1.909524566088532083e+04 8.981629049571436553e+03 8.843596624771502546e-01 -1.527337922223208355e-01 1.719340802504851308e+04
1.312199563323234543e+04 1.934271024326964107e+04 6.220714610037295643e+03 1.345279868715793858e+00 -8.798534393706330947e-02 1.633697531057018568e+04
1.529334112182808531e+04 2.095498568727656675e+04 5.661644565448481444e+03 1.935262878676020426e+00 -9.444784685269045840e-03 1.588372349696352285e+04
2.215180960585780849e+04 2.533182632583038867e+04 3.180016719972580177e+03 1.594784181886380381e+00 1.623415161700827170e-01 1.561818604123218756e+04
3.199612154799141354e+04 3.499788017181222676e+04 3.001758623820813227e+03 1.707478465758741182e+00 -1.561051388959704004e-03 1.510937241004156385e+04
7.480468682049581548e+04 7.518824543645051017e+04 3.835586159546946874e+02 1.907655786645764850e+00 2.159046923096808179e-01 1.487515082918766711e+04
