5.389907153146147323e+01 3.102507419064098576e+04 3.097117511910952453e+04 nan nan 3.090019950825696287e+04
1.820231131228825689e+03 2.178376859935912580e+04 1.996353746813030011e+04 6.086738503004819334e-01 -1.254707015312995222e-01 2.167213441726642850e+04
1.882889969844916550e+03 2.461684472761042343e+04 2.273395475776550666e+04 9.427268121857448335e-01 -1.364506403850773431e-01 2.401439924504695955e+04
4.694762928585278132e+03 1.956330777536109599e+04 1.486854484677581786e+04 1.041481916270984520e+00 -8.878457236360033644e-02 1.898693231111597197e+04
6.107904317159570383e+03 2.062022763748979924e+04 1.451232332033022976e+04 4.659747339673719346e-01 -5.527267564449812182e-02 1.952003342725791663e+04
8.937617961645222749e+03 1.872833499688765369e+04 9.790717035242430939e+03 8.959399991373470096e-01 -1.198406347214120288e-01 1.742642185902269193e+04
9.996655072657475102e+03 1.909537495726425914e+04 9.098719884606784035e+03 1.033640881515541565e+00 -1.647819986525279889e-01 1.707372290836929460e+04
1.306008814902057566e+04 1.929572459837432689e+04 6.235636449353751232e+03 1.242405011410403715e+00 -6.557200890584043151e-02 1.626085202724473493e+04
1.533737738343875208e+04 2.084774159039933147e+04 5.510364206960579395e+03 1.542271314995083742e+00 -4.639412437523490751e-02 1.602782368810078697e+04
2.265854222403855238e+04 2.573602523545399163e+04 3.077483011415439250e+03 1.370128815754237950e+00 1.639467071667383979e-01 1.550522033479594756e+04
3.226737336781471095e+04 3.506084666955989815e+04 2.793473301745187200e+03 1.862606681873069547e+00 7.778872963356515957e-02 1.520829072125269522e+04
7.180233999338885769e+04 7.190993107648429577e+04 1.075910830954380799e+02 1.622138247923728294e+00 2.210678671580684485e-01 1.488251058126197313e+04
