4.505548863287582151e+01 3.101230612882495188e+04 3.096725064019207639e+04 nan nan 3.107583560217223203e+04
1.814237400536525001e+03 2.182676967556063755e+04 2.001253227502411391e+04 7.859048338275282930e-01 -7.338075411190085606e-02 2.167158970301199224e+04
1.899370414345507015e+03 2.455006305934132979e+04 2.265069264499582277e+04 8.355647850619286610e-01 -1.165336304652933030e-01 2.410292591547130360e+04
4.732555410923620002e+03 1.951104325049530962e+04 1.477848783957168962e+04 9.488477215626565098e-01 -1.810003758929369100e-01 1.923089796760234458e+04
6.165450334219648539e+03 2.058321542564015181e+04 1.441776509142050418e+04 4.454471893821527750e-01 -1.060871382457527073e-01 1.964199928861977969e+04
8.908007953060092404e+03 1.877182148158162818e+04 9.863813528521535773e+03 9.408860068538121846e-01 -2.562900827162461481e-01 1.744882651543028624e+04
1.002900819925813266e+04 1.905007324769291517e+04 9.021065048434782511e+03 9.651896640947855710e-01 -1.506251136004643776e-01 1.748985613136751999e+04
1.309237215143075082e+04 1.933505267295105659e+04 6.242680521520305774e+03 1.296625206859212787e+00 -1.025763611105705020e-01 1.631733796690322379e+04
1.542252303139075775e+04 2.096826886667814688e+04 5.545745835287389127e+03 1.608588911463808779e+00 1.068743960016889649e-01 1.583878353890122708e+04
2.232816275558159396e+04 2.530449430378105899e+04 2.976331548199465033e+03 1.570591733299204540e+00 -2.443158152524057061e-02 1.550464378784440123e+04
3.380571987621219887e+04 3.638315854205446522e+04 2.577438665842266346e+03 2.254857390918517002e+00 8.927048268409319698e-02 1.522253022369433711e+04
7.435467163586168317e+04 7.428784537045277830e+04 -6.682626540890487377e+01 2.182649007940678398e+00 2.091657273134921724e-01 1.481059651312526512e+04
