5.007768641546090294e+01 3.101202569408399359e+04 3.096194800766853223e+04 nan nan 3.079675590134051163e+04
1.833195676023612350e+03 2.179359884540787971e+04 1.996040316938426622e+04 4.497634773100618877e-01 -1.790164464793575494e-01 2.154554600941554600e+04
1.877563350886221542e+03 2.459742036789919803e+04 2.271985701701297512e+04 6.830697823039039163e-01 -8.547727036460234240e-02 2.415793235203751829e+04
4.712189170357253715e+03 1.954542938821007192e+04 1.483324021785281730e+04 1.170119520229345733e+00 -1.666945461991950761e-01 1.912291440349092954e+04
6.127897015080723577e+03 2.059625722107977344e+04 1.446836020599904987e+04 4.716635028775778005e-01 -1.348027854607794229e-01 1.965975222644463793e+04
8.955867947344277127e+03 1.873193473646746133e+04 9.776066789123184208e+03 9.842529215796433917e-01 -1.463364807168094639e-01 1.748954719237671088e+04
1.009771194180991552e+04 1.907252396255279746e+04 8.974812020742881941e+03 9.709500988517044684e-01 -4.935748434121146194e-02 1.702511971682704825e+04
1.339088291981427210e+04 1.936689546420258557e+04 5.976012544388313472e+03 1.167645085038310659e+00 -1.091640325770159153e-01 1.660204937181235437e+04
1.512608857326486213e+04 2.075419514556018839e+04 5.628106572295326259e+03 1.342517177215580171e+00 -5.906435683423028049e-03 1.585900985623659108e+04
2.308247944258304415e+04 2.611769485262539456e+04 3.035215410042350413e+03 1.419758074501975109e+00 1.205759821225024092e-01 1.551423628133927741e+04
3.227431021416186195e+04 3.521397072857015155e+04 2.939660514408289600e+03 1.699250324929646228e+00 1.044137563222305859e-01 1.501551635668522431e+04
7.724307618035517226e+04 7.741754782510662335e+04 1.744716447514510946e+02 1.815571810197818214e+00 1.019143262742567835e-01 1.483656453322207926e+04
