4.658157303494667900e+01 3.099003192547440267e+04 3.094345035243945676e+04 nan nan 3.099905015091197856e+04
1.832106844752694315e+03 2.176235741859093832e+04 1.993025057383824242e+04 1.484308580927937937e+00 4.965119889506830475e-02 2.161885783566885584e+04
1.884245921234192338e+03 2.458387635715358920e+04 2.269963043591939640e+04 7.605096605336442162e-01 -9.953061702659450616e-02 2.405299052079426474e+04
4.687630823500833685e+03 1.957398363920677002e+04 1.488635281570593725e+04 1.108585337840954255e+00 -2.483934981358347782e-01 1.913626745498876699e+04
6.066033123939173493e+03 2.063591996871167430e+04 1.456988684477249990e+04 4.460411301203474621e-01 -1.992991103139182124e-02 1.978372549846101538e+04
8.932862773167036721e+03 1.873689887395542974e+04 9.804036100788393014e+03 9.292007873466766599e-01 -1.763344734393343105e-01 1.748915467019724019e+04
1.018479359423523783e+04 1.904367161726568520e+04 8.858878023030447366e+03 7.372606609820812062e-01 -1.154104703088272982e-01 1.729797200131441059e+04
1.302163157956557006e+04 1.927574086806095147e+04 6.254109288495381406e+03 1.058866658113672310e+00 -1.426596414221669995e-01 1.636490330684370565e+04
1.542576825491897762e+04 2.088876699729183383e+04 5.462998742372856213e+03 1.545109751249528429e+00 -2.981402262390792091e-02 1.585011821106820753e+04
2.299552304049144368e+04 2.567010133474823670e+04 2.674578294256793015e+03 1.594609989648583914e+00 -1.442242095720772631e-02 1.529176795685600882e+04
3.247366377795107474e+04 3.526045568126909347e+04 2.786791903318018740e+03 1.633976175952752685e+00 3.982528427131858811e-02 1.513436978085652845e+04
7.123761141943624534e+04 7.146128279155472410e+04 2.236713721184787573e+02 2.066240201898199569e+00 1.905280705176281009e-01 1.467528919826370111e+04
