4.675879524878305915e+01 3.099062311399757164e+04 3.094386431874878690e+04 nan nan 3.116201157933156355e+04
1.826922355145794427e+03 2.181843966097062366e+04 1.999151730582482924e+04 5.480260424013534415e-01 -1.426710471032601422e-02 2.145211342422007874e+04
1.896177102012341265e+03 2.453999332634081293e+04 2.264381622432847144e+04 7.051642212734599013e-01 -8.174453607302543945e-02 2.419511029640698325e+04
4.685126357878871204e+03 1.957611082087191244e+04 1.489098446299304123e+04 9.117198878686232355e-01 -2.311458741184108379e-01 1.919312037276183401e+04
6.112947110003552552e+03 2.061217698384156029e+04 1.449922987383800864e+04 4.415236468737653852e-01 -7.234741772955033401e-02 1.965029027627591131e+04
8.929909994304571228e+03 1.873330789510023533e+04 9.803397900795664100e+03 8.346739322826314256e-01 -1.760315606825667289e-01 1.749490427139341045e+04
1.014972266563507401e+04 1.912280565007860787e+04 8.973082984443533860e+03 8.447956900241377909e-01 -1.386337890442234377e-01 1.695080311874829931e+04
1.325981710807376476e+04 1.939767059436562704e+04 6.137853486291862282e+03 1.162603051479404348e+00 -1.260026621273368230e-01 1.633150760062685913e+04
1.571544740450099198e+04 2.102705199421672660e+04 5.311604589715734619e+03 1.155170291328511345e+00 3.783523410161766104e-03 1.581551911476002715e+04
2.250831230403423251e+04 2.553479024734688574e+04 3.026477943312653224e+03 1.559897152060839787e+00 -9.046546739737199028e-02 1.554159323634900284e+04
3.198911891288069819e+04 3.531492768252931273e+04 3.325808769648614543e+03 1.573300223454316082e+00 2.077983109881053336e-01 1.525049881129567984e+04
7.222758000239601824e+04 7.243418873360747239e+04 2.066087312114541419e+02 1.909384419567752955e+00 2.000771405000537628e-01 1.476179641926109434e+04
