4.737609543090180608e+01 3.098775119545720736e+04 3.094037510002630734e+04 nan nan 3.109212509332659101e+04
1.817628080153168639e+03 2.184050915832025566e+04 2.002288107816708725e+04 5.984811204548465824e-01 -1.074505683713140730e-01 2.136000870312846746e+04
1.862301382384644285e+03 2.460137454401912328e+04 2.273907316163447831e+04 8.966641550510240366e-01 1.169972827989282371e-02 2.419380544785446182e+04
4.711891557632357035e+03 1.953848561278125999e+04 1.482659405514890386e+04 1.084830974985017349e+00 -1.783574173835143772e-01 1.911348949871153309e+04
6.110325968112313603e+03 2.060114848404352961e+04 1.449082251593121691e+04 3.965120707299354397e-01 -2.255008610219689721e-02 1.967500529382710738e+04
8.865648037955703330e+03 1.869460667184892372e+04 9.828958633893220394e+03 9.306527863206586204e-01 -1.119371915634545661e-01 1.747808010324458155e+04
1.023892832278211790e+04 1.900287879001676993e+04 8.763950467234652024e+03 1.017007610487314695e+00 -6.009889201136166953e-02 1.727047238246962661e+04
1.314333035277288218e+04 1.936108444376935950e+04 6.217754090996477316e+03 1.174941822670548364e+00 -7.387952983349492520e-02 1.625058439722077856e+04
1.565807128468051087e+04 2.094482929162869550e+04 5.286758006948184629e+03 1.400576885964984086e+00 3.274490504715752565e-02 1.594261931551797716e+04
2.208506843119156474e+04 2.517619417712387803e+04 3.091125745932313293e+03 1.377047767025978642e+00 1.143754942692257054e-01 1.560571091634081131e+04
3.118431317731299350e+04 3.418569804984519578e+04 3.001384872532202280e+03 1.637489754360163419e+00 3.072413906916919221e-02 1.515982642866205788e+04
7.127104838192458556e+04 7.170737792907473340e+04 4.363295471501478460e+02 1.977165659085580840e+00 1.718067752785223112e-01 1.497485506397181052e+04
