4.949016926365734292e+01 3.102199823325851685e+04 3.097250806399486100e+04 nan nan 3.087068521334258548e+04
1.800676625045887704e+03 2.184613412564200189e+04 2.004545750059611601e+04 7.416918407063417540e-01 -1.333865695547918895e-01 2.150394772987085526e+04
1.886306270812344337e+03 2.456208872162859916e+04 2.267578245081625573e+04 5.927823147628888956e-01 -7.920174390508827322e-02 2.422026116892181381e+04
4.669823915617913372e+03 1.959377870215145231e+04 1.492395478653353894e+04 9.672488064759851012e-01 -1.758222947035067707e-01 1.901903089372841350e+04
6.110785475934885653e+03 2.058237862041726476e+04 1.447159314448238001e+04 7.029644139162524175e-01 -1.690376000698793069e-01 1.975646642591629643e+04
8.866277590070616498e+03 1.872295614705925982e+04 9.856678556988643322e+03 8.758736318162565482e-01 -2.758690466064940838e-01 1.758611187008237175e+04
1.004623360862433947e+04 1.907823925179490470e+04 9.032005643170565236e+03 1.206564251036096991e+00 -1.811222985615536241e-01 1.728220205116839861e+04
1.311699871785647883e+04 1.937812429901177529e+04 6.261125581155296459e+03 1.281042951751915959e+00 -6.411574494808601477e-02 1.632410109741061569e+04
1.512350983054640892e+04 2.090217289884482307e+04 5.778663068298414146e+03 1.362514379264933018e+00 8.424964670406082101e-02 1.584152277210507600e+04
2.223006817489953028e+04 2.530846887959984088e+04 3.078400704700310598e+03 2.168918814720399268e+00 6.840577351058728384e-02 1.543207748516624270e+04
3.208963536232742263e+04 3.514852251018761308e+04 3.058887147860190453e+03 1.979401866591185000e+00 7.810441456975389385e-02 1.516720271029450669e+04
7.640023124206514331e+04 7.681488573724198795e+04 4.146544951768446481e+02 2.146970217131590974e+00 9.620660025166001550e-02 1.484593967719401735e+04
