4.806675787679200340e+01 3.101447185507256654e+04 3.096640509719577312e+04 nan nan 3.095470996361524521e+04
1.837580692072491502e+03 2.177465703359407053e+04 1.993707634152158062e+04 1.026067784002386185e+00 1.917028350984618240e-02 2.152252917312795762e+04
1.901394382866304795e+03 2.454614459251359585e+04 2.264475020964729265e+04 7.089951885396160725e-01 -1.032831886536082766e-02 2.416646268602400960e+04
4.694353997931542835e+03 1.957637539524619933e+04 1.488202139731465650e+04 9.925109951822336241e-01 -1.583536933259518664e-01 1.900596643857108211e+04
6.083941937186647920e+03 2.062818156223605911e+04 1.454423962504941119e+04 4.987844553490513033e-01 -1.468487174411159113e-01 1.964354122092463876e+04
8.857999207533175650e+03 1.875603659155410060e+04 9.898037384020924947e+03 9.962385550914524268e-01 -2.182551298754463742e-01 1.743922142045375585e+04
1.001673358849003853e+04 1.909136714749853491e+04 9.074633559008496377e+03 1.120262209762277861e+00 -1.047610400376153272e-01 1.727778538104920153e+04
1.323755632593881819e+04 1.932667052561023229e+04 6.089114199671414099e+03 1.160725814441143644e+00 -1.282426004503131045e-01 1.637508929004363199e+04
1.550594184356629739e+04 2.092139625989784690e+04 5.415454416331549510e+03 1.547158953785223501e+00 1.414763731915199552e-01 1.604388629711195063e+04
2.284499963382024362e+04 2.579061833116915659e+04 2.945618697348912974e+03 1.654514333340931342e+00 1.009692097152833229e-01 1.571937707024117844e+04
3.241510523145027400e+04 3.550313490962879587e+04 3.088029678178521863e+03 1.886242323827465484e+00 4.117278393293194449e-02 1.522019043056707051e+04
7.798336410368832003e+04 7.798132966170823784e+04 -2.034441980082192458e+00 1.950015432755722644e+00 2.474821147995446002e-01 1.477726748683349251e+04
