4.622335102035629717e+01 3.100613470104828593e+04 3.095991135002793089e+04 nan nan 3.094776449149070686e+04
1.804753840038286398e+03 2.181400238071382410e+04 2.000924854067553679e+04 6.507396200685405807e-01 -3.255354325191851111e-02 2.155420574893837329e+04
1.907072028028841714e+03 2.454887854934625648e+04 2.264180652131741590e+04 7.170390620875876087e-01 -1.204365728298381066e-01 2.421293680690439942e+04
4.729071753066513338e+03 1.953721841030437281e+04 1.480814665723785947e+04 1.057804187328631018e+00 -2.708575510652909135e-01 1.905459170092699787e+04
6.146130497259298863e+03 2.053559199833204912e+04 1.438946150107275025e+04 6.276492106808350124e-01 -3.023082034743241817e-02 1.976104961161446045e+04
9.006293896719447730e+03 1.871617790355271791e+04 9.709884006833270178e+03 8.805105395122813094e-01 -3.259411972286722636e-01 1.752834370133275661e+04
1.010955051873552111e+04 1.906834471052617664e+04 8.958794191790655532e+03 9.612441315100402894e-01 -7.178467220407799831e-02 1.728123333356159128e+04
1.292749641083388815e+04 1.930841707341064466e+04 6.380920662576756513e+03 1.223687925269271171e+00 -7.070427989226490961e-02 1.643272162559536446e+04
1.502761205713638810e+04 2.077405832293005369e+04 5.746446265793665589e+03 1.670756069598490434e+00 4.120936528205980214e-03 1.591794588333073261e+04
2.301077634698581460e+04 2.610061829094880886e+04 3.089841943962994264e+03 1.473572061377317999e+00 -2.170015976793995046e-03 1.545532156066848620e+04
3.141325270425993585e+04 3.452353526511911332e+04 3.110282560859177465e+03 1.871863132199198532e+00 1.445606952704521497e-01 1.521504103138642313e+04
6.739416804599935131e+04 6.758177380890573841e+04 1.876057629063870991e+02 2.119474249346803507e+00 1.104264562080751189e-01 1.494119606399390432e+04
