4.804952391907641385e+01 3.099963675415952821e+04 3.095158723024045321e+04 nan nan 3.090081158518889424e+04
1.830534783138278272e+03 2.179129272809215763e+04 1.996075794495387890e+04 4.904563716954525865e-01 -1.156487267418001980e-01 2.152576106295067802e+04
1.894207487436701285e+03 2.454885237725848856e+04 2.265464488982178591e+04 8.689248026580008721e-01 -8.441853996179272956e-02 2.427106049887364134e+04
4.652804378053275286e+03 1.961258313265965990e+04 1.495977875460638461e+04 9.879980911681678357e-01 -1.751677557248842165e-01 1.899509928796276290e+04
6.146567187036309406e+03 2.052882299976750437e+04 1.438225581273119496e+04 5.039793836560426676e-01 -1.744804547892936375e-01 1.966994999534008821e+04
8.881748015946363012e+03 1.873292591179148803e+04 9.851177895845125022e+03 8.738789687600512224e-01 -2.163007518141649432e-01 1.750833379202114156e+04
1.017025979735375586e+04 1.903656920219059248e+04 8.866309404836836620e+03 8.123343772667932505e-01 -7.757952284324393100e-02 1.723341561414580065e+04
1.316834596143123053e+04 1.933978417173965863e+04 6.171438210308428097e+03 1.310995265303504409e+00 -7.222195074182931329e-02 1.639153609650987346e+04
1.548057046859677394e+04 2.090505363115773071e+04 5.424483162560956771e+03 1.383068403378755029e+00 9.074426107952927867e-02 1.603249324270540092e+04
2.240642298177336488e+04 2.529314531630987040e+04 2.886722334536505514e+03 2.025005065458161280e+00 -3.224573615913616225e-03 1.539822313452074741e+04
3.263427937327839027e+04 3.546476042815852270e+04 2.830481054880132433e+03 1.662932307325927006e+00 3.631829139035383514e-02 1.515483711398591913e+04
6.626537442378488777e+04 6.702747334182192571e+04 7.620989180370379472e+02 2.434804014610020939e+00 5.935016647055300215e-02 1.499013411127921972e+04
