5.034025868412809501e+01 3.100105506524403972e+04 3.095071480655991036e+04 nan nan 3.085034087930107489e+04
1.809665098707500647e+03 2.180580045573860480e+04 1.999613535703110392e+04 4.381197508849268840e-01 -7.811531767872838261e-02 2.174060218664517743e+04
1.885492620644598901e+03 2.459840358906101392e+04 2.271291096841641411e+04 7.278839265376629841e-01 -3.039513627133337281e-01 2.392402652427633075e+04
4.686491632587238200e+03 1.957531307258677043e+04 1.488882143999953223e+04 9.847321905691345245e-01 -2.430378385714289727e-02 1.908435188842964999e+04
6.168816471978476329e+03 2.056282663402072285e+04 1.439401016204224652e+04 5.051615586749398368e-01 -4.398946030913244293e-02 1.975412432554105544e+04
8.892607657571266827e+03 1.875216213469552531e+04 9.859554477124258483e+03 8.507054352952029275e-01 -3.488691153620159663e-02 1.763827571773776435e+04
1.016049757197200779e+04 1.905454576980882121e+04 8.894048197836813415e+03 1.123207405159974526e+00 -1.359251703980196568e-01 1.728321442432151889e+04
1.307577540676652279e+04 1.935551810834687785e+04 6.279742701580355060e+03 1.154920880360617019e+00 3.052758350860676484e-03 1.603348713264954858e+04
1.546541221239695915e+04 2.086960565330213285e+04 5.404193440905173702e+03 1.281746287774782500e+00 3.142220432495165111e-02 1.607239343651727359e+04
2.283255695008192197e+04 2.562119662051326668e+04 2.788639670431344712e+03 1.529611687207651727e+00 6.951552581599652891e-02 1.536481568120325028e+04
3.265702814486949137e+04 3.545081518054829212e+04 2.793787035678800748e+03 1.898643036266217665e+00 -2.635082412222792322e-03 1.517036433540368489e+04
6.960695469123631483e+04 6.972681020205598907e+04 1.198555108196742367e+02 1.725113993834512582e+00 5.973859685618379545e-02 1.497461017780531256e+04
