4.934699159411616165e+01 3.101542075682377617e+04 3.096607376522965933e+04 nan nan 3.096606047604545529e+04
1.822909087778380808e+03 2.179294261110544903e+04 1.997003352332706709e+04 5.410201860852850153e-01 7.966928578500767980e-03 2.155560853413592122e+04
1.887829963566780179e+03 2.455488119791421195e+04 2.266705123434743291e+04 9.477340532177019883e-01 -1.010404004247013321e-02 2.415547068506888172e+04
4.666923777676090140e+03 1.960737411912704556e+04 1.494045034145095633e+04 1.055863998949141402e+00 -1.083321533926743935e-01 1.898199435633057510e+04
6.168679274211232951e+03 2.058751717475083205e+04 1.441883790053959819e+04 4.721499274628166987e-01 8.982208968897588408e-02 1.967245196527514054e+04
8.885748225876192009e+03 1.875918048051056394e+04 9.873432254634371930e+03 9.210441654947496559e-01 -1.077681606287336086e-01 1.771750717479742161e+04
9.983857845721555350e+03 1.910425366743066479e+04 9.120395821709109441e+03 9.699917648738668463e-01 -1.990147451607956475e-01 1.698660128716032705e+04
1.327484368937552790e+04 1.936475253318077375e+04 6.089908843805245851e+03 1.232324245260061346e+00 4.137963853679007403e-02 1.618006819490891030e+04
1.549139861774468409e+04 2.090247979107591527e+04 5.411081173331231184e+03 1.610938458577721777e+00 2.976984579815057652e-02 1.593566379085632434e+04
2.260582964596366583e+04 2.557074700214836776e+04 2.964917356184701930e+03 1.477326979711772736e+00 -4.168083977718000516e-02 1.532350904880044982e+04
3.182494291714307838e+04 3.481897050669963937e+04 2.994027589556560997e+03 1.861391107285120805e+00 1.422891499509808810e-01 1.526302517132289722e+04
6.805275930873140169e+04 6.867186067058457411e+04 6.191013618531724205e+02 1.622297357406152329e+00 1.936202456674107619e-01 1.485884659086915599e+04
