4.783465589793347306e+01 3.101866996393964291e+04 3.097083530804171096e+04 nan nan 3.058237678696159855e+04
1.815525126204025810e+03 2.182619948282720725e+04 2.001067435662318167e+04 6.221577131461354382e-01 -2.374232984585780415e-01 2.145166323724371978e+04
1.892252138539591897e+03 2.454207478976155107e+04 2.264982265122195895e+04 6.659982395779980857e-01 -1.408733655884969183e-01 2.432139942213681934e+04
4.663629771526056174e+03 1.961510617877489130e+04 1.495147640724883604e+04 9.416079991785619718e-01 -1.505225460148047756e-01 1.896633852830757314e+04
6.183968277279140239e+03 2.058063453858302819e+04 1.439666626130388795e+04 5.336547525045711726e-01 -1.721750613386306694e-01 1.968460551221019705e+04
8.903869903428310863e+03 1.878939270691838101e+04 9.885522803490070146e+03 9.593243619372775477e-01 -1.798707069836586181e-01 1.749936354208911143e+04
1.009277663937523903e+04 1.907387696856353796e+04 8.981100329188298929e+03 1.125628183632845447e+00 -7.911709938846424317e-02 1.713290451024522554e+04
1.302845983216120658e+04 1.931350833791724290e+04 6.285048505756036320e+03 1.072673917071600203e+00 -8.814730064323457459e-02 1.634485040197110175e+04
1.522622136896330994e+04 2.083256074144241938e+04 5.606339372479109443e+03 1.493723191334785705e+00 3.435742639351265643e-02 1.600999708186380485e+04
2.195179548729810267e+04 2.503792635751373382e+04 3.086130870215631148e+03 2.145997732184136808e+00 5.892624000898945974e-02 1.542480370920172390e+04
3.105981440008993013e+04 3.423752168800196523e+04 3.177707287912035099e+03 1.764555557632187854e+00 1.896499823229592374e-01 1.525879667806255020e+04
7.802491850458484259e+04 7.777581304628297221e+04 -2.491054583018703852e+02 2.043568930724399380e+00 3.105316706021699069e-01 1.485214363688133744e+04
