5.114580395019905268e+01 3.102526129855785257e+04 3.097411549460765309e+04 nan nan 3.103401261524371148e+04
1.814764899337009183e+03 2.182723612090089955e+04 2.001247122156389014e+04 6.673020839826637740e-01 -1.369717773643707448e-01 2.149621318447229351e+04
1.891139628060200494e+03 2.456422043951435262e+04 2.267308081145415053e+04 5.859925121406522885e-01 -1.534700730671538782e-01 2.414066004202142358e+04
4.679808339221920505e+03 1.960344018012121887e+04 1.492363184089929928e+04 1.335189325608751476e+00 -1.715575330379015551e-01 1.920456894058129183e+04
6.170171793376435744e+03 2.054846909488815072e+04 1.437829730151171498e+04 5.448134282231530401e-01 -3.070544636705288891e-02 1.962395587745076773e+04
8.804554569642412389e+03 1.877750126806008120e+04 9.972946698417668813e+03 8.696967769577832463e-01 -1.811934465540783468e-01 1.742303540944409542e+04
1.008933568389888205e+04 1.908040202458307249e+04 8.991066340684190436e+03 1.038164581226857619e+00 -2.180059295715633116e-01 1.725939755232069365e+04
1.311376957455154115e+04 1.929638694169560040e+04 6.182617367144059244e+03 1.387906120957586920e+00 -1.501310370255408977e-01 1.616987918224580244e+04
1.517663014974151884e+04 2.077867095691601207e+04 5.602040807174493239e+03 1.809088959546575559e+00 5.427761287811772722e-02 1.598907203194579961e+04
2.254254237842549992e+04 2.563127438167665241e+04 3.088732003251152491e+03 1.619457554761408291e+00 9.610389962811284603e-02 1.545714007666348698e+04
3.229260292785809361e+04 3.519032821046687604e+04 2.897725282608782436e+03 2.123776075966136823e+00 1.823038450034262375e-03 1.512512195568752759e+04
7.478410441077592259e+04 7.496862296961131506e+04 1.845185588353924686e+02 1.805268823296768632e+00 3.624816643824533280e-01 1.481281064300588332e+04
