4.533609571616648282e+01 3.099248838719104606e+04 3.094715229147487844e+04 nan nan 3.097835139913216699e+04
1.829077257680790808e+03 2.178732541690909784e+04 1.995824815922830749e+04 5.054051514938882050e-01 8.453458464469919276e-02 2.159910834204658022e+04
1.899662551940035883e+03 2.456378254007401483e+04 2.266411998813397804e+04 6.912888323725048245e-01 -4.830312600031022585e-02 2.409506191744381795e+04
4.638066554021136653e+03 1.962550999695292194e+04 1.498744344293178438e+04 1.099262191183819626e+00 -7.402617266134413343e-02 1.913532882792337477e+04
6.152008537969665667e+03 2.057984491673234152e+04 1.442783637876267676e+04 6.204308054946917617e-01 -4.146494351234385894e-04 1.964422356692586982e+04
8.839446099876378867e+03 1.877608046475824085e+04 9.936634364881861984e+03 9.061767553571966616e-01 -1.495772615082794355e-01 1.756842211115851751e+04
1.009347941339778299e+04 1.906980825095728142e+04 8.976328837559498425e+03 8.070220812447767011e-01 -1.172142586884897114e-01 1.723740099243027362e+04
1.306926057414230854e+04 1.936504768402730042e+04 6.295787109884991878e+03 1.565920835705169933e+00 -6.792308221907686350e-02 1.631176425651866703e+04
1.523194435236934260e+04 2.084573462314951757e+04 5.613790270780174978e+03 1.573260173433597586e+00 -7.188142889249309053e-02 1.594998942357109445e+04
2.233984089548088741e+04 2.526135768969007404e+04 2.921516794209186628e+03 1.573909158495848004e+00 2.972414559018577221e-02 1.553882379460446464e+04
3.243654654533127905e+04 3.513846808006202627e+04 2.701921534730747226e+03 1.784137509448610937e+00 9.904962131293408578e-02 1.506303149517200836e+04
7.176783521290196222e+04 7.191392959131997486e+04 1.460943784180126386e+02 1.989403925031657749e+00 1.224709416665504119e-01 1.480895434838819165e+04
