4.876474032762858002e+01 3.100654385636284132e+04 3.095777911603521352e+04 nan nan 3.096977675550285858e+04
1.809707626367428475e+03 2.180649136314342832e+04 1.999678373677600030e+04 3.894433839009279752e-01 -6.772164676490710633e-02 2.180928586272338725e+04
1.883421469370161276e+03 2.457430119785015631e+04 2.269087972847999481e+04 7.854837244374036631e-01 -1.912194185072237929e-01 2.421491580071159842e+04
4.671725818835506288e+03 1.960562185965469325e+04 1.493389604081918696e+04 9.638749133724254792e-01 -2.065765582326278549e-01 1.902456149312973139e+04
6.109312553975754781e+03 2.061978086790633097e+04 1.451046831393057619e+04 5.419235222304282784e-01 -1.168223979191180123e-01 1.955382931875558279e+04
8.882166140947711028e+03 1.876487759434676991e+04 9.882711453399058882e+03 8.272553341662645110e-01 -3.137102678494140262e-01 1.740315433048006162e+04
1.000900515684247694e+04 1.903700212835309139e+04 9.027996971510614458e+03 1.139410870444834689e+00 -3.989742876735078991e-01 1.717840439006752422e+04
1.325805168748686083e+04 1.937293809736532057e+04 6.114886409878459745e+03 1.184308263109668857e+00 -1.581983747303724805e-02 1.629641419089384726e+04
1.548734867303369356e+04 2.093690349754548515e+04 5.449554824511791594e+03 1.252548196938862768e+00 4.501532660985532730e-02 1.595528229626537177e+04
2.237003173063989743e+04 2.531413466604553469e+04 2.944102935405637254e+03 1.535543530399169576e+00 7.931851782777986359e-02 1.539432086262623307e+04
3.198865869976973408e+04 3.489957563230125379e+04 2.910916932531519706e+03 1.314760005720120306e+00 4.741774640716541617e-02 1.515457312163307142e+04
7.271043323633907130e+04 7.304572010604118987e+04 3.352868697021185653e+02 1.949558804798606104e+00 2.121062947627029571e-01 1.485733446609937346e+04
