4.876828588569348000e+01 3.102222560057447117e+04 3.097345731468877784e+04 nan nan 3.056775951052274104e+04
1.814781450350295017e+03 2.181801348018544013e+04 2.000323202983514420e+04 4.378470304937249757e-01 -1.607715745340980718e-01 2.161477819609548169e+04
1.899110768492801981e+03 2.453549250263787690e+04 2.263638173414507401e+04 1.012991143096749314e+00 -1.243681181451672391e-01 2.418762805695731367e+04
4.705870147215864563e+03 1.954194964117810741e+04 1.483607949396224285e+04 9.326097166429553331e-01 -1.346632457884674172e-01 1.896182468273679842e+04
6.065250635561793388e+03 2.063315925952541511e+04 1.456790862396362172e+04 4.334668612979251101e-01 -1.577300251908661244e-01 1.959621913193331420e+04
8.894048401877596916e+03 1.876504950296531752e+04 9.871001101087720599e+03 8.778770346027187088e-01 -1.957491994726852091e-01 1.738166754403486993e+04
1.006655021515974840e+04 1.908105519896558326e+04 9.014504983805834854e+03 8.264990395863192063e-01 -2.545329058007176903e-01 1.746242741169525834e+04
1.290974533873490145e+04 1.931980077054874346e+04 6.410055431813842006e+03 1.371769595876680681e+00 -9.421078836967693160e-02 1.639934194312454929e+04
1.529399961416917176e+04 2.088304922864525724e+04 5.589049614476085480e+03 1.226630140509677780e+00 -1.378775990624810099e-02 1.601651715703587251e+04
2.291330015336784709e+04 2.566965941896826553e+04 2.756359265600418439e+03 1.798829244696943386e+00 1.442652950520709465e-01 1.523013950184068744e+04
3.319772882820566156e+04 3.592612902864527132e+04 2.728400200439609762e+03 2.456000333569766880e+00 3.917194523160010683e-02 1.519091692971064549e+04
7.091251440953534620e+04 7.085156285260032746e+04 -6.095155693501874339e+01 1.794068418404372922e+00 1.044901742763465619e-01 1.489083932258820823e+04
