4.133940521394958267e+01 3.100111364796820999e+04 3.095977424275426165e+04 nan nan 3.105637092933858730e+04
1.803998100674310081e+03 2.183363952543688720e+04 2.002964142476257621e+04 5.740926174267595439e-01 4.961496425252447107e-03 2.155540498627135457e+04
1.883821103919518464e+03 2.459908501999661166e+04 2.271526391607709229e+04 7.417615794950324082e-01 -1.090340714399347516e-01 2.422975563705444074e+04
4.714879114691210816e+03 1.953490885617043386e+04 1.482002974147922214e+04 9.637309145120234177e-01 -1.125363985695297525e-01 1.905629280944467246e+04
6.144983684615688617e+03 2.056279634090524996e+04 1.441781265628956135e+04 4.435272496920927843e-01 -1.446468433755315752e-01 1.975887276104151533e+04
8.880554217746248469e+03 1.875241593206296966e+04 9.871861714316721191e+03 9.319370166706266723e-01 -2.648848108706616244e-01 1.761485879551917606e+04
1.004127456821007399e+04 1.904380842785167260e+04 9.002533859641598610e+03 9.095610192423223550e-01 -1.020097101804589151e-01 1.725820314672524546e+04
1.280920761638414479e+04 1.936712887307410710e+04 6.557921256689962320e+03 1.122921674188526175e+00 -1.378727030049574365e-01 1.625126301618461730e+04
1.520072723998492074e+04 2.089601198038868461e+04 5.695284740403763863e+03 1.490042459539689501e+00 6.461037077408590679e-02 1.614524500440238080e+04
2.273243323462513581e+04 2.563776791853246687e+04 2.905334683907331055e+03 1.496407692423338487e+00 -2.582871120935653630e-02 1.542873947977660464e+04
3.085419664701407237e+04 3.376552663638481317e+04 2.911329989370740805e+03 1.819210198744432683e+00 9.903272816075441021e-02 1.512255353389959600e+04
6.845422332863888005e+04 6.865186177115232567e+04 1.976384425134456251e+02 1.854973896035780667e+00 1.590873274447032470e-01 1.474588342617093440e+04
