4.797085150294860512e+01 3.103243504089081398e+04 3.098446418938786519e+04 nan nan 3.074298375756527821e+04
1.815171059389258062e+03 2.182916616914324550e+04 2.001399510975398880e+04 5.530495629396366963e-01 -9.849615111965052960e-02 2.153845220924551541e+04
1.910915241346481935e+03 2.452842896872331767e+04 2.261751372737683414e+04 9.042489263541346745e-01 -2.285038428607482075e-01 2.409659322226969016e+04
4.665360089966468877e+03 1.958908381334905425e+04 1.492372372338258538e+04 1.002821820325042523e+00 -1.849581921175228738e-01 1.917902808272208131e+04
6.154935690725275890e+03 2.058011637281172079e+04 1.442518068208644399e+04 5.879219144515336337e-01 -1.114636849003912272e-01 1.981836155536326623e+04
8.810716043652342705e+03 1.876871168714669329e+04 9.957995643494350588e+03 9.427052638765988091e-01 -1.078613859160552635e-01 1.749415461475819393e+04
9.995372929899862356e+03 1.913926357922724492e+04 9.143890649327382562e+03 1.208099345497646748e+00 -1.937160332340109592e-01 1.734249409036136785e+04
1.305232443177770256e+04 1.936089399051914734e+04 6.308569558741444780e+03 1.342602778169074140e+00 -1.631040323091505206e-02 1.638455318455436645e+04
1.542847197895650061e+04 2.091989494515931437e+04 5.491422966202813768e+03 1.449551049087525856e+00 4.513812498352015590e-02 1.600593994200620182e+04
2.226610272106573393e+04 2.547122879040985208e+04 3.205126069344118150e+03 1.697925602245921928e+00 6.128525255558373713e-02 1.550229915290572353e+04
3.126099667655232770e+04 3.453132141381512338e+04 3.270324737262795679e+03 1.517590919411414774e+00 6.559090716441469404e-02 1.501151397970555627e+04
6.946977711841576092e+04 6.948170060342694342e+04 1.192348501118249260e+01 1.849789162944533993e+00 1.865445200033721829e-01 1.483229752662753344e+04
