4.486720358918017837e+01 3.099903700512169235e+04 3.095416980153251279e+04 nan nan 3.087076920149896978e+04
1.815443840869381347e+03 2.182249946754410485e+04 2.000705562667472259e+04 6.175111130735418952e-01 -1.922357797857307260e-01 2.149763315934419734e+04
1.879002557290736377e+03 2.458316886988640181e+04 2.270416631259566566e+04 6.168837870374638266e-01 -9.494820606199518009e-02 2.406595821386126772e+04
4.694637203835382934e+03 1.956401801848954710e+04 1.486938081465416326e+04 1.008431000285817447e+00 -1.662803895745901539e-01 1.914672667109795657e+04
6.150054604757916422e+03 2.058060448455421647e+04 1.443054987979630096e+04 4.337750995286145383e-01 -9.846250605838437198e-02 1.954030081961763062e+04
8.814389059184481084e+03 1.876011409639512567e+04 9.945725037210644587e+03 9.215081424603696059e-01 -1.923828863658535171e-01 1.755708408295441041e+04
1.019798474624272239e+04 1.907127685344565543e+04 8.873292107202933039e+03 1.264790502270581873e+00 -2.332773997176841030e-01 1.719635807872502119e+04
1.304183737567703611e+04 1.938401844485555557e+04 6.342181069178519465e+03 1.310642598069603260e+00 -2.109232443858963801e-01 1.620611386391451560e+04
1.501564802035511275e+04 2.075962675280344774e+04 5.743978732448334995e+03 1.409040106644987134e+00 -6.405119253455841821e-02 1.597246944409695243e+04
2.284229737655130157e+04 2.564153364196400435e+04 2.799236265412702778e+03 1.680466603161359762e+00 -7.156632701545810604e-02 1.535121845826227764e+04
3.250846221499618696e+04 3.555176921459067671e+04 3.043306999594489753e+03 1.493701989224093252e+00 1.676770231374545561e-01 1.520609926849711519e+04
7.862358520802033308e+04 7.846905161926329311e+04 -1.545335887570399791e+02 1.996780787975698912e+00 8.811821439094408293e-02 1.485350982423536152e+04
