4.528860989277577431e+01 3.102460710150961313e+04 3.097931849161683567e+04 nan nan 3.089257889374058868e+04
1.820715607635467222e+03 2.181228046199517121e+04 1.999156485435970535e+04 6.612780300378950926e-01 1.287039838053213349e-02 2.153529279492552450e+04
1.902500906971546783e+03 2.455317084733221054e+04 2.265066994036066535e+04 1.020855108734804118e+00 6.098554361944513724e-02 2.420459383735348456e+04
4.695213932776025104e+03 1.958526654906534168e+04 1.489005261628931657e+04 9.949820826848578825e-01 -2.000616623256612214e-01 1.903503131183584264e+04
6.115659685650860411e+03 2.060291746462632000e+04 1.448725777897545959e+04 6.476755010693696635e-01 -1.970920597497089199e-01 1.967170801464341639e+04
8.913064913385971522e+03 1.876467690472091635e+04 9.851611991334944832e+03 9.982902103968349650e-01 -2.338349276638596319e-01 1.757134143092273007e+04
1.029614516259279117e+04 1.903551496628343739e+04 8.739369803690646222e+03 1.148073086263347475e+00 -2.192165295793403468e-01 1.725042577152453305e+04
1.326076395195669465e+04 1.937227934878028100e+04 6.111515396823586343e+03 1.269606970420075420e+00 -2.140321964346300898e-01 1.623078029246172264e+04
1.526995870270695741e+04 2.085134088917916233e+04 5.581382186472204921e+03 1.348079595473560710e+00 4.161737803395412078e-02 1.588731946242466620e+04
2.203004632760579989e+04 2.521083976205055660e+04 3.180793434444756713e+03 1.300371887575955565e+00 1.771100237007248168e-01 1.556395588203856096e+04
3.254583938006655080e+04 3.551904467875518458e+04 2.973205298688633775e+03 2.132364706562614121e+00 2.701313025435940762e-01 1.518848737986211381e+04
7.654999486228910973e+04 7.655012078794407716e+04 1.259256549674319103e-01 1.895617652455159119e+00 9.269625128769319600e-02 1.469592368326189353e+04
