4.599501187811656422e+01 3.100018262089203927e+04 3.095418760901392307e+04 nan nan 3.107895382176005660e+04
1.810509808786367785e+03 2.179728325554540061e+04 1.998677344675903441e+04 5.300452395427559527e-01 -1.248538220008386657e-01 2.152965411056783705e+04
1.918654744616984317e+03 2.450105539686741758e+04 2.258240065225043509e+04 1.035400060265320832e+00 -1.149489472093861431e-01 2.406896489219306386e+04
4.699702747989162162e+03 1.956619514610759870e+04 1.486649239811843654e+04 1.039988551392102112e+00 -2.539252965413674734e-01 1.911065212645216889e+04
6.122883718774864974e+03 2.059674353549697844e+04 1.447385981672211346e+04 6.425704452736464845e-01 -1.904545840952293345e-01 1.977966478642247239e+04
8.868679574663256062e+03 1.873496510638403925e+04 9.866285531720783183e+03 1.020148517162155377e+00 -2.125202045563590880e-01 1.740169067306708166e+04
1.008154895504080741e+04 1.902715484994509825e+04 8.945605894904290835e+03 1.092970782656814022e+00 -2.507194303411353631e-01 1.745797230251165456e+04
1.312304456018096243e+04 1.929974709342154529e+04 6.176702533240582852e+03 1.230564624554727926e+00 -1.015147793025262396e-01 1.638180989362589571e+04
1.543109439617839598e+04 2.084310028585057808e+04 5.412005889672182093e+03 1.457612412336652286e+00 7.619519991036076412e-02 1.577410812405969045e+04
2.211835263444035081e+04 2.520855133348412346e+04 3.090198699043772649e+03 1.460527241486502037e+00 -2.642663717472331156e-02 1.550487030613831121e+04
3.379933985772750748e+04 3.679664504027162184e+04 2.997305182544114359e+03 2.260710145889604838e+00 2.916343893841852331e-01 1.515116666527010238e+04
7.648439010751734895e+04 7.676527874467823131e+04 2.808886371608823538e+02 1.950370977894004376e+00 1.949672307854660447e-01 1.465271315058388791e+04
