4.748011537460362064e+01 3.099487980128152049e+04 3.094739968590691569e+04 nan nan 3.118077456116124085e+04
1.812750856844491864e+03 2.179959523045031892e+04 1.998684437360582524e+04 3.349311036517685913e-01 -4.050181483493612428e-02 2.166140518795203752e+04
1.890435375767125379e+03 2.457391633709012604e+04 2.268348096132299906e+04 6.687483796207317477e-01 -7.072215896073784369e-02 2.416362579335256669e+04
4.686688040616409126e+03 1.952730043431751255e+04 1.484061239370110343e+04 9.887138226678048314e-01 -1.893138630249315002e-01 1.933600088650636462e+04
6.158067156863646233e+03 2.056179676538118656e+04 1.440372960851754033e+04 5.690526494895021825e-01 -1.063577525356731307e-01 1.971830654630707068e+04
8.933521630819430356e+03 1.875307678739053881e+04 9.819555156571108455e+03 1.008220375559233384e+00 -8.486690965033268086e-02 1.737010777581212824e+04
1.012239338906545163e+04 1.907216213152166529e+04 8.949768742456213658e+03 9.205751890138883509e-01 -1.109561102172479802e-01 1.729521457363430818e+04
1.289514241450053487e+04 1.928887069251562571e+04 6.393728278015090837e+03 1.268106239690129700e+00 -5.725995389507467642e-02 1.643272402632664307e+04
1.517835486736346320e+04 2.085430121531221448e+04 5.675946347948751281e+03 1.321764141327474107e+00 2.450057601246549699e-02 1.596908730989129981e+04
2.198783308747300907e+04 2.510517129266643678e+04 3.117338205193427711e+03 1.608128022852720607e+00 9.841308636226410445e-02 1.547086875615172539e+04
3.251297694763523032e+04 3.596152383544546319e+04 3.448546887810232874e+03 2.044816212833786118e+00 2.489349194021915623e-01 1.520306367959891395e+04
7.297991138182645955e+04 7.327435099435076700e+04 2.944396125243074493e+02 2.143836099791754268e+00 2.267001434371871404e-01 1.490811511159117072e+04
