4.837827770798877935e+01 3.100673834849090053e+04 3.095836007078291004e+04 nan nan 3.098657186910983728e+04
1.810763676077517403e+03 2.182380221701424671e+04 2.001303854093672999e+04 1.024350517789824000e+00 -6.049508681350033307e-02 2.156608766952794758e+04
1.886292111995745699e+03 2.457584668642589168e+04 2.268955457443014529e+04 1.078333766604966604e+00 -2.034277665589102335e-01 2.411058654247398226e+04
4.653751005885817904e+03 1.959001074360862549e+04 1.493625973772280850e+04 1.101498909090943501e+00 -1.233971300425462242e-01 1.912765766510316826e+04
6.134938304517026154e+03 2.058349511274034012e+04 1.444855680822331487e+04 3.905012964594400393e-01 9.201501586416906131e-02 1.979849407463812167e+04
8.843445185051585213e+03 1.876318109229934635e+04 9.919735907247761133e+03 9.560769604255811016e-01 -9.524613084969350829e-02 1.750977279341503527e+04
1.000540738527072790e+04 1.908617875231719881e+04 9.080771367046470914e+03 1.309930029160065512e+00 -1.472790509656014268e-01 1.730542859618935108e+04
1.327266523675692588e+04 1.934899524759737324e+04 6.076330010840447358e+03 9.138782250230296222e-01 -3.133685666663061503e-02 1.632172584050046316e+04
1.527087294831868530e+04 2.083513262166186541e+04 5.564259673343180111e+03 1.529248547579827422e+00 9.699978997184792451e-02 1.601970872282645905e+04
2.188850445355298871e+04 2.507788644160660260e+04 3.189381988053613895e+03 1.683922502172173097e+00 1.395581069671417984e-01 1.558747664604382226e+04
3.216595350890227564e+04 3.519690369304926571e+04 3.030950184146990068e+03 2.758807434667532643e+00 2.878589413956080326e-02 1.526007654582228679e+04
7.140973729013257253e+04 7.126200990881054895e+04 -1.477273813220235752e+02 1.842186871880984400e+00 3.825097903692507573e-01 1.483013957869098704e+04
