4.916409582130919631e+01 3.102791615549977723e+04 3.097875205967846705e+04 nan nan 3.087321807985187843e+04
1.816931932760633799e+03 2.181873811365312577e+04 2.000180618089249037e+04 5.306897226816842394e-01 -7.503385023419796573e-02 2.163911228019188275e+04
1.877579031169872678e+03 2.458462592840436992e+04 2.270704689723449701e+04 6.705526083375025204e-01 -1.368609740493483551e-01 2.430688659395829382e+04
4.696626519512648883e+03 1.955356224334004582e+04 1.485693572382739694e+04 1.115824981312406372e+00 -1.469325686098519046e-01 1.900857159254571889e+04
6.111943709048720848e+03 2.063025288176213144e+04 1.451830917271341059e+04 6.623884003297715317e-01 -1.442417060917192684e-01 1.965514235296333572e+04
8.749557078055417151e+03 1.879314865008267589e+04 1.004359157202725874e+04 9.630679599991432971e-01 -2.282930414192116120e-01 1.749228010551443731e+04
1.026777348690626241e+04 1.905991192134214361e+04 8.792138434435881209e+03 9.850380848825744939e-01 -2.531096185715838165e-01 1.719171641822068705e+04
1.291000045095831956e+04 1.927054954265452034e+04 6.360549091696200776e+03 1.144392883448735576e+00 -4.028129635414991194e-02 1.641765744571404139e+04
1.533980336864242054e+04 2.082507951172142566e+04 5.485276143079005124e+03 1.572362342515194689e+00 2.534690831161705640e-02 1.586537678962261089e+04
2.258916726470080539e+04 2.556012768669842262e+04 2.970960421997617232e+03 1.750633038934638508e+00 1.204713767352999093e-01 1.540405574692330811e+04
3.205508014157185244e+04 3.490202826274640393e+04 2.846948121174551488e+03 1.570071028545288572e+00 5.891999643672739956e-02 1.505734282488326426e+04
7.543835781129339011e+04 7.561562788166869723e+04 1.772700703753071139e+02 1.826007553081829160e+00 1.777205229331326741e-01 1.496805615669136932e+04
