4.796127923603774690e+01 3.103229283008413768e+04 3.098433155084809914e+04 nan nan 3.087508006847752040e+04
1.813183601695194739e+03 2.182122499676736697e+04 2.000804139507217042e+04 4.521869351372322932e-01 9.050212948496496809e-03 2.145566326219398979e+04
1.886397134859583730e+03 2.455309082932735328e+04 2.266669369446776909e+04 9.725291408977462249e-01 -1.662233957414440966e-01 2.413584076589421966e+04
4.657038383886424526e+03 1.959986813209183674e+04 1.494282974820541131e+04 1.068376223309946749e+00 -1.375320053819108213e-01 1.899952461294093882e+04
6.153972390269071184e+03 2.057723954540031264e+04 1.442326715513124145e+04 4.638380244160837940e-01 -2.982014735701160602e-02 1.959268575696690823e+04
8.889668673118032530e+03 1.877401219633777509e+04 9.884343523219742565e+03 9.150005524412062607e-01 -9.087020664198568187e-02 1.743612626746206297e+04
1.014346106740894538e+04 1.908853304529334491e+04 8.945071977884399530e+03 1.130490458117259456e+00 -1.408743875862949468e-01 1.710201424652347850e+04
1.305011196208449292e+04 1.933636854575483812e+04 6.286256583670345208e+03 1.427772515314346791e+00 -9.920170175849869765e-02 1.630079915670087576e+04
1.531343691594972006e+04 2.087641160474264689e+04 5.562974688792926827e+03 1.265174725335008965e+00 -7.684132913056281045e-02 1.584724711226950785e+04
2.316455325331292624e+04 2.586759640324633438e+04 2.703043149933408131e+03 1.591015735010416376e+00 1.021715417464607173e-01 1.540424025438670287e+04
3.364722565554622997e+04 3.627347127251072379e+04 2.626245616964493820e+03 2.014859048994539048e+00 1.360237822933182128e-01 1.518553741014641128e+04
6.915391553779278183e+04 6.930477070596613339e+04 1.508551681733515579e+02 2.106065466038139267e+00 1.552460641600092450e-01 1.479240559654271419e+04
