4.564770969507753051e+01 3.101227977198840017e+04 3.096663206229332354e+04 nan nan 3.101479768373580373e+04
1.819501656784656461e+03 2.181167517307090748e+04 1.999217351628624965e+04 4.664082910677447846e-01 -1.735856616535954855e-01 2.169621974800095995e+04
1.873521162182096077e+03 2.460107713601815703e+04 2.272755597383606073e+04 5.992068423595813265e-01 -1.430385627073158805e-01 2.411086643541593003e+04
4.648489671205339619e+03 1.960894768824809944e+04 1.496045801704275982e+04 1.033926965857128177e+00 -1.943006356884202646e-01 1.912493309554393636e+04
6.194888882581783946e+03 2.055389112906574155e+04 1.435900224648395670e+04 5.950419681640904956e-01 -1.366379711231357208e-01 1.974555991187954714e+04
8.927763239202371551e+03 1.874033543941304015e+04 9.812572200210668598e+03 1.016945783328954356e+00 -6.640554492296608935e-02 1.754823741374902602e+04
1.003957939987949794e+04 1.912405700763914137e+04 9.084477607759643433e+03 1.239992571434422652e+00 -1.128931720615912876e-01 1.737735352425208839e+04
1.299733630685016760e+04 1.931101816594703996e+04 6.313681859096872358e+03 1.186614308800809647e+00 -6.908092135278970369e-02 1.636011871654704919e+04
1.505970276527640999e+04 2.084707494659175063e+04 5.787372181315340640e+03 1.543757099500519425e+00 -8.664986284390825688e-02 1.598372280996919471e+04
2.234915769212835949e+04 2.533421219989085512e+04 2.985054507762495632e+03 1.453429585424206527e+00 5.992634488652984898e-02 1.550772023209338295e+04
3.195657076215495545e+04 3.488582102984002267e+04 2.929250267685067229e+03 1.859437868960302831e+00 2.678087418828263913e-02 1.514284856180683710e+04
7.172571586580858275e+04 7.213530071218199737e+04 4.095848463734146208e+02 1.962143135493638724e+00 1.939308094603747756e-01 1.498068484903962235e+04
