4.816787113905255779e+01 3.100575839933635507e+04 3.095759052819730277e+04 nan nan 3.085608567940472494e+04
1.822727062178514416e+03 2.179885921673845951e+04 1.997613215455994577e+04 5.828156127360601957e-01 -1.552128640251841663e-01 2.160687631553142637e+04
1.906685485741092634e+03 2.451490845473339505e+04 2.260822296899230423e+04 7.736865057194304285e-01 -1.567369035939484567e-01 2.428598350426929755e+04
4.640930624599062867e+03 1.960853489712497685e+04 1.496760427252591398e+04 1.097778374723210826e+00 -1.502246165651628107e-01 1.916960268977313899e+04
6.118347971688894177e+03 2.061336117210041630e+04 1.449501320041152212e+04 7.516502202736042859e-01 -1.487065037217537300e-01 1.957760747278724739e+04
8.896005092875509945e+03 1.871425152851090752e+04 9.818246435635397575e+03 8.304343886796115015e-01 -1.723205814700453364e-01 1.765413057622740598e+04
1.004411865749990466e+04 1.908246358584734844e+04 9.038344928347443783e+03 8.516866065496458971e-01 -1.407300159098731074e-01 1.730087337169806051e+04
1.318264184053589452e+04 1.934684658790233880e+04 6.164204747366444280e+03 1.027416510638587077e+00 -9.693304331080554448e-02 1.628792545266286106e+04
1.543104219593858761e+04 2.096039738349210529e+04 5.529355187553517680e+03 1.322250901808023071e+00 6.771475550149919087e-02 1.594553602961462275e+04
2.325641091320673149e+04 2.609474964737928894e+04 2.838338734172557452e+03 1.490874182437128548e+00 1.003072946029528040e-01 1.533863139472298280e+04
3.106667509523297849e+04 3.436983271196147689e+04 3.303157616728498397e+03 1.828565263098642868e+00 7.774195282873473667e-02 1.512906898066138456e+04
7.732142888263365603e+04 7.694136547216383042e+04 -3.800634104698256124e+02 1.986710926271067379e+00 2.827068400392472314e-01 1.490160006899383552e+04
