5.116863610659504502e+01 3.101202520304594873e+04 3.096085656693935380e+04 nan nan 3.091039141382547314e+04
1.826499314547086897e+03 2.181801845851497637e+04 1.999151914396788925e+04 4.968361012736320359e-01 -3.035895093225115041e-02 2.154153146849054247e+04
1.896450581105233141e+03 2.452066413047078822e+04 2.262421354936555508e+04 7.340425276248064845e-01 -1.529422297628195704e-01 2.428203918213762881e+04
4.657294455966741225e+03 1.962063117054492250e+04 1.496333671457818127e+04 9.545852763470458191e-01 -1.334210334351665084e-01 1.912274405293677773e+04
6.167403402182106220e+03 2.059939619201156529e+04 1.443199278982945907e+04 4.285314999980625594e-01 1.807560295812883980e-02 1.946099747681609006e+04
8.918372267958535303e+03 1.875966650367398324e+04 9.841294235715447940e+03 8.479528580275518257e-01 -1.917738056281045322e-01 1.744565412551263944e+04
1.019789544825273879e+04 1.905138702326726343e+04 8.853491575014524642e+03 1.255179716950205693e+00 -1.460567282756688144e-02 1.722007937213741025e+04
1.300053960113158792e+04 1.931283318567061724e+04 6.312293584539029325e+03 1.357611794538509109e+00 -1.230691204399118055e-01 1.645876887004830860e+04
1.520672114250545565e+04 2.092366165057370017e+04 5.716940508068244526e+03 1.405539224383818064e+00 5.998893084990247759e-02 1.589549102861829851e+04
2.164552325021928118e+04 2.518972554039224997e+04 3.544202290172968787e+03 1.310181358125717788e+00 5.478783313284957268e-02 1.550486086989291471e+04
3.235050743974779471e+04 3.552373155028577457e+04 3.173224110537979868e+03 1.794654986383229955e+00 6.585349513081702189e-02 1.504367263745809396e+04
6.877411815192956419e+04 6.876348049254798389e+04 -1.063765938158030622e+01 1.830873210607023793e+00 1.037009709473130092e-01 1.489559814041969548e+04
