4.404849585799006206e+01 3.100551553488389254e+04 3.096146703902590161e+04 nan nan 3.078770709183141662e+04
1.798018861874179038e+03 2.185616855910757295e+04 2.005814969723339527e+04 4.868755027902238464e-01 -1.496741770966281693e-01 2.163633838033985376e+04
1.876164240780829005e+03 2.457277773994366726e+04 2.269661349916283871e+04 6.487622073023775471e-01 5.245091823482409682e-02 2.425694323487333895e+04
4.638974325753285484e+03 1.960509623669034409e+04 1.496612191093705769e+04 9.591201977699282955e-01 -9.116093903889155303e-02 1.931637317215200528e+04
6.079707150385002933e+03 2.061450996166990444e+04 1.453480281128490242e+04 4.656167522991384033e-01 -2.071980369982709680e-01 1.981655084640079440e+04
8.867822103567759768e+03 1.871485494828026640e+04 9.847032844712506630e+03 9.250475051806015259e-01 -1.036520791743165831e-01 1.759757457562974378e+04
1.015579680739341165e+04 1.910756043271991803e+04 8.951763625326506371e+03 7.610264698016776519e-01 -1.768306634877773453e-01 1.737820989316331907e+04
1.292476729420946322e+04 1.928900896923567052e+04 6.364241675026207304e+03 1.196602280741879021e+00 -8.219125072207243698e-02 1.639971583149664002e+04
1.532642831574746197e+04 2.089936599931485034e+04 5.572937683567388376e+03 1.574741216759182549e+00 5.894646061670166803e-02 1.589447467337822127e+04
2.195358954647509745e+04 2.491631100450964368e+04 2.962721458034546231e+03 1.654980241540245034e+00 -1.535319386033774441e-03 1.538956834345702373e+04
3.359557537626687554e+04 3.661680292338053550e+04 3.021227547113659966e+03 1.831303129803054430e+00 1.474567851906214977e-01 1.527538804418682230e+04
7.249264059031326906e+04 7.240863639241919736e+04 -8.400419789407169446e+01 1.581474691784921838e+00 1.522338244441599764e-01 1.487974994703066113e+04
