4.744724106283497633e+01 3.100020427239380660e+04 3.095275703133097340e+04 nan nan 3.115240327780594089e+04
1.813006602653947084e+03 2.178248711255525268e+04 1.996948050990130650e+04 4.270107265960480514e-01 6.688849772235985758e-02 2.171479114622197449e+04
1.882768312573303774e+03 2.458098430146598184e+04 2.269821598889267625e+04 8.752285459532451739e-01 -1.098076862834381079e-01 2.405450495563275399e+04
4.714401424369242704e+03 1.956266455632490033e+04 1.484826313195565672e+04 1.071471474356687326e+00 -2.029516174207883494e-01 1.910598952492520039e+04
6.109582782976930503e+03 2.061713455677227466e+04 1.450755177379534507e+04 6.046239047420218782e-01 -1.732290333721159536e-01 1.951974563525545454e+04
8.765653098089560444e+03 1.877387290167542596e+04 1.000821980358586552e+04 8.475418009916416695e-01 -8.964901809814114497e-02 1.768855098384050871e+04
1.008695536292732686e+04 1.908899596180926164e+04 9.002040598881934784e+03 1.212755616484562537e+00 -2.688671594344970717e-01 1.736443619748215497e+04
1.297186260294340718e+04 1.939311554166313726e+04 6.421252938719730082e+03 1.144391873236531909e+00 -2.118409153643554532e-01 1.621043924249885458e+04
1.549344966684474821e+04 2.089891250761515039e+04 5.405462840770402181e+03 1.293330562540220052e+00 2.753128213125581938e-02 1.590786060921699209e+04
2.263163648901283523e+04 2.554611416485364680e+04 2.914477675840811571e+03 1.568834206735693515e+00 7.451601688479063401e-02 1.539781699797936744e+04
3.287047820068672445e+04 3.542818401420766168e+04 2.557705813520937227e+03 2.032995383570151748e+00 1.607553084185036896e-01 1.507680506360072468e+04
7.139908279134181794e+04 7.110521069110132521e+04 -2.938721002404927276e+02 1.951045758816295494e+00 1.806520569640935048e-01 1.483299839226997756e+04
