4.702886583069263793e+01 3.100081459621793329e+04 3.095378573038724062e+04 nan nan 3.100412273122373517e+04
1.818756655668921212e+03 2.179362355972294972e+04 1.997486690405402987e+04 6.021015556015908432e-01 -1.321806175945266226e-01 2.162428434075476980e+04
1.878569119734992000e+03 2.459229206426631572e+04 2.271372294453132417e+04 6.938350533995411018e-01 -1.475474371464567669e-01 2.418140065630968820e+04
4.683456333927023479e+03 1.959172344838498975e+04 1.490826711445796536e+04 9.931268598553386617e-01 -1.427136738951126083e-01 1.925598907094541210e+04
6.129962728723001419e+03 2.059660566915758682e+04 1.446664294043458540e+04 5.641325648647673718e-01 4.499217710805909071e-02 1.975118814047994601e+04
8.847454827368008409e+03 1.872556318828412259e+04 9.878108360916114179e+03 8.248359678034736797e-01 -3.336609763754981306e-01 1.743620682829196448e+04
1.017111233970967987e+04 1.903531113318735515e+04 8.864198793477675281e+03 1.243243094011228678e+00 -5.224265042438775569e-02 1.733824856842267764e+04
1.312465848241585263e+04 1.939119183884709128e+04 6.266533356431238644e+03 1.153283835046003070e+00 -2.030392181185781408e-01 1.643394830467471911e+04
1.547400777263350574e+04 2.078392951753384477e+04 5.309921744900339036e+03 1.304849741805935270e+00 -1.843062581268212208e-02 1.597980287723454785e+04
2.190483920846586261e+04 2.503978689412640961e+04 3.134947685660546995e+03 1.408577370865669032e+00 -7.605319026145930398e-04 1.545876448178058490e+04
3.246051335502236543e+04 3.557081801368077140e+04 3.110304658658405970e+03 1.837982077158093475e+00 2.460074277592875502e-01 1.508644295087991486e+04
7.955107823075253691e+04 7.955143647305354534e+04 3.582423010084312409e-01 1.930961835078677025e+00 3.084484877919350665e-01 1.480659899157545078e+04
