4.761584430714831484e+01 3.102993201646894886e+04 3.098231617216180166e+04 nan nan 3.067495572193054250e+04
1.810165285393752583e+03 2.183620444349488753e+04 2.002603915810113540e+04 6.561359994769526693e-01 -2.194896918888950346e-02 2.160088544456522504e+04
1.872821131612510271e+03 2.459306919975539131e+04 2.272024806814288240e+04 9.679234271881299589e-01 -5.052004575273835035e-02 2.416881087271036085e+04
4.674670946257515425e+03 1.957547703866332085e+04 1.490080609240580452e+04 1.061936422424637039e+00 -5.951577563924487918e-02 1.911887521406280939e+04
6.141953457983285261e+03 2.056484651516550002e+04 1.442289305718221476e+04 5.306733054718244524e-01 -1.568186911762106117e-01 1.970805373225507719e+04
8.875983344467504139e+03 1.875607116302750364e+04 9.880087818559999505e+03 8.197233004765959175e-01 -2.225821680457395202e-01 1.745660112206409758e+04
9.927871648532996915e+03 1.910865233247567085e+04 9.180780683942673932e+03 9.945247931498296667e-01 -1.617676702217499540e-01 1.719129417944793749e+04
1.323312751705503069e+04 1.934647455312911552e+04 6.113347036074084826e+03 1.303931119337914390e+00 2.857426504915607304e-02 1.633352839280312219e+04
1.518422900800521529e+04 2.085149869596675126e+04 5.667269687961535965e+03 1.646284270382895043e+00 -2.847470542718892605e-02 1.609065502373532945e+04
2.202540040042674809e+04 2.524911174459310496e+04 3.223711344166356866e+03 1.535929379875674128e+00 7.719906521270174238e-02 1.557963134555840406e+04
3.134410074228405574e+04 3.438996938574736851e+04 3.045868643463312765e+03 1.610189974811686353e+00 2.409856547790269199e-02 1.502040191697714909e+04
7.128539483744083554e+04 7.146290599133545766e+04 1.775111538946221117e+02 2.234382802685568326e+00 7.817695141380669177e-02 1.475227590874841007e+04
