4.746392656851153902e+01 3.099855009223419256e+04 3.095108616566568162e+04 nan nan 3.094310086737492384e+04
1.806912573425792971e+03 2.183996459179833619e+04 2.003305201837254208e+04 5.335849046516575322e-01 -2.164653427410977715e-01 2.166539475595499243e+04
1.882655657923975241e+03 2.456436384420061222e+04 2.268170818627663539e+04 1.025881520082206233e+00 -1.638203311632642489e-01 2.436750075270853995e+04
4.702500922166578675e+03 1.954182366985697445e+04 1.483932274769039577e+04 9.507625583086886101e-01 -1.650017259454897856e-01 1.911008959928805052e+04
6.115846139856335867e+03 2.061083326754712107e+04 1.449498712769078520e+04 4.536811066701140205e-01 -1.153160113972008238e-01 1.979815588065082557e+04
8.865036830115263001e+03 1.872236018511282964e+04 9.857323354997566639e+03 1.034686058994909397e+00 -1.245210099693826872e-01 1.738207217001835306e+04
1.014759426710162916e+04 1.908424788711990550e+04 8.936653620018276342e+03 1.144377737839964215e+00 -2.491474461813465435e-01 1.713691225626848973e+04
1.279583186884690076e+04 1.930270531463146108e+04 6.506873445784560317e+03 1.106740643066104646e+00 -2.328384555721482452e-01 1.615362613764470007e+04
1.542535585296836143e+04 2.093445878746028029e+04 5.509102934491918859e+03 1.525953765936344908e+00 -6.924254567281895589e-02 1.586621518807342909e+04
2.273436215429801814e+04 2.557393944527283384e+04 2.839577290974815696e+03 1.515358622667783095e+00 1.534105559577980393e-01 1.550472952631845692e+04
3.172451210958075899e+04 3.533967133431963157e+04 3.615159224738872581e+03 1.797433209441757107e+00 1.900501271146139981e-01 1.516147709253759604e+04
7.400685927321658528e+04 7.406049522686106502e+04 5.363595364447974134e+01 1.765041734616742630e+00 1.357092394572766703e-01 1.498054035491995819e+04
