4.778035354410577185e+01 3.100195341000046028e+04 3.095417305645635497e+04 nan nan 3.095215494356933414e+04
1.826184607823780425e+03 2.179716463893045511e+04 1.997098003110667560e+04 7.716843530198675971e-01 -1.112183940191075332e-01 2.165880663734462723e+04
1.897032251738548894e+03 2.454525141807631371e+04 2.264821916633776345e+04 6.784984705785056525e-01 -5.912064467377623617e-02 2.430160061357116865e+04
4.642238364515247667e+03 1.962911956382217249e+04 1.498688119930692483e+04 1.053191911370251921e+00 -6.527071808599545222e-02 1.908488283326578312e+04
6.155780830584237265e+03 2.058038917098977618e+04 1.442460834040553891e+04 4.583504498577928299e-01 -1.335755722845468063e-01 1.982176294027113181e+04
8.915589326921335669e+03 1.876550581932375644e+04 9.849916492402420772e+03 8.731764117692414340e-01 -1.838041860701179753e-01 1.753668630508859496e+04
1.007289430166186685e+04 1.908685643907739723e+04 9.013962137415530378e+03 8.778802773894978095e-01 -1.619164171360754356e-01 1.723073344628471386e+04
1.306131158358512039e+04 1.933395218704850049e+04 6.272640603463380103e+03 1.397452065042631864e+00 -1.971587404484591854e-01 1.654441341007100709e+04
1.537640330816379173e+04 2.090967499252407288e+04 5.533271684360281142e+03 1.200851507416150321e+00 -4.522378087725074242e-02 1.590696994055419964e+04
2.212791617806048816e+04 2.527802040883444715e+04 3.150104230773958989e+03 1.532320388265356215e+00 -2.810522612117902566e-02 1.539496049740069429e+04
3.091214134547746289e+04 3.387927561259055074e+04 2.967134267113087844e+03 1.909332544647201813e+00 1.112446038517005825e-02 1.512011162624123062e+04
7.495072834554192377e+04 7.518948338057656656e+04 2.387550350346427877e+02 1.863581640901616376e+00 1.093791404905903875e-01 1.486812849161716622e+04
