5.014026678664261283e+01 3.100222583717841917e+04 3.095208557039177686e+04 nan nan 3.085786027224914142e+04
1.792223408869262585e+03 2.187150644681046106e+04 2.007928303794119711e+04 5.076010334663907386e-01 -9.740030538719431086e-02 2.162011298551506843e+04
1.887813507867747148e+03 2.454269229485814867e+04 2.265487878699040084e+04 5.787359939229532735e-01 -1.481943329741199633e-01 2.434437522882768462e+04
4.646688021807719451e+03 1.960779275064660033e+04 1.496110472883887996e+04 1.019623992448269068e+00 -9.425754047419310222e-02 1.912493323086213422e+04
6.140966978386171832e+03 2.057862960128565101e+04 1.443766262289947917e+04 5.272650174595074901e-01 -1.260778540209788467e-01 1.975182234362339295e+04
8.861010563284320597e+03 1.874535179553406851e+04 9.884341232249747918e+03 8.961241442173545346e-01 -1.397792861595416047e-01 1.735426467218526523e+04
1.018082206585111271e+04 1.905105453005492382e+04 8.870232464203811105e+03 1.070978402284659348e+00 -4.045232401360989577e-02 1.722937115278824058e+04
1.307746844552966286e+04 1.935757305768383594e+04 6.280104612154173083e+03 1.443326426104736493e+00 -9.589526851903279470e-02 1.630042559461682868e+04
1.533607752729510685e+04 2.085287021682360501e+04 5.516792689528498158e+03 1.187458841320409908e+00 1.323408150831671126e-01 1.596854755128175748e+04
2.249959063602106471e+04 2.550702822940561964e+04 3.007437593384554930e+03 1.383003504900598202e+00 3.410913698503485053e-02 1.552862703570849408e+04
3.153114928573660654e+04 3.473588563718855585e+04 3.204736351451949304e+03 2.094767886570978010e+00 1.823276598953470218e-01 1.507209153514427271e+04
7.419716366900861613e+04 7.419320015730788873e+04 -3.963511700727394782e+00 1.925328378528788908e+00 2.066616289022274178e-01 1.484794680570671699e+04
