4.949385040122101032e+01 3.100322531560405332e+04 3.095373146520283262e+04 nan nan 3.103148844394253683e+04
1.802963588374323081e+03 2.185653906160187034e+04 2.005357547322754544e+04 7.864617431603896369e-01 -7.794682853223088015e-02 2.152698494125201978e+04
1.892587178037649210e+03 2.454293235607547467e+04 2.265034517803782364e+04 7.381921694431690106e-01 -3.943172044378007168e-02 2.421136358095431933e+04
4.667233755368043603e+03 1.961392514900762762e+04 1.494669139363958311e+04 9.598803047888901929e-01 -1.466491178100636228e-01 1.902715251923133474e+04
6.183620607494942305e+03 2.055498330337054722e+04 1.437136269587560491e+04 9.807838901238478124e-01 -1.992470717154194437e-01 1.972369039614881694e+04
8.846101566775485480e+03 1.875141004336492551e+04 9.905308476589440033e+03 8.814903731632245387e-01 -3.038440463678490286e-02 1.741037941608162873e+04
1.008014598334143193e+04 1.906796774790341442e+04 8.987821764561982491e+03 1.015223776515246312e+00 -2.019563018356022518e-02 1.722610869634075425e+04
1.330287892363811261e+04 1.934860215601143500e+04 6.045723232373322389e+03 1.503881581341786067e+00 -1.338081775059258571e-01 1.602948147287686152e+04
1.530415164635703150e+04 2.090038373165111989e+04 5.596232085294088392e+03 1.354332764948001255e+00 3.359646462937725814e-02 1.594268010130218499e+04
2.244361932578943743e+04 2.555615965333780696e+04 3.112540327548369532e+03 1.607888489893664952e+00 3.329273380838323332e-02 1.546289498782407645e+04
3.194403167753639718e+04 3.502262609241143946e+04 3.078594414875042276e+03 2.046573760522874430e+00 1.699893811594459792e-01 1.501785821659145950e+04
7.296266143744163855e+04 7.348382936286249605e+04 5.211679254208575003e+02 1.652851916313178959e+00 6.491378771965382322e-02 1.475199249206280365e+04
