4.868773197005018005e+01 3.102021339556255043e+04 3.097152566359249977e+04 nan nan 3.091751479258985273e+04
1.815699656765525560e+03 2.183567547273200034e+04 2.001997581596647433e+04 5.036089297140117216e-01 -1.178297739120763403e-02 2.136354991293448984e+04
1.891509494322457385e+03 2.454299711282880162e+04 2.265148761850634401e+04 7.845153882740473206e-01 -2.037627572694335754e-01 2.440279167106737077e+04
4.684274016957177992e+03 1.957233537237046767e+04 1.488806135541329058e+04 1.000652211614511122e+00 -1.098612987689380621e-01 1.891596671971921751e+04
6.123946631149821769e+03 2.061976569444785491e+04 1.449581906329803314e+04 7.048015348965736004e-01 -1.428857249836047727e-01 1.950686362354485027e+04
8.982479916246633366e+03 1.871691219248077323e+04 9.734432276234139863e+03 8.959978172885042502e-01 -2.152567266081424624e-01 1.731849399994456326e+04
1.007802736926114630e+04 1.911036982252312373e+04 9.032342453261977425e+03 1.319300408454530560e+00 -6.644361901105301504e-02 1.729649503720915163e+04
1.305186867986803736e+04 1.937537545532457443e+04 6.323506775456537071e+03 1.103509737609978059e+00 -4.217427194048471023e-02 1.644127879867870433e+04
1.537899358140639924e+04 2.084698575057441849e+04 5.467992169168019245e+03 1.634144308382808441e+00 -5.397588625012638558e-02 1.623313469383733354e+04
2.230138364723231280e+04 2.520544062675369787e+04 2.904056979521385074e+03 1.423862115579099807e+00 7.900748412793610898e-03 1.544255357674778134e+04
3.146326861686249686e+04 3.452281569536640018e+04 3.059547078503903322e+03 1.872756931426687643e+00 4.321248014589762487e-02 1.518632060011344402e+04
8.000996699052551412e+04 7.984523827703564893e+04 -1.647287134898651857e+02 2.045546525232836643e+00 2.399076720819058595e-01 1.480619360032120676e+04
