5.128596228209519836e+01 3.103008550111773002e+04 3.097879953883563576e+04 nan nan 3.089601050113204110e+04
1.823177460701857626e+03 2.179872821085993201e+04 1.997555075015807597e+04 4.088307041026600364e-01 -5.657462212733192081e-02 2.158679035737700178e+04
1.898128289446368171e+03 2.456143397886276944e+04 2.266330568941640013e+04 6.626497388403431721e-01 2.623448953712803275e-02 2.409031946425494607e+04
4.656096417832417501e+03 1.962787330962745909e+04 1.497177689179504159e+04 9.967738359940403470e-01 -9.200232880989550610e-02 1.908056716173540917e+04
6.128399062032081019e+03 2.061399180521533708e+04 1.448559274318325697e+04 6.715533996907504521e-01 -1.221678887697304622e-01 1.961675479267933042e+04
8.780940263162288829e+03 1.880206955921566987e+04 1.002112929605338104e+04 9.775487557643471881e-01 -2.490728700240563143e-01 1.742327821317297276e+04
1.008347494851556621e+04 1.911755891284290556e+04 9.034083964327339345e+03 1.107359727134100025e+00 -1.157521100079874216e-01 1.695832606342283543e+04
1.317049811975150078e+04 1.938658309897016443e+04 6.216084979218663648e+03 1.056542469671516882e+00 -2.253628831178039749e-01 1.632381333488429664e+04
1.530549233962628205e+04 2.084744860898718252e+04 5.541956269360900478e+03 2.185801921717893226e+00 1.573496141834492823e-01 1.591808102868438436e+04
2.218946471767928597e+04 2.529408499364929958e+04 3.104620275970013608e+03 1.592223387760575148e+00 8.949877796109285966e-02 1.546314001021529293e+04
3.293417444001141121e+04 3.571372816721748677e+04 2.779553727206075564e+03 1.542346397234608979e+00 1.279744991544097543e-01 1.519176279379927291e+04
7.593901771554608422e+04 7.568834950556690455e+04 -2.506682099791796645e+02 2.100549804346245608e+00 1.830714486343472114e-01 1.483783875626459667e+04
