4.836544300820175124e+01 3.100199941075152310e+04 3.095363396774332068e+04 nan nan 3.119525890231175799e+04
1.802254862213400429e+03 2.183763462440464355e+04 2.003537976219124175e+04 5.807569970292121297e-01 -9.816405427412565332e-02 2.149276845577180939e+04
1.910287324167075212e+03 2.454383250917438272e+04 2.263354518500730774e+04 5.836508593304049475e-01 2.184803064955614937e-02 2.402979419234606030e+04
4.629755232426689872e+03 1.963994792663865519e+04 1.501019269421196441e+04 1.042332412410503784e+00 -1.959950187731084592e-01 1.902081261941988123e+04
6.193652015950433452e+03 2.051595386690168016e+04 1.432230185095124762e+04 5.184590693146585716e-01 -1.048505849469286572e-01 1.977577182071970310e+04
8.929174774717748733e+03 1.876202000833041893e+04 9.832845233612670199e+03 9.842719336122663920e-01 -1.777006851753960281e-01 1.765072854459603695e+04
1.006320674881046398e+04 1.907823747614067179e+04 9.015030727330207810e+03 8.841372687794263330e-01 -9.014851194177568583e-02 1.750268018670466336e+04
1.316632155451228027e+04 1.933575361201710621e+04 6.169432057504825934e+03 1.243892154505359393e+00 -8.027374783366354738e-02 1.622820701239323535e+04
1.563354947538614397e+04 2.104584304313993198e+04 5.412293567753788011e+03 1.450291586074528460e+00 2.111792096378547479e-01 1.578379531271201085e+04
2.228476794008861907e+04 2.535544926379165190e+04 3.070681323703032831e+03 1.558801542008104279e+00 -7.823122086441251788e-02 1.540978623727387458e+04
3.234221192280793912e+04 3.524836573164936999e+04 2.906153808841430873e+03 1.845799934296079137e+00 -2.140128096037388367e-03 1.511285790410725713e+04
7.594001323281969235e+04 7.613187870494081290e+04 1.918654721211205469e+02 2.091470895949892661e+00 8.855548502434219815e-02 1.483869387985050525e+04
