4.890712387426385988e+01 3.101813560671173764e+04 3.096922848283747226e+04 nan nan 3.094437462977364703e+04
1.826027564937552370e+03 2.181068161521780348e+04 1.998465405028025270e+04 4.465123077015558661e-01 -1.911915748877882903e-01 2.158627943360030258e+04
1.897435859598234856e+03 2.454982891271330300e+04 2.265239305311506905e+04 5.400238016196258206e-01 -1.568755178893211644e-01 2.421791465746423637e+04
4.669113258520420459e+03 1.959643444240876852e+04 1.492732118388834715e+04 9.828317778433590668e-01 -1.275680771393317980e-01 1.904969226679413623e+04
6.135927546130777046e+03 2.058287867780587112e+04 1.444695113167509408e+04 6.810004171358817748e-01 -1.170535855804173547e-01 1.968419038587532486e+04
8.794943180533693521e+03 1.878583988695896915e+04 9.990896706425275624e+03 9.324186147401142266e-01 -1.109737527392863354e-01 1.748575680105530773e+04
1.003729374624584852e+04 1.913236913506938436e+04 9.095075388823535832e+03 9.705872670531076052e-01 -1.012461843243655929e-01 1.742003165900513704e+04
1.330482958748682358e+04 1.937995277674711542e+04 6.075123189260291838e+03 1.243950863278647345e+00 -7.360538938940498765e-02 1.616613825609680862e+04
1.555672538782834818e+04 2.099572222012062412e+04 5.438996832292275940e+03 1.487751403944257644e+00 -1.296509126879938530e-02 1.605505105626412114e+04
2.275209990547914640e+04 2.552682285168283488e+04 2.774722946203688480e+03 1.566642640659470453e+00 8.219853576682530083e-02 1.543280987850118072e+04
3.204153626951945262e+04 3.522127854077039956e+04 3.179742271250946942e+03 1.803706816935864987e+00 2.332660214982882046e-03 1.523940675044640193e+04
7.220174496856237238e+04 7.285975252133009781e+04 6.580075527677254286e+02 1.606344856758773032e+00 2.160614523246771057e-01 1.481585485568039076e+04
