4.613872549585428828e+01 3.101279527792722001e+04 3.096665655243136644e+04 nan nan 3.087480546152278112e+04
1.828231979592517291e+03 2.182169834975228514e+04 1.999346637015976739e+04 5.120892649010324593e-01 -1.574767255783431630e-01 2.154965419823660704e+04
1.899609875246428601e+03 2.451881760000579015e+04 2.261920772475936246e+04 7.024458230311226847e-01 -7.459554814195866468e-02 2.433924857672667713e+04
4.668419572106259693e+03 1.957496623766056655e+04 1.490654666555430595e+04 9.637079125453218431e-01 -1.951636603960503480e-01 1.904733972881495356e+04
6.192069002506404104e+03 2.056871357890772197e+04 1.437664457640131877e+04 6.321040497625656229e-01 -1.787121926924445658e-01 1.961009972705396285e+04
8.969730134938903575e+03 1.875619902974092474e+04 9.786468894802021168e+03 8.938165149879800930e-01 -1.637699941342447840e-01 1.737844711163101601e+04
1.019395463579399984e+04 1.909759074898334075e+04 8.903636113189340904e+03 1.136904315918762842e+00 -1.581210158570300617e-01 1.729070219561929844e+04
1.316736423199035744e+04 1.934839895987654381e+04 6.181034727886186374e+03 1.112466153021178572e+00 -1.469539303283080856e-01 1.625653364180345125e+04
1.538517885469259272e+04 2.078376398857291133e+04 5.398585133880318608e+03 1.643024711634381463e+00 -1.880107012492717444e-01 1.588196231353209623e+04
2.264876550578958268e+04 2.557518125130029148e+04 2.926415745510708803e+03 1.684926810869019187e+00 3.350192011260162001e-02 1.546110170636228031e+04
3.242304943724581972e+04 3.561989293527331756e+04 3.196843498027497844e+03 1.669196339141472807e+00 1.222112636654086176e-01 1.520632039530085058e+04
6.832301453486736864e+04 6.859972109029382409e+04 2.767065554264554521e+02 2.051308685113135688e+00 1.406112921983678765e-01 1.480983936297425134e+04
