4.488128355460242602e+01 3.101528667764300917e+04 3.097040539408840777e+04 nan nan 3.074304638372699992e+04
1.813259335163495280e+03 2.179476564106798833e+04 1.998150630590449146e+04 6.293108827855299348e-01 -5.039660781424452202e-02 2.174013397926960170e+04
1.896514225965908963e+03 2.456369430087111323e+04 2.266718007490520540e+04 6.838655213200667271e-01 -1.474774029765980876e-01 2.425548964500917646e+04
4.659243178634114884e+03 1.960611379977972683e+04 1.494687062114561195e+04 1.019957411550475479e+00 -1.085146988676579799e-01 1.920128558026070095e+04
6.092483766284482954e+03 2.061552381116161632e+04 1.452304004487713246e+04 8.267820087508500615e-01 -2.073344247456212347e-02 1.962578008359348314e+04
8.774908983699506280e+03 1.878267220688290399e+04 1.000776322318339771e+04 9.283656541380537197e-01 -1.696468123080165091e-01 1.750072810379317525e+04
1.011770347476221104e+04 1.906282406471884315e+04 8.945120589956632102e+03 9.486950586305328281e-01 -1.479548805507249210e-01 1.739021273772326822e+04
1.311800356784655196e+04 1.930779144509047910e+04 6.189787877243927142e+03 1.033120130488301536e+00 -9.112824038000701121e-02 1.631419741162546779e+04
1.525350602236499071e+04 2.082198630773605328e+04 5.568480285371062564e+03 1.484852191166442070e+00 -6.462939327842831538e-02 1.582959908743143387e+04
2.255561818748691439e+04 2.538918795114696695e+04 2.833569763660052558e+03 1.793998262571196323e+00 2.510013553802467601e-02 1.537828537033335488e+04
3.368758889850748528e+04 3.654757765741610638e+04 2.859988758908621094e+03 2.255436373807659045e+00 1.601968162315919320e-01 1.505880543891369962e+04
7.473285913114942377e+04 7.486066830189603206e+04 1.278091707466082880e+02 2.020656562432632697e+00 1.964573985294040259e-01 1.484394363050011088e+04
