4.770742959055231580e+01 3.103536805551005091e+04 3.098766062591949958e+04 nan nan 3.079251006680129649e+04
1.823429296356165196e+03 2.181226271043417000e+04 1.998883341407800617e+04 4.964698138709260355e-01 -1.451887757288256031e-01 2.152044064092818007e+04
1.904516041563003682e+03 2.451632115002354112e+04 2.261180510846053585e+04 9.942307639860855639e-01 -3.678652228883111386e-02 2.432958357900341070e+04
4.683148982260854609e+03 1.960243389650813333e+04 1.491928491424727872e+04 1.099120083180960217e+00 -1.457248250386786459e-01 1.893416289339071227e+04
6.165749821702648660e+03 2.055369722315435138e+04 1.438794740145170363e+04 5.698773505575932541e-01 -5.556296887640430754e-02 1.968506572657382640e+04
8.963023750619826387e+03 1.874710386616180767e+04 9.784080115541981286e+03 8.629808109881277334e-01 -1.790875320768449963e-01 1.741218754159539094e+04
1.021807934250311155e+04 1.904909385885186566e+04 8.831014516348754114e+03 1.251355722034842577e+00 -2.296100536005172554e-01 1.722864525548940219e+04
1.319429682471518572e+04 1.936149488811462288e+04 6.167198063399437160e+03 1.347700860756015473e+00 -7.754521355958217399e-02 1.644022295775172097e+04
1.522573531412638476e+04 2.080305230616201516e+04 5.577316992035630392e+03 1.393614907949149329e+00 3.237310289723691753e-02 1.591765134907430001e+04
2.268462033258425799e+04 2.562600756268539044e+04 2.941387230101132445e+03 1.504433090771413406e+00 -2.036009813727368556e-02 1.548384010841175586e+04
3.284774890675118513e+04 3.608046763089518208e+04 3.232718724143996951e+03 1.664973886549937943e+00 1.275651005469614629e-01 1.509867859402205249e+04
7.118497970143810380e+04 7.133297475807659794e+04 1.479950566384941339e+02 2.201699617680813237e+00 1.811489651340534579e-01 1.473543496740421324e+04
