4.731856801315053929e+01 3.102172333548782990e+04 3.097440476747467983e+04 nan nan 3.094305696027003069e+04
1.810806739869955436e+03 2.184008653484925526e+04 2.002927979497929846e+04 7.186151415020001210e-01 -6.642502560065623174e-02 2.141212032584307235e+04
1.902016106842580712e+03 2.454609713162563639e+04 2.264408102478305591e+04 7.590689874246329127e-01 -7.996330161077591647e-02 2.425393075798034988e+04
4.647325012345453615e+03 1.964692475425247176e+04 1.499959974190701905e+04 1.210947415560553742e+00 -2.018851022100985881e-01 1.902998549690975051e+04
6.127225448568268803e+03 2.057094303067522560e+04 1.444371758210695771e+04 4.437902182889761349e-01 -1.032923363839020614e-01 1.955510540102543018e+04
8.913683770268986336e+03 1.873258533599821749e+04 9.818901565729231152e+03 9.998713397751547438e-01 -1.986711899085789046e-01 1.756345335632964634e+04
9.904316422065565348e+03 1.908538030854343015e+04 9.181063886477864799e+03 8.008692613283412420e-01 -9.249844267830520383e-02 1.741201533975445273e+04
1.313739524214002267e+04 1.930672590894253881e+04 6.169330666802516134e+03 1.107381513814421181e+00 4.446476972635223651e-02 1.649258400765807528e+04
1.531634416084644181e+04 2.088601070978297139e+04 5.569666548936529580e+03 1.375210086427868239e+00 9.288669904546738992e-03 1.598368556105012613e+04
2.312475823074366053e+04 2.591994396817120287e+04 2.795185737427542335e+03 1.448172267842899430e+00 6.811406991494448060e-02 1.541024685540993960e+04
3.128787308673727603e+04 3.406192645778812584e+04 2.774053371050849819e+03 1.864855498207979911e+00 1.201113414502897880e-01 1.511135189674647881e+04
7.908504322105541360e+04 7.926631555020698579e+04 1.812723291515721940e+02 2.309129363341154040e+00 2.867400786577129490e-01 1.484662536420160905e+04
