4.701109214900120037e+01 3.101420578887804368e+04 3.096719469672904233e+04 nan nan 3.093127048537607334e+04
1.816707089492428622e+03 2.180441981462458716e+04 1.998771272513215808e+04 4.083927433418396702e-01 -1.268425418121010007e-01 2.157510198070833212e+04
1.894568649159871711e+03 2.453130792835402463e+04 2.263673927919415291e+04 6.845570078348605092e-01 -1.437102070868364299e-02 2.414341594194432400e+04
4.682966968071870724e+03 1.955974446832325339e+04 1.487677750025138266e+04 1.000201238726582398e+00 -1.491073908930685421e-01 1.918611045441337410e+04
6.106909357982822257e+03 2.058535360748107632e+04 1.447844424949825407e+04 5.897699859735924255e-01 -1.455942231412422627e-01 1.969868559028575328e+04
8.851623581901754733e+03 1.876823752970303030e+04 9.916613947801275572e+03 1.037186238943599514e+00 -1.205227620158296903e-01 1.755555828216561713e+04
1.012079031419709281e+04 1.906176765125915335e+04 8.940977337062060542e+03 1.048685266639934888e+00 -1.610559236806660965e-01 1.716584434607657749e+04
1.312632125382205049e+04 1.931727285593622946e+04 6.190951602114178968e+03 1.663114559579729645e+00 4.615800000256912311e-02 1.638612655918132805e+04
1.544663176402881254e+04 2.090642123845371680e+04 5.459789474424904256e+03 1.527400925619057048e+00 6.480028110689432796e-02 1.610139348563848762e+04
2.237423591613618919e+04 2.536243432786864651e+04 2.988198411732457316e+03 1.422900883282412154e+00 5.228933992244860773e-02 1.547392057690662841e+04
3.373690091174979170e+04 3.646789715458442515e+04 2.730996242834633449e+03 1.790990698781122825e+00 1.432983941327699018e-01 1.511998219810046976e+04
7.273052109072958410e+04 7.320617525120016944e+04 4.756541604705853388e+02 2.099229041700767961e+00 1.530188667219579690e-01 1.479668195783740703e+04
