4.552222443177211630e+01 3.098179395964542709e+04 3.093627173521365330e+04 nan nan 3.108968178528086355e+04
1.816626713532019721e+03 2.178841285393026556e+04 1.997178614039824606e+04 6.000874997535320388e-01 4.250744212842651887e-02 2.170037658267034567e+04
1.880540457269517219e+03 2.459040473506609123e+04 2.270986427779657242e+04 7.502858789400956852e-01 -1.606598583362131016e-01 2.402709851142240586e+04
4.663649966127990410e+03 1.960201351870165672e+04 1.493836355257366631e+04 1.061493137194983616e+00 -1.264271678873437332e-01 1.901259553412453170e+04
6.108748538077421472e+03 2.061301613352165441e+04 1.450426759544423294e+04 4.756744652051153044e-01 1.104946587989366798e-02 1.969364332515496790e+04
8.871190990916988085e+03 1.875635677536532967e+04 9.885165784448341583e+03 8.416266746891644113e-01 -1.855441468787068227e-01 1.739661817992668512e+04
1.012321453601583016e+04 1.907470761812740238e+04 8.951493082111572221e+03 1.154395693934756606e+00 -1.586668259160125272e-01 1.723220981222450428e+04
1.307000875958592223e+04 1.934708361855129260e+04 6.277074858965370368e+03 1.073142370095950371e+00 -1.127632267912429681e-01 1.636461139092703888e+04
1.541933230035001907e+04 2.090673962920797567e+04 5.487407328857956600e+03 1.243714626031970027e+00 1.701027829853986040e-01 1.593086217749774733e+04
2.230044305565167087e+04 2.524662915842159782e+04 2.946186102769926947e+03 1.435224799385369510e+00 -6.669589916845755639e-02 1.551877318281435146e+04
3.308280228028969577e+04 3.582184431106822012e+04 2.739042030778524349e+03 1.698530860908132434e+00 7.454687196156407902e-02 1.520902407779960777e+04
7.525137238240096485e+04 7.541580282618176716e+04 1.644304437808023067e+02 2.173325480373620167e+00 1.588948444250849745e-01 1.470835228265532169e+04
