4.739015392504283142e+01 3.099084031760872313e+04 3.094345016368367942e+04 nan nan 3.119156175949846147e+04
1.812297076371688036e+03 2.184984491433306903e+04 2.003754783796138145e+04 5.773111482340141931e-01 -9.916493748924397333e-02 2.163239313329231663e+04
1.891766432563534181e+03 2.454746671289870937e+04 2.265570028033517519e+04 5.503891581963796797e-01 -1.796004385011807924e-01 2.417165399166102725e+04
4.618309117824991517e+03 1.965209941513858575e+04 1.503379029731359333e+04 1.024906730960389867e+00 3.509714987371233968e-03 1.914814521602862442e+04
6.102368458530517273e+03 2.063355332453756637e+04 1.453118486600705000e+04 6.535150151740439783e-01 -6.059436343025162430e-02 1.976694901852264593e+04
8.866650869316417811e+03 1.875288550889595354e+04 9.886234639579535724e+03 8.748808977402848797e-01 -1.733714772155991735e-01 1.755651472795024529e+04
1.011078302296655784e+04 1.909358203734299968e+04 8.982799014376441846e+03 9.248438468626803965e-01 -2.192595375499991617e-01 1.706484168838465484e+04
1.316151485517576111e+04 1.933341525826718862e+04 6.171900403091427506e+03 1.282119301420366453e+00 -6.852170451556088837e-02 1.627472026175129758e+04
1.534272482215820855e+04 2.085529644160607131e+04 5.512571619447862759e+03 1.316112395601024332e+00 -6.686745858383288943e-02 1.596941844112175750e+04
2.236355122675384337e+04 2.546842740282691375e+04 3.104876176073070383e+03 1.388085908718704076e+00 4.995856051992928620e-02 1.546503873726649908e+04
3.212744475976413378e+04 3.479283614064018184e+04 2.665391380876048061e+03 2.054494603010649012e+00 2.094143800836187619e-01 1.546086625531213758e+04
7.225286141980596585e+04 7.218783808476290142e+04 -6.502333504306443501e+01 2.157931416438511718e+00 2.001048792509594332e-01 1.473252359504026390e+04
