4.450897033835980920e+01 3.099814687753419639e+04 3.095363790719583631e+04 nan nan 3.098815738108826918e+04
1.810315191786793775e+03 2.182787039943740456e+04 2.001755520765061010e+04 3.685665744552319434e-01 5.723555719302184791e-02 2.159987197616369303e+04
1.890975219346639051e+03 2.456414587409998785e+04 2.267317065475335039e+04 4.831934386039397622e-01 -1.263093433240347618e-01 2.417838113029988745e+04
4.684280895346861143e+03 1.957286365584089435e+04 1.488858276049403321e+04 9.613224071530389603e-01 -1.915876818992982289e-01 1.933056015830798424e+04
6.163576509563109539e+03 2.057906513404537327e+04 1.441548862448226282e+04 5.759724951339730836e-01 -6.519245947046431455e-02 1.961827829988951999e+04
8.850283802617770561e+03 1.874709233301087079e+04 9.896808530393100227e+03 8.896399930587820526e-01 -1.328368332739504887e-01 1.762946486278537486e+04
1.001163537663628085e+04 1.909440948941238457e+04 9.082774112776103721e+03 1.058814192485434402e+00 -2.629553742427215290e-01 1.723341251591981199e+04
1.300989541319969794e+04 1.929963459704486377e+04 6.289739183845165826e+03 1.814167383661165589e+00 -2.858001746182927891e-02 1.631604676725138415e+04
1.553719646869445387e+04 2.096999305729145999e+04 5.432796588597006121e+03 1.607984700907938214e+00 -8.504790312539661779e-02 1.599374177861631142e+04
2.204686875399335622e+04 2.523825680188961269e+04 3.191388047896256467e+03 1.656018443202840418e+00 -3.129450777510998233e-02 1.554364557244597745e+04
3.256816504927077040e+04 3.547921027093702287e+04 2.911045221666252473e+03 1.877141959146818140e+00 1.696203356298336962e-01 1.512042226749170186e+04
7.145834438657402643e+04 7.184536739612379461e+04 3.870230095497681759e+02 1.864291719181678575e+00 1.773780997037483764e-01 1.486153140339017591e+04
