4.842912594131058057e+01 3.102825467434687744e+04 3.097982554840556622e+04 nan nan 3.064378196608945291e+04
1.833335206623260319e+03 2.182005816419002076e+04 1.998672295756675885e+04 4.842524422445853016e-01 -1.513511120112444042e-01 2.153356354314339114e+04
1.882690329938541026e+03 2.457754647956000190e+04 2.269485614962146064e+04 7.522978454344491084e-01 -1.216264561829278196e-01 2.420567143505062631e+04
4.664197886772039965e+03 1.961804239977735415e+04 1.495384451300531509e+04 1.081644588460210832e+00 -1.776749038495406829e-01 1.904146902816461807e+04
6.146516841106852553e+03 2.057341946658668166e+04 1.442690262547983002e+04 7.049072376350827840e-01 -1.347317517722782798e-01 1.967159554483750617e+04
8.913708200389572085e+03 1.871520701253931838e+04 9.801498812149746300e+03 8.665204791708415177e-01 -8.561929489634094448e-02 1.746044086819015865e+04
1.013370935204012858e+04 1.904614706682127144e+04 8.912437714781142859e+03 1.253283231200020165e+00 -5.269051981024313464e-02 1.721374456626418396e+04
1.317585040418901008e+04 1.933989024202782093e+04 6.164039837838810854e+03 1.225631963445497741e+00 -1.003956467280206488e-02 1.626215421707669520e+04
1.557186703755266535e+04 2.087109278593055205e+04 5.299225748377886703e+03 1.712634536257460871e+00 2.477568253029591508e-02 1.592613222805012811e+04
2.288323557035017802e+04 2.579815606611588373e+04 2.914920495765705709e+03 1.363869537164855927e+00 -4.899334922675959575e-02 1.542189757428767371e+04
3.218755160590762171e+04 3.502470027754401963e+04 2.837148671636397921e+03 1.779685669796253977e+00 -2.037018523187118096e-02 1.508353107887107035e+04
6.839921929759740306e+04 6.837587590105936397e+04 -2.334339653803908732e+01 1.788868283586582564e+00 1.923486783335875625e-02 1.479882304064318487e+04
