4.702230997356536335e+01 3.101228630699293353e+04 3.096526399701936680e+04 nan nan 3.084125896112835107e+04
1.818337146193864783e+03 2.179876768961753623e+04 1.998043054342367031e+04 1.047241743018247240e+00 -8.761145274874555799e-02 2.150295704470950295e+04
1.874035587925153095e+03 2.458842855876067188e+04 2.271439297083551719e+04 8.485478209642424163e-01 -1.600747722501219827e-01 2.421385642137158720e+04
4.686603679552734320e+03 1.954571350389508734e+04 1.485910982434235302e+04 9.591338505954148941e-01 -1.995720987248834621e-01 1.909796533836021990e+04
6.116098990670390776e+03 2.059936722276780711e+04 1.448326823209741633e+04 6.265385489995828339e-01 -1.358723323528182036e-01 1.983652931495158555e+04
9.036853322907849360e+03 1.872340126056255394e+04 9.686547937654704583e+03 8.953980296065836564e-01 -1.115904620953052234e-01 1.747498420803253975e+04
1.003276214198584421e+04 1.909037050826390987e+04 9.057608366278065660e+03 1.093306518346696121e+00 -1.890074161522897478e-01 1.726497013544953734e+04
1.313493398176442861e+04 1.937912065884008189e+04 6.244186677075653279e+03 1.144549121837458827e+00 4.071958156368566534e-02 1.635123057483214143e+04
1.531664964723109551e+04 2.089322059970035480e+04 5.576570952469259282e+03 1.493272518322522613e+00 -5.383059831982741489e-02 1.594442309488043247e+04
2.235163827535729797e+04 2.534274600611384813e+04 2.991107730756550154e+03 1.658790377857503939e+00 2.880110713220745966e-02 1.545197132275317199e+04
3.203643702697481785e+04 3.513191442763438681e+04 3.095477400659568957e+03 2.240810497669201151e+00 5.267808871361642081e-02 1.514818233761767624e+04
6.804841663381714898e+04 6.853410977201655624e+04 4.856931381994072581e+02 1.957693230015127517e+00 1.481869586905937008e-01 1.487594616862675866e+04
