4.486437472050642583e+01 3.100411114086204907e+04 3.095924676614154305e+04 nan nan 3.074959598673669097e+04
1.828681137726964607e+03 2.176296107025622405e+04 1.993427993252925808e+04 6.082450903365499428e-01 4.952913105807860150e-02 2.155322772018392061e+04
1.878100219256871696e+03 2.458702873372358226e+04 2.270892851446671193e+04 6.842152191029979846e-01 -7.038298959963783935e-03 2.403770296208680156e+04
4.679861350113517801e+03 1.958787163867184790e+04 1.490801028855832919e+04 9.830948070620909585e-01 -2.302559399817724062e-01 1.925623289131603815e+04
6.101896304270569999e+03 2.061111802349221034e+04 1.450922171922164125e+04 6.371298494125969825e-01 3.066386184441977081e-02 1.980849214747724182e+04
8.858930106083071223e+03 1.879911822377478165e+04 9.940188117691710431e+03 1.059422226901421515e+00 -1.074713981610406349e-01 1.749781238472119730e+04
1.003491115390064078e+04 1.906817368439795609e+04 9.033262530497315311e+03 1.055341838552052769e+00 -3.962599986412523173e-02 1.742626463359680565e+04
1.289710953139970479e+04 1.929275934339548257e+04 6.395649811995777782e+03 1.142932078186423839e+00 -1.348646218153732035e-01 1.641767079844522959e+04
1.542988007392716827e+04 2.101784051591129537e+04 5.587960441984127101e+03 1.483486854000372945e+00 -1.451401731820776454e-02 1.589430207325836636e+04
2.181943720519761337e+04 2.518156900517747272e+04 3.362131799979859352e+03 1.343353132724957044e+00 -5.434678419851775993e-02 1.542623247038581030e+04
3.297201293326271843e+04 3.573588806575049239e+04 2.763875132487773953e+03 1.990573986002302176e+00 1.471307986852976764e-02 1.499593813943712848e+04
7.207426413137432246e+04 7.216308748986915452e+04 8.882335849483206403e+01 1.908153334131748258e+00 2.332331627529674878e-01 1.482329214088745721e+04
