4.990746950208577459e+01 3.100801387190987225e+04 3.095810640240778594e+04 nan nan 3.076224738527601585e+04
1.815193756869177150e+03 2.183942970918348510e+04 2.002423595231430954e+04 5.515067383082122854e-01 -5.456407857727770677e-02 2.154440022999679422e+04
1.891425044330343553e+03 2.455442324621200532e+04 2.266299820188166268e+04 7.440823766544331086e-01 -1.324824276903488751e-01 2.418370207654511978e+04
4.685793380707503275e+03 1.956998612381839121e+04 1.488419274311088884e+04 1.012398006668195904e+00 -1.250212284116674899e-01 1.924718162141038556e+04
6.133915982448857903e+03 2.058175396246785749e+04 1.444783798001899959e+04 6.547575168688702929e-01 -2.168150723011137149e-01 1.971295268417158150e+04
8.967495351187779306e+03 1.873872760819430187e+04 9.771232257006522559e+03 9.445040304279800347e-01 -1.709512201712253543e-01 1.752833596397764268e+04
1.009776043733149891e+04 1.907175104170505074e+04 8.973990604373551832e+03 1.149114293504618578e+00 -1.194156304653518214e-01 1.735910285515560463e+04
1.301897895285206505e+04 1.931982248227620585e+04 6.300843529424140797e+03 1.467758367662890917e+00 -1.429065276303735088e-01 1.641829630727599579e+04
1.530184220029282369e+04 2.083386045665168422e+04 5.532018256358860526e+03 1.556723829610727750e+00 -1.103568965437411592e-01 1.588096260656239974e+04
2.208856286249399272e+04 2.539627114964193606e+04 3.307708287147943338e+03 1.668578234690107243e+00 -6.856477755376927385e-02 1.529913106563419751e+04
3.196744558395360218e+04 3.470851132853294985e+04 2.741065744579347665e+03 1.702333602954036351e+00 3.387397800155297206e-02 1.526190216183171106e+04
7.227978101733638323e+04 7.213082042674391414e+04 -1.489605905924690887e+02 1.786146829393201685e+00 9.308338283534067781e-02 1.482878560841792387e+04
