5.255508931503337777e+01 3.102094011034481809e+04 3.096838502102978600e+04 nan nan 3.075977396259339366e+04
1.807929833435155388e+03 2.178652383688321424e+04 1.997859400344805908e+04 5.135525511114321651e-01 -1.879517903292162728e-01 2.155017489240449140e+04
1.897074684464349957e+03 2.454859514315778142e+04 2.265152045869343056e+04 7.591402993584134284e-01 -8.386457773670595583e-02 2.424497687576845419e+04
4.658117685367395097e+03 1.960906500196830893e+04 1.495094731660091384e+04 1.008469545643385867e+00 -6.803486843054991351e-02 1.893294265311399795e+04
6.177526417216093250e+03 2.056025332181069098e+04 1.438272690459459773e+04 5.329467776673787460e-01 -5.018872194712178936e-02 1.972278295048542350e+04
8.820572960059245816e+03 1.875753923651652804e+04 9.936966276457282220e+03 8.714515934485591586e-01 -2.277727017127975373e-01 1.737459228930286918e+04
1.011829302445972280e+04 1.914005870983662317e+04 9.021765685376900365e+03 7.924733459715819217e-01 -1.350449448188607848e-01 1.713740206634179413e+04
1.320491917428802844e+04 1.935170466968024266e+04 6.146785495392214216e+03 1.335136646402632854e+00 7.100795093220717280e-02 1.628602345653617886e+04
1.523642754838310611e+04 2.091156459478627949e+04 5.675137046403173372e+03 1.612956515304903915e+00 3.135410624723743156e-03 1.594485339854884478e+04
2.284777856583329776e+04 2.548235898773982626e+04 2.634580421906528500e+03 1.462102952240659226e+00 6.065987024382990533e-02 1.553750913478838629e+04
3.181526453612723344e+04 3.492582644541052287e+04 3.110561909283289424e+03 1.504954799744012695e+00 9.372163479447369328e-02 1.517562599530744592e+04
7.501550704238192702e+04 7.521509654440748272e+04 1.995895020255557029e+02 2.048464181080559499e+00 8.297594464476037990e-02 1.489955132094451255e+04
