4.955638061605489497e+01 3.101699668017538352e+04 3.096744029955933001e+04 nan nan 3.101631973199756612e+04
1.831382388521223675e+03 2.182729625603253226e+04 1.999591386751130995e+04 6.111845400731875655e-01 -9.845124870992139066e-02 2.158071739422788960e+04
1.896207069374629782e+03 2.454197839309384653e+04 2.264577132371921834e+04 7.044293276452079366e-01 -1.687260214325831675e-01 2.428951537808144712e+04
4.679149151233285011e+03 1.956733605604945114e+04 1.488818690481616613e+04 9.509357534403618528e-01 -1.791419943685075566e-01 1.920460456059375429e+04
6.104130891476360375e+03 2.062752933559873782e+04 1.452339844412237653e+04 5.347708674602579260e-01 -1.067056928380874931e-01 1.966696021409732202e+04
8.889701456737853732e+03 1.878068120122408072e+04 9.890979744486226991e+03 9.416288587662821064e-01 -2.022259598839105943e-01 1.773474788876535604e+04
1.015041662581559649e+04 1.904372720182050762e+04 8.893310576004911127e+03 1.101364608330961836e+00 -1.509546626383294066e-01 1.733861500664742925e+04
1.315833364574842926e+04 1.938438155422102500e+04 6.226047908472595736e+03 1.162325535000974464e+00 -1.210075493610057035e-01 1.631599921589305450e+04
1.538412936744179569e+04 2.090565302061394323e+04 5.521523653172147533e+03 1.338926057808394132e+00 4.089619159201303422e-02 1.589995842903422636e+04
2.238831381532942032e+04 2.523221881387001849e+04 2.843904998540598172e+03 1.362340575749081850e+00 1.994085630371683626e-02 1.545301440684951558e+04
3.302985806735548977e+04 3.617624110840301000e+04 3.146383041047520237e+03 1.644515018568498910e+00 1.969945778105537323e-02 1.521160294971250005e+04
7.326322083319883677e+04 7.384167098594509298e+04 5.784501527462562080e+02 1.994518089907830749e+00 5.328364009728894790e-02 1.484864832479561483e+04
