4.995402096965345606e+01 3.101812885333055965e+04 3.096817483236090629e+04 nan nan 3.094426649578050274e+04
1.820871693485268679e+03 2.184793449674465228e+04 2.002706280325938496e+04 9.950463137083159770e-01 -6.172160443141766484e-02 2.153151263371215100e+04
1.903615313962268829e+03 2.452364796920488880e+04 2.262003265524261951e+04 7.654371690407666406e-01 -5.273412597655926376e-02 2.420433503335299974e+04
4.699286531036294036e+03 1.954077700343147080e+04 1.484149047239517677e+04 1.014935116831847894e+00 -3.991763112231127425e-02 1.926418416316813091e+04
6.092579534401287674e+03 2.064289460876792873e+04 1.455031507436664106e+04 5.308895671329564303e-01 -1.040762168680283151e-01 1.972845422256980964e+04
8.918128134323136692e+03 1.874513367725295029e+04 9.827005542929813600e+03 8.803876172356739360e-01 -8.470817494717079732e-02 1.741659265654963383e+04
1.000338308707219403e+04 1.908191347402197789e+04 9.078530386949783860e+03 9.377314271100681831e-01 -2.983300382939338968e-01 1.712786056829662630e+04
1.299230458671330234e+04 1.930744498828735595e+04 6.315140401574053612e+03 1.273864346675515291e+00 -4.857446997905680991e-02 1.661161258017950604e+04
1.537991054412692392e+04 2.096818938002035065e+04 5.588278835893426731e+03 2.091851175952559760e+00 1.441102021035679153e-03 1.586578036650868853e+04
2.241194113123823263e+04 2.538639506913431615e+04 2.974453937896083517e+03 1.435067548427720219e+00 3.333430348402801474e-02 1.545682398858893248e+04
3.167323342716341358e+04 3.425157481301876396e+04 2.578341385855350381e+03 1.851951514573021429e+00 1.897373823402437321e-02 1.511674039706213262e+04
8.141563451609179901e+04 8.157318459447857458e+04 1.575500783867755672e+02 2.204289948319767323e+00 2.997652703684353104e-01 1.480854241097683007e+04
