4.560818701392531693e+01 3.100163874383294387e+04 3.095603055681901969e+04 nan nan 3.095290268358756657e+04
1.816556427021819673e+03 2.180998071788328889e+04 1.999342429086146876e+04 6.771963987779284766e-01 -4.642495340903690648e-02 2.156941828793855893e+04
1.872093392064381760e+03 2.457906867975001660e+04 2.270697528768563643e+04 5.591372976404643813e-01 -8.608026190773977737e-02 2.419023382223239605e+04
4.648916569616630113e+03 1.962243369367643390e+04 1.497351712405980288e+04 9.970717952463363787e-01 -1.278099427863723936e-01 1.922926533628789184e+04
6.126536440732308620e+03 2.062387710767524914e+04 1.449734066694294052e+04 6.432159157131877025e-01 -1.606454913311508303e-01 1.951031413705075465e+04
8.941691391630698490e+03 1.877018029809364089e+04 9.828488906462942396e+03 1.082265565021720555e+00 -1.574476559106160467e-01 1.750920492423327232e+04
1.011896664631830390e+04 1.907690836067425334e+04 8.957941714355949443e+03 1.021669537208742318e+00 -1.286852398680721488e-01 1.725121947593043660e+04
1.320417802428199138e+04 1.934411552891986867e+04 6.139937504637877282e+03 1.162574638558180107e+00 -1.179358725974719163e-01 1.639082557536090098e+04
1.507080394365477332e+04 2.083540397497357480e+04 5.764600031318801484e+03 1.527789227079084045e+00 1.292138771208600767e-01 1.586005131233306565e+04
2.271643554533889619e+04 2.566781194276165479e+04 2.951376397422758600e+03 1.544647276341857056e+00 -4.924898052995457798e-02 1.569953853786246145e+04
3.113827398409043963e+04 3.412256207335967338e+04 2.984288089269233751e+03 1.636516813742631804e+00 1.178483878235934007e-01 1.510295054289141808e+04
7.336680458123443532e+04 7.367638308513065567e+04 3.095785038962203544e+02 1.855178928508878000e+00 2.183647080517914230e-01 1.491152632917210940e+04
