4.922301870634848342e+01 3.100909737772971857e+04 3.095987435902337165e+04 nan nan 3.109634985739984404e+04
1.824508270000259472e+03 2.182543861893959183e+04 2.000093034893933145e+04 5.056964973980923039e-01 1.168028538889991259e-02 2.152049800021735427e+04
1.912099628891177645e+03 2.451776201103820495e+04 2.260566238214702753e+04 1.029344052866266734e+00 1.418412685147445477e-03 2.417427288540581503e+04
4.699686733147721498e+03 1.957099013412912973e+04 1.487130340098140732e+04 9.746471203665248995e-01 -1.030319581662956924e-01 1.908458866505885453e+04
6.112248678251597994e+03 2.061450446498333258e+04 1.450225578673173368e+04 5.987120707555105836e-01 -1.830019584300641433e-01 1.964035738467975898e+04
8.874276734034514448e+03 1.877122623976700925e+04 9.896949505732494799e+03 8.876654079266477204e-01 -9.445561562253501631e-02 1.747859512724606611e+04
1.008143540408292756e+04 1.909214560421668648e+04 9.010710200133758917e+03 1.403029503450263560e+00 -1.829753684540211950e-02 1.720018967788921145e+04
1.321256810223435787e+04 1.934489319880491166e+04 6.132325096570553796e+03 1.247479567633190678e+00 -1.620505138494391095e-01 1.653141912022185352e+04
1.561640284587196402e+04 2.099964148069600196e+04 5.383238634824037945e+03 1.383188096333652695e+00 -1.176531789172732823e-02 1.590751156497564079e+04
2.263634083960377029e+04 2.567849274862749371e+04 3.042151909023723420e+03 1.500942354980906002e+00 -7.202399368736026042e-02 1.543723546116723810e+04
3.297151219134437997e+04 3.555115346330286411e+04 2.579641271958484140e+03 2.066009401036883020e+00 8.898376269042536368e-02 1.507645259637164054e+04
7.702134204326201871e+04 7.792145710459536349e+04 9.001150613333447836e+02 2.029990813382147596e+00 9.963950092499966604e-02 1.490801052232857546e+04
