4.938123444041005428e+01 3.102827847405233479e+04 3.097889723961192431e+04 nan nan 3.074835226032400533e+04
1.807554987286462392e+03 2.185198379691906666e+04 2.004442880963260541e+04 4.074270650202637678e-01 -9.559671044457045130e-02 2.158279931526395012e+04
1.891797371501506177e+03 2.459645611433170779e+04 2.270465874283020094e+04 7.797611513520008586e-01 -1.533827685825099041e-01 2.402184523033781443e+04
4.644479053366689186e+03 1.962761330156567783e+04 1.498313424819898864e+04 1.016538657886308483e+00 -8.073239526653033793e-02 1.918490648399280690e+04
6.119322534188363534e+03 2.060006814890851820e+04 1.448074561472015557e+04 6.583355291114839636e-01 -5.025204305731509336e-02 1.966530972819679300e+04
8.949894505971780745e+03 1.871036701584056937e+04 9.760472509868788620e+03 9.595396047068587286e-01 -1.576908344445470123e-01 1.747728525477381118e+04
1.021314461102138557e+04 1.903280876076210916e+04 8.819664149740723587e+03 9.034492057234647655e-01 -9.934604835597127259e-02 1.719019080698579637e+04
1.323764374131733894e+04 1.934992116006735887e+04 6.112277418750019933e+03 1.081011078165138750e+00 -9.275106703593553881e-02 1.631286431961120616e+04
1.559770432412798982e+04 2.103932574245517389e+04 5.441621418327184074e+03 1.387231633126250863e+00 7.763484757750670207e-02 1.579618382530661256e+04
2.301700300395227532e+04 2.591927338785151369e+04 2.902270383899238368e+03 1.412550822165704822e+00 7.983104094273119067e-02 1.545980724057831867e+04
3.205719194519283337e+04 3.524846041502088337e+04 3.191268469828050002e+03 1.995494458414525996e+00 1.071701231129865289e-01 1.516211828955588499e+04
7.095031290541918133e+04 7.101778106957359705e+04 6.746816415441571735e+01 2.098895416738616682e+00 1.753016743127146782e-01 1.468820053615534744e+04
