4.701541302901496522e+01 3.100089370066332776e+04 3.095387828763431389e+04 nan nan 3.075987999812119597e+04
1.818758536317751350e+03 2.179176922942421152e+04 1.997301069310645835e+04 4.900161838234711742e-01 -1.088413022664948687e-01 2.171761695019812032e+04
1.893332664636779782e+03 2.458353923486754138e+04 2.269020657023076274e+04 7.381454430904668129e-01 -8.030421973286942794e-02 2.401703131732152542e+04
4.623709601846363512e+03 1.965393602417501097e+04 1.503022642232864746e+04 9.889535384331326062e-01 -2.632784148424018381e-02 1.919154364582007474e+04
6.088464673316286280e+03 2.064128874089654710e+04 1.455282406758026082e+04 5.310414171035365838e-01 -2.920889583074441631e-02 1.981624084343380309e+04
8.871357786667649634e+03 1.875305909269482072e+04 9.881701306027171086e+03 8.935889173298049437e-01 -1.790345269893043600e-01 1.759445959410876094e+04
1.003857056377582376e+04 1.910539319393492406e+04 9.066822630159100299e+03 1.151531716605858291e+00 -2.143356860496509197e-01 1.719763418302794526e+04
1.308852917825063014e+04 1.934330336803849059e+04 6.254774189787860450e+03 1.406670197820032442e+00 -1.018214760211220149e-01 1.639463249427377013e+04
1.550111574449286309e+04 2.091167813330152057e+04 5.410562388808657488e+03 1.232286823542648291e+00 -8.845362087803272308e-03 1.587130782872807322e+04
2.307429339561972301e+04 2.573438606147839891e+04 2.660092665858675900e+03 1.660305882011850143e+00 8.666170990788141237e-02 1.533476241034495069e+04
3.167860913768866158e+04 3.465741391481673054e+04 2.978804777128068963e+03 1.766039222155298516e+00 1.466569561798291843e-01 1.516181362498439739e+04
6.915239646417113545e+04 6.953062270357491798e+04 3.782262394037825288e+02 1.897928483623919638e+00 1.218227072029463010e-01 1.475973532256637191e+04
