4.280293359991329538e+01 3.101129094826029905e+04 3.096848801466038640e+04 nan nan 3.090238655068100707e+04
1.830143742136748870e+03 2.176550214237484397e+04 1.993535840023809578e+04 4.500762707560300169e-01 -1.272655111030579489e-01 2.168349231646715998e+04
1.878434874528623823e+03 2.459327920676110443e+04 2.271484433223248197e+04 7.054311121898506620e-01 -6.337983578479260138e-02 2.426125775038592474e+04
4.680192112487190570e+03 1.961699012545717051e+04 1.493679801296997903e+04 9.526958623731749398e-01 -1.311309051571531437e-01 1.887391123711353066e+04
6.094963832159122830e+03 2.059600349871978324e+04 1.450103966656066041e+04 6.930385701101570151e-01 -1.366864343198802845e-01 1.966799678401188794e+04
8.788561873568531155e+03 1.873345737958941390e+04 9.944895506020882749e+03 9.218767772803531102e-01 -1.532889102869327003e-01 1.753179763731049024e+04
1.012155456882522594e+04 1.909600009131990009e+04 8.974445522494674151e+03 9.553612995378477635e-01 -1.900033442542241324e-01 1.732141008738475284e+04
1.331813054465483037e+04 1.932017283287131431e+04 6.002042288216483939e+03 1.392772510556280707e+00 -4.768511450815365871e-02 1.627689222490599423e+04
1.520172934797245762e+04 2.088404766299255789e+04 5.682318315020100272e+03 1.341084497926373187e+00 2.443038612901042919e-02 1.596734946397071872e+04
2.246095080179044453e+04 2.552290804081844544e+04 3.061957239028000913e+03 1.566766531812628038e+00 1.129849548735800159e-02 1.547300475430669030e+04
3.260009354850471209e+04 3.563035564758192777e+04 3.030262099077215680e+03 1.700222526698328851e+00 1.227543903829542149e-01 1.493311233222318879e+04
8.253266809198184637e+04 8.216584071558500000e+04 -3.668273763968463754e+02 1.774699896840656210e+00 3.120651564067791206e-01 1.485798480199769256e+04
