4.841733958457600551e+01 3.100353138289777053e+04 3.095511404331319500e+04 nan nan 3.091167662305662816e+04
1.820394507138777044e+03 2.179195565830298801e+04 1.997156115116421279e+04 7.509571916022496074e-01 -2.694704026007941830e-02 2.160509072067918169e+04
1.877365855689909722e+03 2.456033697854070124e+04 2.268297112285079129e+04 5.245184143873529159e-01 -1.177740140245055467e-01 2.413503931821180959e+04
4.690162005499323641e+03 1.957027659987331936e+04 1.488011459437399571e+04 1.038096288520488963e+00 -1.872073660434120101e-01 1.905835547793953810e+04
6.146252468095733093e+03 2.059850398453161324e+04 1.445225151643588106e+04 5.266343800322917934e-01 -8.300108655021044834e-02 1.966591906891973485e+04
8.898185091569961514e+03 1.873454495834940826e+04 9.836359866779446747e+03 8.457135599505050116e-01 -1.260253382749055018e-01 1.756580578073004654e+04
1.012722165029054668e+04 1.909004832576675108e+04 8.962826675476204400e+03 9.328520458225438849e-01 -1.005843077109172395e-01 1.718322006463685102e+04
1.308420872579809657e+04 1.938530889042337731e+04 6.301100164625280740e+03 1.223074152885936350e+00 -1.273625276824666419e-01 1.656868888618066194e+04
1.573516748418664611e+04 2.101846293582834551e+04 5.283295451641699401e+03 1.597285510663231323e+00 1.824563354481185604e-02 1.588429701304996343e+04
2.226837930817115557e+04 2.517414187907231099e+04 2.905762570901155414e+03 1.530499844503922624e+00 -4.951771660693995297e-02 1.533369946728053765e+04
3.134312831970952175e+04 3.412739156173175434e+04 2.784263242022232589e+03 1.784393263288925668e+00 2.491049418982620167e-02 1.499932313341827648e+04
7.088358400790972519e+04 7.051125003786251182e+04 -3.723339700472133700e+02 1.856898008407793066e+00 8.181401055193417149e-02 1.490272739080205793e+04
