4.917187071057155379e+01 3.100053140731318126e+04 3.095135953660260930e+04 nan nan 3.098153132598229422e+04
1.820377640655635332e+03 2.181352453190313099e+04 1.999314689124749566e+04 1.370547799895828867e+00 -1.421976819400037617e-01 2.167464952876441021e+04
1.895475105075562851e+03 2.457738442122533525e+04 2.268190931614977308e+04 6.429105531096067638e-01 -9.593780618087277556e-02 2.430110201638864601e+04
4.683247425669970653e+03 1.956437370956786253e+04 1.488112628389789097e+04 9.497797381036660047e-01 -1.968318126754288119e-02 1.920400716644030763e+04
6.137398300964006921e+03 2.065476002706644795e+04 1.451736172610244103e+04 5.239684146830628775e-01 -9.043026597526582222e-02 1.959506197049369439e+04
8.950914459499545046e+03 1.870967337906750254e+04 9.758758919567957491e+03 8.629170597836957057e-01 -1.719620613792725017e-01 1.755416212464343698e+04
1.009852542214741516e+04 1.907006713614115142e+04 8.971541713993736266e+03 1.282265274834155200e+00 -9.742955382256858476e-02 1.727638624344314667e+04
1.314240894927542104e+04 1.930373877272120808e+04 6.161329823445787042e+03 1.156566732537956055e+00 -1.664838869874108729e-01 1.656754443921066922e+04
1.500612378106500000e+04 2.083281467234305819e+04 5.826690891278058189e+03 1.373897541673504863e+00 -9.665253074600417549e-02 1.597637785226726737e+04
2.272870483436182258e+04 2.547300696380299269e+04 2.744302129441170109e+03 1.361551269953630294e+00 -5.396570943725981923e-02 1.546114910362303090e+04
3.199986264198045683e+04 3.490078293259047496e+04 2.900920290610018128e+03 1.717935847223859724e+00 2.137116627170765337e-01 1.511349720840275222e+04
6.919760174661304336e+04 6.917759538868007076e+04 -2.000635793297260534e+01 2.000946653479453108e+00 6.471242447888055083e-02 1.478501148465624829e+04
