4.565507447089795789e+01 3.099708991352153680e+04 3.095143483905063840e+04 nan nan 3.080867112207813261e+04
1.819107084749771275e+03 2.179190170878557910e+04 1.997279462403580692e+04 4.592833750158867301e-01 -1.157937778216697015e-02 2.173473033553886125e+04
1.882480880141713442e+03 2.456370560477637628e+04 2.268122472463466329e+04 7.556958947712199004e-01 -1.813981569411010630e-02 2.418641115226740294e+04
4.674026030987889499e+03 1.958857395247502427e+04 1.491454792148713386e+04 1.078195908577318951e+00 -1.101850214578450754e-01 1.906760999944014111e+04
6.109448491206211656e+03 2.061348508204614336e+04 1.450403659083993261e+04 7.135598751382316030e-01 -1.665019712089940984e-01 1.980355280276365738e+04
8.934794684353904813e+03 1.875202074649755741e+04 9.817226062143652598e+03 9.573162247876129127e-01 -1.765966530680495028e-01 1.734609838234589188e+04
1.010343131800537412e+04 1.904832718588323769e+04 8.944895867877863566e+03 8.793075747913420281e-01 -1.384384480087040570e-01 1.741670439161448303e+04
1.311477350765000301e+04 1.938875410267811822e+04 6.273980595028115204e+03 1.280477056992704421e+00 -9.704422510868797314e-02 1.622666655176054701e+04
1.510756834166721637e+04 2.086095502680337813e+04 5.753386685136161759e+03 1.694165149400117976e+00 1.050250828578084827e-01 1.600042127422439808e+04
2.171910763034754200e+04 2.490971324370966249e+04 3.190605613362120494e+03 1.457283810316554629e+00 6.840111166120459163e-02 1.552765439696799149e+04
3.429649957571368577e+04 3.687484466590650845e+04 2.578345090192822681e+03 1.695118650603930854e+00 1.214611999872623888e-01 1.509924474516876398e+04
8.014378648194546986e+04 7.990010666723127360e+04 -2.436798147141962545e+02 1.689756226934557182e+00 3.363322022343195328e-01 1.481126626732099430e+04
