4.594722587551742521e+01 3.099996066616129247e+04 3.095401344028577660e+04 nan nan 3.104006414965584918e+04
1.832188672035036916e+03 2.182671254018364561e+04 1.999452386814860802e+04 5.684642206670932341e-01 -8.105150500745365860e-02 2.141417956292769668e+04
1.879954589630210648e+03 2.457641046216070754e+04 2.269645587253049598e+04 7.239858795790050650e-01 -1.909395547570220397e-01 2.434214874300563315e+04
4.646329014017956979e+03 1.963547142043159329e+04 1.498914240641363722e+04 9.486632346399891391e-01 -2.397929357943766604e-01 1.908043674521823050e+04
6.099743371052438306e+03 2.061390719377896312e+04 1.451416382272652481e+04 6.227279834588045349e-01 -1.220729740656824741e-01 1.960176179955405678e+04
9.016903989671151066e+03 1.872450695660691781e+04 9.707602966935766744e+03 1.033369673959775303e+00 -2.201307944740616696e-01 1.764837652863961193e+04
1.009918987782264412e+04 1.907161510205256855e+04 8.972425224229924424e+03 1.179720000556578663e+00 -7.987556865767850289e-02 1.717091475064252882e+04
1.315002737908504787e+04 1.939180458293344782e+04 6.241777203848399949e+03 1.402334009960586769e+00 -1.763593476101200375e-01 1.634626426081826685e+04
1.529150700182725996e+04 2.083581669896331732e+04 5.544309697136057366e+03 1.585997489671274296e+00 -3.754948100596050553e-02 1.601042289445737333e+04
2.183607899681895651e+04 2.498603331023806822e+04 3.149954313419111713e+03 1.653941715877423446e+00 1.453459419575986282e-02 1.534855757677015572e+04
3.308942893449940311e+04 3.615911877385464322e+04 3.069689839355240110e+03 1.771293668459019477e+00 9.212582433717152186e-02 1.516171535217601740e+04
7.579592600853728072e+04 7.599038701570955163e+04 1.944610071722709108e+02 1.675358929895096383e+00 3.537325986765877950e-01 1.463580501118521170e+04
