4.480457729956600588e+01 3.101300839796024957e+04 3.096820382066068487e+04 nan nan 3.095256969196005230e+04
1.822285192127125356e+03 2.180587334515073962e+04 1.998358815302361472e+04 1.684024522115661782e+00 -1.233321343272193032e-01 2.167100992977708665e+04
1.887086768827947708e+03 2.458700858684103150e+04 2.269992181801308470e+04 6.820924717476587462e-01 -1.435043115722608176e-01 2.410537555528715166e+04
4.684946937366669772e+03 1.957927680108827190e+04 1.489432986372160303e+04 1.138287288869772373e+00 -1.178465939062127293e-01 1.906738901563001127e+04
6.165302867505826725e+03 2.059095969519106802e+04 1.442565682768524130e+04 5.881353266353622766e-01 -1.545941323649630827e-01 1.964854940405737580e+04
8.837906872027231657e+03 1.877423972209392377e+04 9.936332850066692117e+03 9.771816473884475940e-01 -1.183487603357659262e-01 1.739637024106533136e+04
1.017505495108184914e+04 1.914602248364346451e+04 8.970967532561615371e+03 9.845476338471347288e-01 -2.749843172811479719e-01 1.707881945868080220e+04
1.319519453246287048e+04 1.937817999130414682e+04 6.182985458841276341e+03 1.294062032553923380e+00 -2.104964077375247322e-01 1.625734027174135372e+04
1.503151731909815862e+04 2.094649050930368685e+04 5.914973190205528226e+03 1.491238416545151324e+00 -4.153459937721303702e-02 1.607913313780447425e+04
2.198160343124263818e+04 2.535254745229408945e+04 3.370944021051451273e+03 1.615930647299910206e+00 -3.178510832599163588e-02 1.551709372302765951e+04
3.200397216084126558e+04 3.513419544242994016e+04 3.130223281588674581e+03 1.693972749124504240e+00 1.286665949669669462e-01 1.510395998058196710e+04
7.387118223313431372e+04 7.398209747700969456e+04 1.109152438753808383e+02 2.019931259317013339e+00 2.396195123810936634e-01 1.481873243157611432e+04
