4.830748773927722084e+01 3.100273998207635668e+04 3.095443249433708115e+04 nan nan 3.110037342919161165e+04
1.813880664208354801e+03 2.180841874620813178e+04 1.999453808199977721e+04 5.123083862299421254e-01 -1.856172128567810942e-02 2.152651951987385837e+04
1.902734985724041053e+03 2.457027858187320817e+04 2.266754359614916757e+04 6.481726821477590272e-01 -1.920763546802254085e-01 2.410790275824920536e+04
4.647774109442248118e+03 1.962053937942835546e+04 1.497276526998610643e+04 9.766873504354801616e-01 -1.685386169170456638e-01 1.913989781184213280e+04
6.100784415882971189e+03 2.060910955946107060e+04 1.450832514357809850e+04 8.603934053868580456e-01 -3.749798108607797081e-02 1.967520745381990491e+04
8.907903902176527481e+03 1.878992380567083455e+04 9.882019903494307073e+03 9.455421100239257415e-01 -1.079634819252706657e-01 1.744985851038204055e+04
1.005638990428245779e+04 1.907485002665359934e+04 9.018460122371141551e+03 9.199232086437891809e-01 -1.804523568711859649e-01 1.721871765364751627e+04
1.302941203480673721e+04 1.933882308402466515e+04 6.309411049217927939e+03 1.170701046806739809e+00 -4.226364236376883854e-02 1.626764646067669673e+04
1.560408076475010421e+04 2.101340357868499268e+04 5.409322813934888472e+03 1.504073959813981842e+00 6.920388542734891291e-02 1.595463794141216022e+04
2.209461824764351695e+04 2.517774829944175508e+04 3.083130051798238128e+03 1.620998208208886071e+00 -4.148678447654031293e-02 1.542550354563478322e+04
3.248856581179222485e+04 3.577360603530270600e+04 3.285040223510481155e+03 1.598580936117356410e+00 4.396142258971164757e-02 1.509120365403665892e+04
6.997602425791339192e+04 7.011637066140622483e+04 1.403464034928329056e+02 1.998392605463699567e+00 7.241342976317843849e-02 1.486427306907394814e+04
