4.884530482728630574e+01 3.101495947055879878e+04 3.096611416573151291e+04 nan nan 3.102340350270343697e+04
1.822011784172600528e+03 2.179579508116767465e+04 1.997378329699507594e+04 7.909223170650939716e-01 -1.529012209164961993e-02 2.163492737398269310e+04
1.893492211618386364e+03 2.457028301743117845e+04 2.267679080581279050e+04 4.638492145482087659e-01 -1.777419896368566399e-01 2.400699456304388514e+04
4.655714645971122081e+03 1.960785908324649063e+04 1.495214443727536855e+04 1.074981570116628093e+00 -1.394245225906613761e-01 1.908666934251856947e+04
6.141530471412662337e+03 2.056759583082187237e+04 1.442606535940921094e+04 4.749762443663076428e-01 -1.972479840359494252e-01 1.972091393928818070e+04
8.831465313749926281e+03 1.877224373060219659e+04 9.940778416852270311e+03 8.797983790162451356e-01 -2.157354192921490388e-01 1.737383180788839309e+04
1.024436577247700370e+04 1.906273069465673689e+04 8.818364922179733185e+03 1.158638626398494464e+00 -2.128514834742365469e-01 1.728590703901540473e+04
1.312492556670869453e+04 1.935679476212762529e+04 6.231869195418930758e+03 1.276157668631536568e+00 -4.969258531873982365e-02 1.647563154372739154e+04
1.554876524750665158e+04 2.098164484422068199e+04 5.432879596714030413e+03 1.322497257987496733e+00 1.479374958480964841e-01 1.592997107156158199e+04
2.262912019227580822e+04 2.556257433697416127e+04 2.933454144698353048e+03 1.688072400995736189e+00 -5.405009357734486680e-02 1.547598205481475088e+04
3.395399380876689247e+04 3.653606574538494897e+04 2.582071936618056498e+03 1.999028029578475474e+00 1.980200612746046696e-01 1.529948937110361294e+04
7.232427578971404000e+04 7.304301564581462299e+04 7.187398561005829833e+02 1.756206201933302014e+00 1.826024372354856651e-01 1.478107945836675572e+04
