4.505237969993109459e+01 3.099906160269810425e+04 3.095400922299817466e+04 nan nan 3.090756247651695958e+04
1.825817619023149746e+03 2.180090959154435404e+04 1.997509197252120430e+04 4.856653173149994562e-01 -2.510498246596896132e-01 2.156574791589555025e+04
1.902193708495724195e+03 2.452328987849122859e+04 2.262109616999550417e+04 8.140088468313120273e-01 -8.455564314053805319e-02 2.433961971038675983e+04
4.644589636594849253e+03 1.963571096783606845e+04 1.499112133124121829e+04 9.602698734333975361e-01 -1.783720980073980888e-01 1.903003219315552633e+04
6.182723545930490218e+03 2.054366909946407395e+04 1.436094555353358373e+04 5.518948277134283487e-01 -4.201348569263185784e-02 1.964114750485000332e+04
8.991936179715119579e+03 1.866743003978185516e+04 9.675493860066735579e+03 8.034067554846776593e-01 -2.345622995618937556e-01 1.758940064483491733e+04
1.008307194599366085e+04 1.908259707884395175e+04 8.999525132850290902e+03 8.857123235525166116e-01 -3.455749935104027171e-02 1.717372664055015048e+04
1.310114213636702516e+04 1.940463619347806889e+04 6.303494057111043730e+03 1.444108169918851159e+00 -1.243056953853219487e-01 1.629549124932929772e+04
1.527000595158643409e+04 2.079482199240864793e+04 5.524816040822213836e+03 1.332470064122289299e+00 -6.932881272048242727e-02 1.592387336033840438e+04
2.216492563677475118e+04 2.519191524956076682e+04 3.026989612786015641e+03 1.367091800353565922e+00 1.456333296636262188e-02 1.532646031458261677e+04
3.213758975154830841e+04 3.486397745820768614e+04 2.726387706659377727e+03 1.748837070488212575e+00 1.317719637374500374e-01 1.500197398639227504e+04
7.699073761742100760e+04 7.675793542780059215e+04 -2.328021896204154473e+02 2.191796280194493907e+00 2.607823643592202534e-01 1.470027955833708256e+04
