4.176049934852839840e+01 3.102261617090272193e+04 3.098085567155419267e+04 nan nan 3.087856959211367212e+04
1.840655787412492145e+03 2.177225916477925784e+04 1.993160337736676593e+04 4.572053650138332426e-01 7.377300423522219208e-02 2.161089755349665938e+04
1.885041642731350976e+03 2.456547823700509252e+04 2.268043659427374223e+04 7.217028656071637904e-01 3.421518847799481094e-02 2.407023447746502643e+04
4.656113259606676365e+03 1.960660933635366746e+04 1.495049607674699109e+04 1.066482723879278005e+00 -8.599597207172686442e-02 1.902838205113090953e+04
6.099882448165571986e+03 2.063075520541598962e+04 1.453087275725041764e+04 7.183101388272158383e-01 -1.013273403840586062e-01 1.960884020793463060e+04
8.911430072893048418e+03 1.871164085753990366e+04 9.800210784646855245e+03 8.604717242540570465e-01 -1.765035473957096146e-01 1.770335634783211935e+04
1.020404400389580223e+04 1.903494915397620207e+04 8.830905150080399835e+03 1.252726358023745545e+00 -7.987674480225358253e-02 1.718102845910760152e+04
1.310674715734861456e+04 1.931593013933485418e+04 6.209182981986239611e+03 1.126609661753298353e+00 -1.098867422502796676e-01 1.649181786238509085e+04
1.525097965458536964e+04 2.090160039078260888e+04 5.650620736197239239e+03 1.412215957125233068e+00 -2.512629775126263773e-02 1.590504652093953155e+04
2.285544840808533991e+04 2.562363280055397627e+04 2.768184392468636361e+03 1.809967930039369621e+00 1.762431134382021203e-02 1.551830861250989801e+04
3.227556071713017445e+04 3.519923809276003885e+04 2.923677375629864400e+03 2.032423968949804038e+00 1.634998417155656691e-01 1.525498595276651395e+04
7.071145651576670934e+04 7.117791215969600307e+04 4.664556439292937284e+02 2.065795553090865155e+00 2.059188578278710879e-01 1.478386872191051771e+04
