4.640453299680860511e+01 3.100380657126969891e+04 3.095740203827288860e+04 nan nan 3.099893518645088625e+04
1.814072856932478544e+03 2.181542319048149147e+04 2.000135033354901316e+04 1.143250905492009473e+00 -1.285023040826018814e-01 2.170065744779054148e+04
1.895351647212651415e+03 2.457578411932163726e+04 2.268043247210898699e+04 8.854996979094331699e-01 -1.454976535684539274e-01 2.418074025217596500e+04
4.616032643487696078e+03 1.966301535138449981e+04 1.504698270789680464e+04 9.648593488241767879e-01 -1.072564991894570524e-01 1.913572091259728040e+04
6.119310964086810600e+03 2.059656332236207891e+04 1.447725235827526922e+04 5.924304320171560612e-01 -9.068290496362040043e-02 1.975635045092018845e+04
8.830279572193503554e+03 1.875350658723676315e+04 9.923227015043259598e+03 7.975568120931980642e-01 -1.132923350658083805e-01 1.759487306177999926e+04
1.016403773981749146e+04 1.906410075490806412e+04 8.900063015090572662e+03 8.188038402236627045e-01 -2.291612494032496949e-01 1.722657333825895330e+04
1.303075008717419223e+04 1.930357431502431064e+04 6.272824227850118405e+03 1.273096760773264613e+00 -1.752199930188622634e-01 1.643388041894070193e+04
1.553928664491657219e+04 2.086398870504231309e+04 5.324702060125740900e+03 1.291891687746537842e+00 1.273552268047327685e-01 1.598686584888396828e+04
2.224460661109901048e+04 2.516930616466622814e+04 2.924699553567217663e+03 1.509157049608451873e+00 1.061266239614640644e-01 1.549987278522002634e+04
3.219234199029588490e+04 3.511457497981256165e+04 2.922232989516676753e+03 2.113830143242049875e+00 1.109407751169847883e-01 1.512387517206251141e+04
6.789884307958690624e+04 6.850816288760909811e+04 6.093198080221918644e+02 1.860673663988655413e+00 1.825401364931296122e-01 1.499085508964819746e+04
