4.551704268911510809e+01 3.100994195373436378e+04 3.096442491104524743e+04 nan nan 3.082861131077743266e+04
1.827471024255823295e+03 2.175170520014409340e+04 1.992423417588826851e+04 4.846251285360398953e-01 -1.018365742644717908e-01 2.173888253865774095e+04
1.880237830300300175e+03 2.458973404539214607e+04 2.270949621509184726e+04 1.010014553850736574e+00 -2.008438461484199633e-01 2.412051765587245245e+04
4.638899447182777294e+03 1.963102878813361531e+04 1.499212934095083801e+04 1.035048144977053441e+00 -3.628811630919050180e-02 1.898802944584874422e+04
6.147832838428722425e+03 2.056943341728474479e+04 1.442160057885602146e+04 5.045848444332747817e-01 -8.644030590752581344e-02 1.970712273295886553e+04
8.883395650741116697e+03 1.874956790851078040e+04 9.866172257769663702e+03 8.406003849076544299e-01 -1.227571078627406470e-01 1.748517282971033273e+04
1.014733922046558109e+04 1.906224460646122679e+04 8.914905385995645702e+03 8.550005736815267099e-01 -4.033568139447117618e-02 1.723090780931355403e+04
1.309693466293841630e+04 1.935757843602752109e+04 6.260643773089104798e+03 1.307576400068061195e+00 -2.213076396386841616e-01 1.627295632978747199e+04
1.546965076515685178e+04 2.088456148629293239e+04 5.414910721136080610e+03 1.190216190707639621e+00 -1.466674589250334393e-01 1.599527484075698703e+04
2.238537712942356302e+04 2.560159396790830942e+04 3.216216838484746404e+03 1.476740601472657843e+00 6.938490929594777479e-02 1.532262461586499194e+04
3.231779124380201029e+04 3.516316601997875114e+04 2.845374776176740852e+03 1.834246181697264388e+00 -6.157656683974719464e-02 1.509881574354444092e+04
7.261547867735246837e+04 7.290624516381758440e+04 2.907664864651160315e+02 1.801553291845722882e+00 2.009565201890766151e-01 1.493683991760499885e+04
