4.286847911802654210e+01 3.100645345930145413e+04 3.096358498018342652e+04 nan nan 3.092672991960532090e+04
1.806273548950949589e+03 2.180157887666995885e+04 1.999530532771900835e+04 4.438107891205739786e-01 -8.308818326538409960e-02 2.155829940512236135e+04
1.887175143638412464e+03 2.455209768218365571e+04 2.266492253854524461e+04 1.208135604677318176e+00 -1.933439361362124520e-01 2.428455193343123028e+04
4.638704189392956323e+03 1.961963654018612215e+04 1.498093235079316582e+04 1.035960466306276251e+00 -5.456270016620246022e-02 1.917653608615214034e+04
6.149342422726422228e+03 2.056198358288847521e+04 1.441264116016205298e+04 5.909338546667687320e-01 -1.276458435921881129e-01 1.952412634362309473e+04
8.952989593008522206e+03 1.875825956893903640e+04 9.805269975930514192e+03 8.236099265197119879e-01 -1.911786675715485273e-01 1.749822667675657431e+04
1.012038654501874589e+04 1.904685674587343237e+04 8.926470200854686482e+03 1.427229330877875624e+00 -1.663746604908580562e-01 1.743309091823461131e+04
1.296560725212206671e+04 1.933305519331068717e+04 6.367447941188620462e+03 1.159390766865584066e+00 -2.251468136600793535e-01 1.640372316996069276e+04
1.540979898155654155e+04 2.098067166736954459e+04 5.570872685813003045e+03 1.386512503698243082e+00 -4.936473566201494273e-02 1.582851485915747617e+04
2.290364007239194325e+04 2.571179443876190635e+04 2.808154366369963100e+03 1.278559421802673901e+00 7.517345444825701550e-02 1.542668415134328643e+04
3.301555042586816853e+04 3.573781153146517318e+04 2.722261105597004644e+03 1.779940718903895602e+00 1.298303676246569394e-01 1.510647775659296894e+04
8.039080362878755841e+04 8.058007323649442696e+04 1.892696077068685554e+02 1.788945789433870059e+00 1.584446516161378549e-01 1.486365718079835096e+04
