4.705077458795086898e+01 3.100787748669728535e+04 3.096082671210933404e+04 nan nan 3.115780891524878098e+04
1.824720711126897640e+03 2.177562803635279124e+04 1.995090732522589315e+04 4.042379103165829601e-01 -6.938519045756071091e-02 2.156880391981315552e+04
1.897869250335980496e+03 2.456954468939259823e+04 2.267167543905661660e+04 8.217487350878815988e-01 -1.284395048554929364e-01 2.414285189991034349e+04
4.682067368479900324e+03 1.957762422097536182e+04 1.489555685249546150e+04 1.030158012373296961e+00 -1.171041003807243436e-01 1.915153047575151868e+04
6.112796061423557148e+03 2.058532186786802413e+04 1.447252580644446789e+04 5.206294235082854494e-01 -1.379626651362402534e-01 1.969026141994690261e+04
8.927564080382766406e+03 1.873972516881502452e+04 9.812161088432258111e+03 8.644833787746870613e-01 -4.894838212128201776e-02 1.743304615001252387e+04
1.015185016773457755e+04 1.910310793645124431e+04 8.951257768716666760e+03 9.018027006980764426e-01 -1.147190766131283984e-01 1.729772196885427911e+04
1.309467525888248019e+04 1.932809972346037466e+04 6.233424464577894469e+03 1.211301067011114618e+00 1.715256969368637169e-02 1.634992741078415565e+04
1.552193725988726146e+04 2.090567714104174229e+04 5.383739881154480827e+03 1.562700146001299251e+00 -6.102900688656748285e-02 1.608091459727459733e+04
2.266129403624077531e+04 2.556087232429059441e+04 2.899578288049819093e+03 1.700803969227570045e+00 5.051901013410507041e-02 1.536576413846811920e+04
3.189799730025845565e+04 3.516537288921837171e+04 3.267375588959916058e+03 1.688800892118243580e+00 5.103641696471267891e-02 1.512186093733343478e+04
8.032314901484402071e+04 8.033402727889225935e+04 1.087826404823863413e+01 1.988939159197711914e+00 1.297890554544643138e-01 1.484571717185272973e+04
