4.556293095198186194e+01 3.100304809506331003e+04 3.095748516411132732e+04 nan nan 3.105642406571448009e+04
1.819389567841169082e+03 2.179771190515743729e+04 1.997832233731626911e+04 5.181121164112054700e-01 -2.145027037622916077e-01 2.176743004567610478e+04
1.884522126953953148e+03 2.457469537243613740e+04 2.269017324548218312e+04 8.045613832655922337e-01 -8.975182783217416915e-02 2.403297693031589006e+04
4.692149901792408855e+03 1.957055436721185470e+04 1.487840446541944584e+04 9.983339009492273597e-01 -2.195274771433533001e-01 1.910250874878909599e+04
6.160912438948798808e+03 2.056843921793492336e+04 1.440752677898612455e+04 6.249064054002063662e-01 -3.994952299487124908e-02 1.966105578747296386e+04
8.835131176945809784e+03 1.870515223026872263e+04 9.870021053322912849e+03 8.724624827023360618e-01 -1.520266773262213267e-01 1.764469126356322158e+04
1.001691224505762875e+04 1.913139911125187791e+04 9.114486866194249160e+03 1.114256342002518219e+00 -1.373454891440434034e-01 1.723345242021235754e+04
1.335758313253793312e+04 1.941486416953290973e+04 6.057281036994976603e+03 1.294572573973879592e+00 -1.592831615517063815e-01 1.621462908171310301e+04
1.529084720134328018e+04 2.084620015041395891e+04 5.555352949070678733e+03 1.895673457174283483e+00 -9.156326875637735285e-03 1.585736803295105346e+04
2.244441550530426684e+04 2.545125710455276203e+04 3.006841599248495186e+03 1.878932255638693816e+00 -3.906098366937553468e-02 1.538319637901860551e+04
3.163639903228979165e+04 3.463531225495418039e+04 2.998913222664388741e+03 1.812924797271376898e+00 1.067947793541961649e-01 1.514126057234561449e+04
7.681833561987445864e+04 7.689833963402634254e+04 8.000401415188389365e+01 1.961937147271253901e+00 1.544964327449495911e-01 1.477119091526541888e+04
