4.792398989622441263e+01 3.100849808797990408e+04 3.096057409808367811e+04 nan nan 3.113306863245455679e+04
1.828849601232227769e+03 2.179750116643187357e+04 1.996865156519964512e+04 6.750255475374968839e-01 -1.630480645345251389e-01 2.159849785840481854e+04
1.900131155708075539e+03 2.453992465416540290e+04 2.263979349845732577e+04 6.893123981145002910e-01 -2.106591354077024247e-01 2.420342477261007298e+04
4.691394153778300279e+03 1.956916415314347250e+04 1.487776999936517313e+04 9.316536549225524766e-01 -1.222646365885002445e-01 1.907767397880253338e+04
6.105135046335751213e+03 2.061243241635967934e+04 1.450729737002392721e+04 6.729640528802799393e-01 -1.637944468927025055e-01 1.964806742877557554e+04
8.806605742655479844e+03 1.877126263629605819e+04 9.964656893640578346e+03 9.744208472199914484e-01 -1.442050553300435745e-01 1.748586005056972863e+04
1.011292188539736162e+04 1.905627820563423666e+04 8.943356320236875035e+03 1.016690559383265358e+00 -1.949476679923021483e-01 1.728026523567904587e+04
1.296378367743328272e+04 1.930230837412671826e+04 6.338524696693435544e+03 1.345088991390544164e+00 -2.228039155666478865e-01 1.649476870385074290e+04
1.524595280405094854e+04 2.092297687114329892e+04 5.677024067092350379e+03 1.189717360606509677e+00 -4.713199214039504037e-02 1.601253861374518783e+04
2.236563877508105725e+04 2.535315165395428994e+04 2.987512878873232694e+03 1.842947501583463099e+00 -9.843779720262336996e-02 1.539283426314493227e+04
3.193046052335882632e+04 3.517985924249169329e+04 3.249398719132866972e+03 2.151034495551259251e+00 8.257645709703854975e-02 1.513777295537650571e+04
7.640186231989346561e+04 7.683514048675689264e+04 4.332781668634270318e+02 1.906300915410123809e+00 4.207082620470435352e-01 1.481413523806629019e+04
