5.139948859260790925e+01 3.102594584188027511e+04 3.097454635328766744e+04 nan nan 3.088506745108484392e+04
1.807302971524056602e+03 2.187455369089294254e+04 2.006725071936888708e+04 4.598187100913351255e-01 -1.110730200061598727e-01 2.152697666432080950e+04
1.885804738155850828e+03 2.459008831881315200e+04 2.270428358065730208e+04 6.607450331282481715e-01 -4.654905904124686383e-02 2.413053536584255198e+04
4.684320405764556199e+03 1.956556146327888564e+04 1.488124105751432944e+04 1.036881955150012802e+00 -2.545872153268085580e-01 1.909924629708537395e+04
6.184996528645354374e+03 2.057446583129388819e+04 1.438946930264853290e+04 4.130141477248217563e-01 -1.380186894024864885e-01 1.970224655934100883e+04
8.881931834138540580e+03 1.876888445432898880e+04 9.886952620190448215e+03 8.085803817870611532e-01 -2.040565041045772077e-01 1.753643519521197595e+04
1.005721605196551172e+04 1.913370640096746502e+04 9.076490349001953291e+03 1.160252043038154879e+00 -1.040099756490728139e-01 1.738493644101528844e+04
1.324458071698495405e+04 1.938798138063073566e+04 6.143400663645781606e+03 1.223030696008005958e+00 -4.579424152863246361e-02 1.627123062718751316e+04
1.523017238456163977e+04 2.084257404171755843e+04 5.612401657155918656e+03 1.631541907917166467e+00 7.216699445754547193e-02 1.596869159192328880e+04
2.253272057765686259e+04 2.538154843479126794e+04 2.848827857134405349e+03 1.794254896884898143e+00 7.966811909800471103e-02 1.546094775306434894e+04
3.289541636194069724e+04 3.585734106392785907e+04 2.961924701987161825e+03 1.798953584447146037e+00 1.796719734197534946e-01 1.517480885850232335e+04
7.684696885279068374e+04 7.712365179241195437e+04 2.766829396212706342e+02 2.178243940257903244e+00 2.564381168163620828e-01 1.492736743965168534e+04
