4.649898460516889287e+01 3.102383551740969779e+04 3.097733653280452927e+04 nan nan 3.081797115057436531e+04
1.815504287931512636e+03 2.181423129995561976e+04 1.999872701202410826e+04 4.963387674483224488e-01 7.573421604226805715e-02 2.167976044759412252e+04
1.877393220381175524e+03 2.458339900293199025e+04 2.270600578255081564e+04 5.989974954671596352e-01 -9.903386700940165766e-02 2.418106102480008121e+04
4.657042228528343003e+03 1.959848604035953394e+04 1.494144381183119185e+04 1.022776416583243586e+00 -5.234517094065724296e-02 1.902337549109065367e+04
6.107680403085802936e+03 2.061089978106623312e+04 1.450321937798042927e+04 4.894436181080575321e-01 -1.366939035334897024e-01 1.972836716712704583e+04
8.798345693022096384e+03 1.878040007454848819e+04 9.982054381526391808e+03 7.774905393719522273e-01 -2.572263097821017030e-01 1.755306421465958920e+04
1.004772848263437481e+04 1.909953323647048819e+04 9.051804753836113377e+03 7.923542766850770747e-01 -1.597032142872487903e-01 1.721928318392140500e+04
1.310142682687676461e+04 1.933148845996784803e+04 6.230061633091083422e+03 1.179881209810372145e+00 -4.066650702198292000e-02 1.623267753244983396e+04
1.541147416492168122e+04 2.089096294923664391e+04 5.479488784314962686e+03 1.296369893732291390e+00 1.613701038292878268e-02 1.598805237203184515e+04
2.184815322107661996e+04 2.516209363315992960e+04 3.313940412083309639e+03 1.880552289980872871e+00 1.871112702644530668e-01 1.552961486985066767e+04
3.142815628880939403e+04 3.434454815498251992e+04 2.916391866173125891e+03 1.733200269639768365e+00 4.850130120432374209e-02 1.511134906161246909e+04
7.546049943276534032e+04 7.553394050417748804e+04 7.344107141214772128e+01 2.270089664033065890e+00 1.719413319921958283e-01 1.476629152694143704e+04
