5.157621763065110088e+01 3.100516205648624600e+04 3.095358583885559347e+04 nan nan 3.091900278635967697e+04
1.821669978604223161e+03 2.180806198295922877e+04 1.998639200435500607e+04 7.090668280417538050e-01 -2.458203545697465464e-02 2.156265843266506636e+04
1.885121781867958362e+03 2.457901388644177496e+04 2.269389210457381705e+04 7.392833831272230816e-01 -1.657060141911783635e-01 2.406134314637737407e+04
4.677698930565276896e+03 1.957789678446579637e+04 1.490019785390051948e+04 9.554364879720425030e-01 -2.038809180994088643e-01 1.913957887876214591e+04
6.165494595237759313e+03 2.058394289378371832e+04 1.441844829854595810e+04 7.044002445878496665e-01 -1.174334054917296477e-01 1.965630964304215377e+04
8.975596867920676232e+03 1.873745558938264003e+04 9.761858721461963796e+03 1.044764702451795868e+00 -8.270612042184137536e-02 1.736810084982404078e+04
1.000429508847517718e+04 1.907995837858306550e+04 9.075663290107888315e+03 9.381077170468339332e-01 -1.709658416108064127e-01 1.717043941347831060e+04
1.298417353032371830e+04 1.934910120655043283e+04 6.364927676226714539e+03 1.188320025066355923e+00 1.823461028421335603e-02 1.628334094846574953e+04
1.529471354818371583e+04 2.086912860941783947e+04 5.574415061234123641e+03 1.659946646465771281e+00 -8.895437973689650224e-02 1.604807126815916126e+04
2.255107760660323402e+04 2.555521527327411241e+04 3.004137666670878389e+03 1.343512696099336212e+00 5.608668787559809715e-02 1.557964978350846832e+04
3.157750878688756347e+04 3.484173737066132162e+04 3.264228583773758146e+03 1.821223642275465293e+00 1.247963614053193698e-01 1.503290129074585820e+04
7.385087548645102652e+04 7.455577565636560030e+04 7.049001699145737803e+02 2.255986813873129826e+00 1.456647344414823408e-01 1.475428259744813840e+04
