4.612758915749202515e+01 3.101402007469435557e+04 3.096789248553686411e+04 nan nan 3.080004312329076856e+04
1.832777400186395425e+03 2.177401113338007053e+04 1.994123373319367602e+04 5.926945225367853398e-01 -1.294304449221947428e-02 2.175936743610600752e+04
1.874496881310967183e+03 2.461026893143712005e+04 2.273577205012615377e+04 8.837303593240791733e-01 -1.268977088751156168e-01 2.414965469956070228e+04
4.670742569856151931e+03 1.960226425222118633e+04 1.493152168236503348e+04 1.083952310918639972e+00 -2.130610839415733870e-01 1.918668929972388287e+04
6.150834798582191979e+03 2.060877234203302214e+04 1.445793754345082925e+04 5.618713903598154813e-01 -4.382095036721329190e-02 1.960213246140443880e+04
8.904450587648090732e+03 1.876113628798825812e+04 9.856685700340167386e+03 8.818547054401916219e-01 -1.975985235296845721e-01 1.742760936282343755e+04
1.009180362096195859e+04 1.908231691882035739e+04 8.990513297858398801e+03 9.800177135527405881e-01 -2.071980504430901704e-01 1.721286683538449506e+04
1.299875375919376165e+04 1.927889850465956988e+04 6.280144745465808228e+03 1.323945224437428569e+00 -1.034033636634777986e-01 1.631360474921809873e+04
1.511802280346626139e+04 2.084247350578728219e+04 5.724450702321020799e+03 1.236726603971687100e+00 -3.403039744965847407e-02 1.591818735263721101e+04
2.248457371341282851e+04 2.522816573194572993e+04 2.743592018532901420e+03 1.852322579555614412e+00 -1.008189431383980095e-01 1.539571170380409603e+04
3.208065564114214430e+04 3.513722855656038155e+04 3.056572915418237244e+03 2.027887856722202731e+00 9.381010169995725179e-02 1.526782934439720884e+04
6.516581380094245833e+04 6.555314313781417150e+04 3.873293368717131671e+02 1.723553818977281216e+00 1.040002675709167379e-01 1.467862713224789150e+04
