4.808153291084919800e+01 3.100670410127780633e+04 3.095862256836695815e+04 nan nan 3.090305575371190571e+04
1.805428275125801520e+03 2.184479737414274132e+04 2.003936909901694162e+04 5.613707158836782618e-01 -5.366699802310850170e-02 2.148943175215582960e+04
1.902042075001892044e+03 2.454209959107370378e+04 2.264005751607181082e+04 6.652580818150500841e-01 2.099311870586353934e-02 2.413572740394514040e+04
4.673860478000980038e+03 1.956743149002609425e+04 1.489357101202511330e+04 1.038453004963176829e+00 -1.193376669302897847e-01 1.909598998088337248e+04
6.071263788220575407e+03 2.067307241857854024e+04 1.460180863035796574e+04 4.378527961186004513e-01 -4.223946399744629016e-02 1.959948444546989413e+04
8.900319692877686975e+03 1.873537529879137946e+04 9.835055605913692489e+03 1.187708900815854340e+00 -1.435094994552080783e-01 1.764433503816907250e+04
1.004975530739273199e+04 1.907687894284153663e+04 9.027123635448804635e+03 9.765748332983235080e-01 -1.354344352987635614e-01 1.724246883492434063e+04
1.331873307301465502e+04 1.937255038638567930e+04 6.053817313371024284e+03 1.385878588506553877e+00 -7.860901874217295082e-02 1.628517935253335600e+04
1.508248058268346722e+04 2.081589220086347632e+04 5.733411618180009100e+03 1.438141188849659136e+00 8.023768952350483763e-02 1.589121480472273652e+04
2.272028108930922463e+04 2.572769586092928148e+04 3.007414771620056854e+03 1.862816595282972498e+00 1.298452758341583357e-01 1.542261945619468315e+04
3.327270976888383302e+04 3.608797362245326076e+04 2.815263853569427738e+03 1.717640658472873616e+00 1.177085115811426913e-01 1.528343848221847475e+04
7.115795774825157423e+04 7.158092200264164421e+04 4.229642543900699820e+02 1.824797054851019062e+00 1.198335600896269781e-01 1.485099584544816571e+04
