4.702685041612017613e+01 3.101100837191505707e+04 3.096398152149893576e+04 nan nan 3.087634969221772189e+04
1.806642298176057238e+03 2.184130785921799907e+04 2.003466556104194024e+04 6.093418375366447259e-01 -6.161839943281175597e-02 2.155200158587925762e+04
1.889932804628316035e+03 2.455374307558987130e+04 2.266381027096155594e+04 8.977534892139139577e-01 -1.463217771480781471e-01 2.434647212273071636e+04
4.677931858385107262e+03 1.958081955332434882e+04 1.490288769493924156e+04 9.206839438824611088e-01 -2.984529757058058119e-01 1.903417895892800516e+04
6.081874117250577910e+03 2.062221279325983051e+04 1.454033867600925259e+04 5.152182216531310255e-01 -3.841852018107844852e-02 1.959739849639969179e+04
8.782828524577447752e+03 1.871466373422688412e+04 9.931835209649436365e+03 9.853765188727617863e-01 -1.208965315430629711e-01 1.756974941872509589e+04
9.995377560377348345e+03 1.911456269217695808e+04 9.119185131799609735e+03 1.045367493082223431e+00 -5.817877956908332204e-02 1.720271553009272975e+04
1.322144817715897989e+04 1.933654988775691163e+04 6.115101710597931742e+03 1.259143667890054274e+00 7.042529113678290542e-02 1.646281295650629909e+04
1.505858663558873741e+04 2.072498343601807937e+04 5.666396800429341965e+03 1.256260512338741586e+00 -4.503119165323062750e-02 1.586564023543090661e+04
2.207109794681026688e+04 2.506644237857014014e+04 2.995344431759873260e+03 2.072617385685148861e+00 -4.306361492889886761e-03 1.543570938408734219e+04
3.150262267368413086e+04 3.458879532192653278e+04 3.086172648242401920e+03 2.122651826213292292e+00 6.273472872465929440e-02 1.519403926103175399e+04
7.585670876373510691e+04 7.578801849194821261e+04 -6.869027178689430002e+01 1.628168035394137902e+00 5.395629466067907581e-02 1.482411968005971721e+04
