4.975576207236117909e+01 3.100879545894455441e+04 3.095903969687219433e+04 nan nan 3.098874537201377098e+04
1.822992141554572527e+03 2.178613823243344814e+04 1.996314609087887584e+04 5.002345761902976529e-01 -6.535619170813500300e-02 2.153847335763141382e+04
1.874617624821557456e+03 2.460311439067660103e+04 2.272849676585504494e+04 5.743488808494208175e-01 -1.230403170368697535e-01 2.415362453551941144e+04
4.674248200003169586e+03 1.958321562546038331e+04 1.490896742545721281e+04 1.043936908944484987e+00 -1.061677510712341760e-01 1.910374480301955555e+04
6.142203057028084913e+03 2.058477411059051519e+04 1.444257105356243119e+04 5.639504447835036460e-01 -1.109798827917884562e-01 1.946555506664329732e+04
8.804026074183311721e+03 1.872992020666366443e+04 9.925894132480352710e+03 8.677229935663571814e-01 -1.166995661707311144e-01 1.747702070108093540e+04
9.946210049245382834e+03 1.913470590761733183e+04 9.188495858371948998e+03 7.945885800955050371e-01 -1.140159976725570595e-01 1.728655847011184960e+04
1.319249693376657342e+04 1.936852873475267916e+04 6.176031800986105736e+03 1.392767366901032533e+00 -1.919657531326622243e-02 1.628093345333326943e+04
1.545252472535811285e+04 2.091963692303310017e+04 5.467112197674987328e+03 1.473988164684976399e+00 -5.032743779209408741e-02 1.601673360538244197e+04
2.370158869450195925e+04 2.655167218171641798e+04 2.850083487214458728e+03 1.799330102757891625e+00 1.403296554065238955e-01 1.559701185371195425e+04
3.241632694196663942e+04 3.546356165435463481e+04 3.047234712387995387e+03 1.839513311646391536e+00 6.320031597694564240e-02 1.518859090040712363e+04
7.165712199423532002e+04 7.161057570724571997e+04 -4.654628698960004840e+01 1.748149671346833856e+00 8.417821286570091599e-02 1.483656464468619379e+04
