4.340847818600165198e+01 3.102584941295629687e+04 3.098244093477029674e+04 nan nan 3.065954154900519643e+04
1.814993963051419996e+03 2.180556354768430538e+04 1.999056958463288538e+04 9.963598144492334940e-01 -1.678517185133616418e-01 2.137084916834327669e+04
1.885730358488100592e+03 2.456457630514239645e+04 2.267884594665429540e+04 7.333630554485065511e-01 -2.133461532169462771e-01 2.413963530823701512e+04
4.639895644035587793e+03 1.961972877606031398e+04 1.497983313202472709e+04 1.069573308518360522e+00 -8.894778978926400070e-02 1.926007839992652953e+04
6.103906545535564874e+03 2.061334134320838348e+04 1.450943479767281860e+04 5.282898247859658669e-01 -2.702310970585883668e-02 1.970808969152593636e+04
8.848619941038932666e+03 1.879044088469874623e+04 9.941820943659813565e+03 9.200761410972168042e-01 -2.542982842581033576e-01 1.751709809308520926e+04
1.009744482804202562e+04 1.905528646794032102e+04 8.957841639898295398e+03 1.144964127441778112e+00 -1.041934761893716782e-01 1.739255296729086331e+04
1.312851933829231712e+04 1.933722314623916827e+04 6.208703807946851157e+03 1.242976705816765559e+00 -1.021128174986802445e-01 1.620708718934375429e+04
1.550687262316089982e+04 2.091577626205236083e+04 5.408903638891461014e+03 1.203643372756328045e+00 8.843142902486091084e-02 1.590976310957458918e+04
2.277595756044673544e+04 2.546746109708269069e+04 2.691503536635955243e+03 1.429218744490036608e+00 3.472386526854532446e-02 1.549375914052011285e+04
3.125444434090150025e+04 3.408822420914591930e+04 2.833779868244419049e+03 1.931103291898814689e+00 3.092517831608234194e-02 1.525885858804998134e+04
6.935978830679264502e+04 6.985873756630485877e+04 4.989492595122137573e+02 1.853857593119158986e+00 2.422920550582148558e-01 1.492854350776841784e+04
