4.994828146410213776e+01 3.100350877523898816e+04 3.095356049377488671e+04 nan nan 3.100127676562332999e+04
1.820642605842806006e+03 2.183239521908437382e+04 2.001175261324156600e+04 4.266371583804572931e-01 3.854341366133812868e-02 2.165610062593028124e+04
1.869821954925800355e+03 2.462523697795806947e+04 2.275541502303227026e+04 6.544175825503623090e-01 -6.939138275564475655e-02 2.404127023601073233e+04
4.680634949294669241e+03 1.960022650958401937e+04 1.491959156028935104e+04 1.006554025663528806e+00 -7.455144768649468734e-02 1.896540814261662308e+04
6.059791785877136135e+03 2.063367909818852058e+04 1.457388731231138445e+04 5.781240713061245318e-01 4.471889852733459958e-02 1.967549996484968869e+04
9.045573379779218158e+03 1.872424147287538653e+04 9.678668093096168377e+03 1.062936645544519054e+00 -2.317756157579614340e-01 1.748107243080690387e+04
1.015582480206221953e+04 1.906726758992567557e+04 8.911442787863456033e+03 1.129856542551226584e+00 -7.936111321162457599e-02 1.719434700116567183e+04
1.285676166667761208e+04 1.931594857199539183e+04 6.459186905317779747e+03 1.421674171988875246e+00 -3.708524390682943483e-02 1.647497025454735922e+04
1.541943108871066215e+04 2.091937254695048978e+04 5.499941458239827625e+03 1.429621782307026079e+00 -3.582213385477764356e-02 1.599485889206256979e+04
2.243139294269296443e+04 2.528445978516195464e+04 2.853066842468990217e+03 1.469853330073022768e+00 5.690470634849412179e-02 1.547362975571353127e+04
3.219334737506094461e+04 3.513028329433724866e+04 2.936935919276304048e+03 2.162716984152182942e+00 1.234610459129655419e-01 1.520519448372765328e+04
7.038537392317205376e+04 7.055421762042390765e+04 1.688436972518538823e+02 1.761243195812513429e+00 3.163037940700526574e-01 1.488297705365494767e+04
