4.671248327403188938e+01 3.101660655569759183e+04 3.096989407242356174e+04 nan nan 3.080968248989636777e+04
1.828714215744451622e+03 2.180413345307682539e+04 1.997541923733237491e+04 1.094526865974640994e+00 -8.280109170484974135e-02 2.152862946955732332e+04
1.871305126993296426e+03 2.459190055760787436e+04 2.272059543061457953e+04 5.587379526407342256e-01 -8.295397358148576261e-02 2.425426215644251715e+04
4.699104875924742373e+03 1.955816911841955152e+04 1.485906424249480915e+04 9.887823881939711290e-01 -1.702483907369306548e-01 1.916400485666297391e+04
6.098809890940305195e+03 2.062465834828814332e+04 1.452584845734783812e+04 5.959923309663418545e-01 -1.834630235711380841e-01 1.945854038976966694e+04
8.892945301218647728e+03 1.876864430182640353e+04 9.875699000607755806e+03 9.157572935345245080e-01 -1.653022067441389797e-01 1.753411806485929992e+04
1.009998477854945304e+04 1.906057738200104723e+04 8.960592603451594186e+03 9.966388384428040981e-01 -1.855265166104883290e-01 1.718414417011705154e+04
1.296578879256883556e+04 1.930215891972257305e+04 6.336370127153737485e+03 1.029632154636087593e+00 -1.356164209726115795e-03 1.641082718298417967e+04
1.527591435080398333e+04 2.078536447275420869e+04 5.509450121950225366e+03 1.621247434801024845e+00 -1.062134208858290796e-01 1.602477286532097605e+04
2.246304596125287208e+04 2.541715316077799071e+04 2.954107199525118631e+03 1.356525270645253078e+00 9.050684495886367198e-02 1.553874668508954528e+04
3.281761467024688318e+04 3.562003171690085583e+04 2.802417046653972648e+03 1.792791049051168706e+00 1.013783940569777525e-01 1.512046233017656050e+04
7.170198265681162593e+04 7.157720176091486064e+04 -1.247808958967652870e+02 1.831987558231979785e+00 2.196806412139576947e-01 1.473837971058119001e+04
