4.715570402751438195e+01 3.099673930487444159e+04 3.094958360084692686e+04 nan nan 3.082242861076607005e+04
1.820719620806823286e+03 2.180892050064452269e+04 1.998820087983769918e+04 1.749678463802146089e+00 -3.938645043084009617e-02 2.154951323260123172e+04
1.891148638538449404e+03 2.454452598261931780e+04 2.265337734408086908e+04 9.272767157706313101e-01 -1.200236928538264691e-01 2.444192092205090376e+04
4.675741553499411566e+03 1.958600551075399562e+04 1.491026395725458497e+04 9.803121130766158098e-01 4.138940282962515205e-02 1.916961924205105970e+04
6.091917476390915908e+03 2.062246981968993714e+04 1.453055234329902123e+04 6.982949908519451299e-01 -9.840712151040519051e-02 1.968091316119914700e+04
8.880567795062393998e+03 1.871923307909973664e+04 9.838665284037342644e+03 8.672072436575487542e-01 -8.314233070592245978e-02 1.746949687447642646e+04
1.014979907077853204e+04 1.907646058584853381e+04 8.926661515070001769e+03 9.937397504309778418e-01 -1.990403969791065819e-01 1.721066896555692074e+04
1.305118896537290857e+04 1.929810899609475382e+04 6.246920030721845251e+03 1.155070563628104008e+00 -1.047086589046809096e-01 1.624226873319531296e+04
1.513140249598504852e+04 2.081704301942952588e+04 5.685640523444477367e+03 1.190019824216424382e+00 -1.796902602801509971e-02 1.597100105542146048e+04
2.255274383332576690e+04 2.528458693394935472e+04 2.731843100623587816e+03 1.343560120588212614e+00 -3.094802661887964892e-02 1.550434614205634171e+04
3.266542977581536616e+04 3.581738896849548473e+04 3.151959192680118576e+03 1.766771463598696856e+00 1.280155928897094564e-01 1.535542467205904177e+04
7.684936710564441455e+04 7.620326166821282823e+04 -6.461054374315863242e+02 1.756135237468910537e+00 8.452142444741121696e-02 1.479653450950590923e+04
