4.291693594719023253e+01 3.101232692783699167e+04 3.096940999188980277e+04 nan nan 3.074691965141194305e+04
1.809200820732502507e+03 2.181648984015975293e+04 2.000728901942725133e+04 9.665261770604710589e-01 2.306442018964175236e-02 2.162487455911128927e+04
1.879944979717037313e+03 2.455678788618996623e+04 2.267684290647292801e+04 9.827104274931716121e-01 -2.294740026581558456e-02 2.429074160489629503e+04
4.672012196153857985e+03 1.956557568895861550e+04 1.489356349280475843e+04 9.631686152188011496e-01 -1.193206887256762355e-01 1.917618181381928298e+04
6.175328110047101291e+03 2.056305994851613650e+04 1.438773183846903521e+04 4.827388711019878209e-01 -7.178933932404295282e-02 1.982135300654706225e+04
8.849227753247416331e+03 1.873986859182181070e+04 9.890640838574394365e+03 8.817078267187076213e-01 -2.643434901538867510e-01 1.754187783148502785e+04
1.014986773830612947e+04 1.903207935391130377e+04 8.882211615605174302e+03 1.048092211076027569e+00 -5.125153523683630835e-02 1.723355908938701032e+04
1.315993044331593410e+04 1.942540285633590975e+04 6.265472413019975647e+03 1.144431691955289487e+00 -2.010992276239328136e-01 1.629476307047812770e+04
1.536775051676670410e+04 2.095730834418352970e+04 5.589557827416825603e+03 1.522345285380655611e+00 1.656274538019865752e-02 1.604367007407980236e+04
2.253883211767328612e+04 2.549368827981124196e+04 2.954856162137955835e+03 1.211397897991650652e+00 -3.056600373852705679e-02 1.544870153688535720e+04
3.306900411031940894e+04 3.574297481989313383e+04 2.673970709573724889e+03 1.686867550924279646e+00 1.747877861174517433e-01 1.512416591548114593e+04
6.791616235797909030e+04 6.822136972671636613e+04 3.052073687372758286e+02 1.805067788891325575e+00 2.919692778641221342e-01 1.486050134686377351e+04
