4.513890003509589377e+01 3.100092547085234764e+04 3.095578657081725032e+04 nan nan 3.084032538294288315e+04
1.823928117867175160e+03 2.180825028744689916e+04 1.998432216957972560e+04 6.686094884011882788e-01 -5.893452393261679884e-02 2.151390389344540745e+04
1.899697182153868653e+03 2.454322457323980416e+04 2.264352739108593596e+04 7.287137927892963774e-01 -6.513420695021517048e-02 2.419575420721323462e+04
4.656175406690420459e+03 1.962615618018349414e+04 1.496998077349307277e+04 1.004230368750670399e+00 -1.556296401611463320e-01 1.919224575392580664e+04
6.151667207323242110e+03 2.056677057460305878e+04 1.441510336727981667e+04 5.638698432539587246e-01 -2.132572641790592138e-01 1.953913907164333432e+04
8.961013785763634587e+03 1.869453265263327557e+04 9.733518866869640988e+03 9.375322808918946649e-01 -2.192543037367472580e-01 1.758201661444733327e+04
1.022142735569388242e+04 1.908032561713909672e+04 8.858898261445214303e+03 1.291518086348099503e+00 -2.078963232174352027e-01 1.711915663995760769e+04
1.305660411141805707e+04 1.928093332040311725e+04 6.224329208985060177e+03 1.352805632372996003e+00 -1.255771501885597219e-01 1.635676930369518050e+04
1.550276209472947266e+04 2.092388788463821766e+04 5.421125789908744991e+03 1.500876849779522404e+00 1.647721877643545940e-02 1.589611080489097913e+04
2.268521231927508779e+04 2.566295817216950672e+04 2.977745852894418931e+03 1.496180697514969182e+00 -1.207650859148132021e-02 1.536057521298654683e+04
3.279464440916840249e+04 3.565178594859112491e+04 2.857141539422722417e+03 1.572511432903019646e+00 2.001058992730872857e-02 1.523800034201307244e+04
6.856494561166969652e+04 6.839158712795678002e+04 -1.733584837129164953e+02 1.835610312262212718e+00 1.646019762298755185e-01 1.489616981578783270e+04
