5.281759407405775875e+01 3.101605813715414115e+04 3.096324054308008272e+04 nan nan 3.099803437676566682e+04
1.823752735368277172e+03 2.177833945700125696e+04 1.995458672163297888e+04 4.033612189504816037e-01 -8.425054031628988194e-02 2.180540655184235948e+04
1.873824297311331293e+03 2.458725211722944005e+04 2.271342781991810989e+04 6.850064628907728270e-01 -1.578723900422956961e-01 2.410963475596295757e+04
4.675384888038349345e+03 1.958650150177667820e+04 1.491111661373832976e+04 9.742418371416822209e-01 -1.593735681065535925e-01 1.922027654067773983e+04
6.107344949662530780e+03 2.060838999304667959e+04 1.450104504338414881e+04 4.918024797179450514e-01 -1.879256716638163516e-01 1.981631868555106121e+04
8.776462170554246768e+03 1.876953433006094565e+04 9.993072159506698881e+03 8.942635388383921580e-01 -1.414043832353514274e-01 1.744808287502749226e+04
1.008041079478136817e+04 1.910885370723225060e+04 9.028442912450882432e+03 1.064318152116277671e+00 -2.020984757136732451e-02 1.728943320200280505e+04
1.286909976812332388e+04 1.933393149625254591e+04 6.464831728129222029e+03 1.122010380540405583e+00 -1.278556881104538079e-01 1.638666237386182547e+04
1.512796111317143186e+04 2.079692476375316255e+04 5.668963650581730690e+03 1.512279422259410699e+00 -2.304784480864127683e-02 1.608102093021654946e+04
2.243789228300681862e+04 2.537880616712543997e+04 2.940913884118621354e+03 1.388009107376049656e+00 1.432932364351793275e-01 1.547317324638470382e+04
3.219830641962196751e+04 3.513575582224026584e+04 2.937449402618298336e+03 1.883471753338054944e+00 9.541986624922220439e-02 1.515291858760875402e+04
7.415605196012540546e+04 7.426990107337488735e+04 1.138491132494818885e+02 1.948082839511855013e+00 4.448407861072049135e-02 1.482213867919213408e+04
