4.520157876884563564e+01 3.101476414333713910e+04 3.096956256456829215e+04 nan nan 3.088926028431904342e+04
1.826980907582630834e+03 2.181611819825778730e+04 1.998913729067515669e+04 5.005856768584394656e-01 -7.462699859930677082e-02 2.150697132309821973e+04
1.887652046813444031e+03 2.458117280988851053e+04 2.269352076307506650e+04 5.613725475696287326e-01 -1.002605855701413536e-02 2.423877965259296616e+04
4.684383254192686763e+03 1.955194714893796117e+04 1.486756389474527532e+04 1.025018487148124269e+00 -3.794073410475867769e-02 1.923684292782875127e+04
6.240030322186243211e+03 2.054674172632416230e+04 1.430671140413791909e+04 4.312331049890017476e-01 -2.473899915536511770e-02 1.957569126303550365e+04
8.869302029165057320e+03 1.873265756210943437e+04 9.863355532944377046e+03 8.945198679908973327e-01 -1.675260028448603278e-01 1.748445713749972856e+04
1.016205088304834499e+04 1.903761300921988368e+04 8.875562126171538694e+03 1.333879100569254517e+00 -3.398195507038961893e-01 1.718972284093125199e+04
1.320849315810752887e+04 1.931751309784601108e+04 6.109019939738482208e+03 1.120134335704598527e+00 -1.754805356697974605e-01 1.637964519656834455e+04
1.531479641369327510e+04 2.086572047184487019e+04 5.550924058151595091e+03 1.522335341374788653e+00 -1.400957456082696116e-03 1.586285680816618878e+04
2.191795479600394538e+04 2.513677692843470504e+04 3.218822132430759666e+03 1.363422037206601045e+00 1.793808130410064761e-01 1.552498235608039977e+04
3.188912273907153940e+04 3.505283971403071337e+04 3.163716974959173967e+03 2.111499486416184457e+00 1.339888684429121068e-01 1.520259118983338340e+04
6.944824776702359668e+04 6.961611558379756752e+04 1.678678167739708442e+02 1.860660547651301622e+00 1.532168007985912905e-01 1.480994253075369488e+04
