4.739342054358823475e+01 3.100251698580237280e+04 3.095512356525878567e+04 nan nan 3.093094675499851655e+04
1.830028595111039067e+03 2.176864387376618470e+04 1.993861527865514654e+04 5.901672926370348238e-01 4.140312212266370612e-02 2.168368095366239504e+04
1.893509524594673167e+03 2.454174559667070935e+04 2.264823607207603709e+04 7.087069479681890050e-01 -8.455743201599447145e-02 2.416656205673191653e+04
4.694936388372447254e+03 1.955601844306203566e+04 1.486108205468958840e+04 1.001585177401705495e+00 -1.780041758011794428e-01 1.913252831806587346e+04
6.182286331577476631e+03 2.057685298394493657e+04 1.439456665236745903e+04 4.977839328240348249e-01 -5.152445424128673096e-02 1.961506874620717645e+04
8.846578774250312563e+03 1.875865459393258789e+04 9.912075819682275323e+03 8.434031511839217288e-01 -2.225127256133186127e-01 1.743772451695215568e+04
1.008612866191045396e+04 1.906711236682886738e+04 8.980983704918413423e+03 9.819145269844767876e-01 -2.829091807421161772e-02 1.712274748023616485e+04
1.321091109553362003e+04 1.942262203362006039e+04 6.211710938086440365e+03 1.326239458382382663e+00 -1.054920662072338228e-01 1.625526508708125220e+04
1.527011618912326594e+04 2.090363623086874213e+04 5.633520041745476192e+03 1.290830761547162142e+00 5.749173549981379666e-02 1.597761327126600554e+04
2.241318770147458417e+04 2.549707816754371015e+04 3.083890466069125978e+03 1.488427573620177080e+00 -6.099601131997192671e-02 1.548146132132928687e+04
3.197565894982710961e+04 3.517327558091421815e+04 3.197616631087108544e+03 1.637328507186499360e+00 -2.263078807269042550e-02 1.512008437579269230e+04
7.269614497772193863e+04 7.269875939300531172e+04 2.614415283373091370e+00 2.187826326948202560e+00 1.167114650205576393e-01 1.493300541795949539e+04
