4.567664286405745599e+01 3.099570882814249489e+04 3.095003218527843637e+04 nan nan 3.100942430084474836e+04
1.803553664169593958e+03 2.182315814974637760e+04 2.001960448557678319e+04 4.782858452439116559e-01 -2.074343632906905099e-01 2.171186144260072615e+04
1.868271826522962783e+03 2.460474206534310360e+04 2.273647023882014037e+04 6.411959794683604885e-01 5.965322482875450028e-03 2.422003910972522135e+04
4.669376300026615354e+03 1.959168773904319823e+04 1.492231143901658288e+04 1.051157859315983378e+00 -1.561318231287924518e-01 1.916080327030995250e+04
6.207819527989469861e+03 2.052466928419192482e+04 1.431684975620245496e+04 4.946604054219492230e-01 -1.483432765148666455e-01 1.954781237411647089e+04
8.885037387551332358e+03 1.872452918498009603e+04 9.839491797428763675e+03 8.293865640264200811e-01 -2.462897503877019556e-01 1.745242461427185481e+04
1.012882919294215026e+04 1.910106163942668718e+04 8.972232446484536922e+03 7.886037082645819263e-01 -8.879410837349781260e-02 1.717054444575979505e+04
1.319578802898570211e+04 1.932788952095058630e+04 6.132101491964884190e+03 1.189242910525172503e+00 -8.957843329429844570e-02 1.656430093577913431e+04
1.533619679441683547e+04 2.083399962193827378e+04 5.497802827521438303e+03 1.467346715961505010e+00 -5.218969383912180904e-02 1.600853823417150670e+04
2.190341917220595860e+04 2.500061562728446734e+04 3.097196455078508734e+03 1.354812648030354616e+00 -4.866009265226307196e-02 1.543790788805309239e+04
3.131776878257383214e+04 3.464323705921002693e+04 3.325468276636194787e+03 2.256204281423782376e+00 -7.582352900025163440e-03 1.514069103397803337e+04
7.025637523208047787e+04 7.024593256522816955e+04 -1.044266685230832081e+01 1.742129423748478345e+00 1.261257595340326831e-01 1.497476718314328900e+04
