4.753478842753559519e+01 3.100099566667170438e+04 3.095346087824416827e+04 nan nan 3.093267379194920068e+04
1.828723113135647509e+03 2.177985010439494363e+04 1.995112699125929794e+04 5.508324432149039884e-01 1.236203412632216475e-01 2.165470835167125551e+04
1.882040845295690360e+03 2.457795545122009571e+04 2.269591460592440490e+04 8.040674611212684786e-01 -9.042596040091809007e-02 2.420131096875685398e+04
4.680122512644737071e+03 1.958344928202503070e+04 1.490332676938029363e+04 9.936230717525310618e-01 -1.653279162129331903e-01 1.917593947666004169e+04
6.068556267206578923e+03 2.062265572960668214e+04 1.455409946240010322e+04 5.315904406335797416e-01 -1.648079346173597914e-01 1.982142090175365593e+04
8.989478691662936399e+03 1.874629409648854926e+04 9.756815404825612859e+03 8.501729304599850989e-01 -1.937990466729083983e-01 1.739178169735411211e+04
1.011940232119247958e+04 1.912442127184658966e+04 9.005018950654110085e+03 1.078976637495558943e+00 -6.800265504168923059e-02 1.727629257753942147e+04
1.313624873413103160e+04 1.931881693005059788e+04 6.182568195919566278e+03 1.515613139145638000e+00 -5.441906945984762572e-02 1.622179199337811406e+04
1.561868973383324737e+04 2.098380341414485520e+04 5.365113680311607823e+03 1.481174320020166801e+00 4.996877591873576455e-03 1.596997587341615872e+04
2.255122494501125038e+04 2.540492711116615828e+04 2.853702166154907900e+03 1.462133585376740319e+00 -1.204928723039583177e-01 1.546480295954616668e+04
3.288565866298227775e+04 3.607845333911470516e+04 3.192794676132427412e+03 2.057618126603516284e+00 1.047223184020291131e-01 1.502015679792958690e+04
7.213055724794548587e+04 7.221332491294443025e+04 8.276766499894438311e+01 1.876115904298239156e+00 1.232724950785534235e-01 1.490205077449354940e+04
