4.880413464837093329e+01 3.102573492299103600e+04 3.097693078834266635e+04 nan nan 3.074326862225517834e+04
1.822524320249694028e+03 2.177690768113580270e+04 1.995438336088610959e+04 4.642658094198113261e-01 -8.386045562618156535e-02 2.161257135706446206e+04
1.889771633551277773e+03 2.458048858850043325e+04 2.269071695494915548e+04 6.929836617320915826e-01 -1.237520437538773138e-01 2.398578767143581717e+04
4.651996136126273996e+03 1.961260721397750967e+04 1.496061107785123568e+04 1.059130867353709649e+00 -6.034722622907499195e-02 1.902100181399437861e+04
6.146440645544120343e+03 2.059742536091396323e+04 1.445098471536984289e+04 5.021448167517769123e-01 -2.040608368059352584e-01 1.961866424251433637e+04
8.889978568811418882e+03 1.876493679909200364e+04 9.874958230280584758e+03 9.534809503701643374e-01 -2.338105559383879262e-01 1.747637404285290904e+04
1.017231874270691515e+04 1.910565357719802705e+04 8.933334834491111906e+03 1.264913580314665165e+00 -1.232151517844813499e-01 1.725795707065667011e+04
1.320858715908149134e+04 1.930204714454857458e+04 6.093459985467083243e+03 1.127476006320090596e+00 -1.110258728630873354e-01 1.648752996286878260e+04
1.527427685852961986e+04 2.080135315148445079e+04 5.527076292954830933e+03 1.393494447517468204e+00 -6.151421919667196536e-02 1.591262510965777801e+04
2.202440244048223030e+04 2.493323159838248466e+04 2.908829157900254359e+03 1.301990256850734218e+00 1.055828299439781799e-02 1.551422125562518158e+04
3.264302775047537580e+04 3.559272127895170706e+04 2.949693528476331267e+03 2.066692790223186638e+00 1.731144421575135303e-02 1.497697128619492469e+04
7.105198286033653130e+04 7.102840806778011029e+04 -2.357479255642101634e+01 1.674052282957112725e+00 1.098232343849495085e-01 1.487062657986714476e+04
