4.460889890664732604e+01 3.100688152308262943e+04 3.096227262417598104e+04 nan nan 3.093065482346995850e+04
1.824470209886850625e+03 2.177852859036901646e+04 1.995405838048216538e+04 4.342476570570836247e-01 -1.672892250172356710e-01 2.155207917557665132e+04
1.895128247173945056e+03 2.453567804472072385e+04 2.264054979754678061e+04 6.465121463481607877e-01 -1.042902126896646936e-01 2.429311833802218462e+04
4.637400201507246493e+03 1.964937666977024128e+04 1.501197646826299388e+04 1.018495965471904796e+00 -9.678333124725946313e-02 1.934354859172955184e+04
6.165478661901483065e+03 2.056632647634310706e+04 1.440084781444162400e+04 5.878381900668193660e-01 -8.393615461846347381e-02 1.967758512469988636e+04
8.891923050239114673e+03 1.875242475902273509e+04 9.860501708783620415e+03 9.923550786277207658e-01 -1.434439629131274430e-01 1.743764132333150701e+04
1.021854083975509093e+04 1.905253825156335733e+04 8.833997411808266406e+03 8.897211323719155240e-01 -4.203122827758967728e-02 1.704849044939037049e+04
1.310063603377961954e+04 1.930768138172046019e+04 6.207045347940840657e+03 1.325612903509744589e+00 -2.715590197849071519e-02 1.647473177134825164e+04
1.534690031409774201e+04 2.091837454735478968e+04 5.571474233257047672e+03 1.531707619810153576e+00 -3.158042728758530399e-02 1.608935033366394782e+04
2.228327283995669131e+04 2.525754529938188352e+04 2.974272459425192210e+03 1.513811475989411237e+00 9.555866557134608252e-02 1.538864035351516759e+04
3.351191208593808551e+04 3.642725198969131452e+04 2.915339903753229009e+03 1.552444346144197240e+00 1.619290241263613706e-01 1.514984474431782292e+04
6.867344876423408277e+04 6.871146744203413255e+04 3.801867780004977249e+01 1.659304523530686248e+00 6.549406302718895068e-02 1.498903699435000271e+04
