4.873347895365181159e+01 3.098373195714204485e+04 3.093499847818839407e+04 nan nan 3.100021148211123727e+04
1.821762355983454654e+03 2.181561976276562200e+04 1.999385740678216825e+04 8.372599683167022411e-01 -9.847939238662202499e-02 2.161055846751774152e+04
1.870695756851293027e+03 2.462229666223485037e+04 2.275160090538355871e+04 8.481214330011010993e-01 -6.642079250500999843e-02 2.409065368339042107e+04
4.685938746550988981e+03 1.959225191427832760e+04 1.490631316772733771e+04 1.017740096522254056e+00 -1.316296539551133071e-01 1.904548872985210255e+04
6.082583152244098528e+03 2.063012039220280712e+04 1.454753723995870860e+04 7.689502476962649657e-01 -2.570096233424674914e-02 1.981898311027790623e+04
8.783108956297977784e+03 1.875199227514044833e+04 9.968883318842470544e+03 9.003697692669657693e-01 -1.427584029920886677e-01 1.757543919580547663e+04
1.013298753071294050e+04 1.906104317152786825e+04 8.928055640814927756e+03 8.754764989532359820e-01 -2.134188890009673101e-01 1.719732260416576901e+04
1.321300409003696041e+04 1.934524743066509109e+04 6.132243340628130682e+03 1.306459627251290945e+00 -1.229228833587248798e-01 1.620908141995698134e+04
1.532509660569424159e+04 2.084979824358857513e+04 5.524701637894333544e+03 1.631210621478595302e+00 8.495005660333293518e-02 1.599942272977323046e+04
2.307854049671916800e+04 2.571722565911119818e+04 2.638685162392030179e+03 1.989201236588005628e+00 4.884578629013738155e-02 1.544878199610297997e+04
3.349367340401561523e+04 3.622323971623823309e+04 2.729566312222617853e+03 1.465197365061830403e+00 8.288245792358496511e-02 1.512581849110242365e+04
7.664293605893419590e+04 7.667632352121445001e+04 3.338746228025411256e+01 1.808950987561772861e+00 1.630144648342957969e-01 1.487707915751027758e+04
